nu,[0]CFC-113-PNNL(x-sec)-X=0.01-T=278.15K-P=1.0atm-L=15cm
620,0.9903902713998899
620.119202,0.9890306074120782
620.238404,0.9893728712104652
620.357606,0.9871038769004061
620.476808,0.9856785418508696
620.59601,0.9895084245790149
620.715212,0.9868354211575254
620.834414,0.9867801599212697
620.953616,0.9848400862252241
621.072818,0.9857781004112192
621.19202,0.9814668899166904
621.311222,0.9831338532472204
621.430424,0.9834494898710805
621.549626,0.980963526525912
621.668828,0.9813029986313775
621.78803,0.97892817972067
621.907232,0.9785308155500884
622.026434,0.9799850132857629
622.145636,0.9782206704421558
622.264838,0.9789878961609658
622.38404,0.9770533719775097
622.503242,0.9751275461265266
622.622444,0.9742941683943372
622.741646,0.9723971183359299
622.860848,0.9746868880719001
622.98005,0.9667870741181446
623.099252,0.9680079296034606
623.218454,0.9686809289547199
623.337656,0.9665570061736758
623.456858,0.9638525042190818
623.57606,0.9646721271380604
623.695262,0.965196086345147
623.814464,0.9615497242518082
623.933666,0.9574765970014343
624.052868,0.9554880709453443
624.17207,0.9580167661155145
624.291272,0.9556543403347062
624.410474,0.9554412531769126
624.529676,0.9508062215764456
624.648878,0.953818382877108
624.76808,0.9487565940937575
624.887282,0.9482434555928327
625.006484,0.946515435962824
625.125686,0.9462901920941484
625.244888,0.9436839194463987
625.36409,0.9429773648284693
625.483292,0.9431225945250525
625.602494,0.9409370862755969
625.721696,0.9407752590143009
625.840898,0.9397334572920492
625.9601,0.9391002903430655
626.079302,0.9373589366802632
626.198504,0.9326651859893911
626.317706,0.9340381460425282
626.436908,0.9346267754733368
626.55611,0.933702886530782
626.675312,0.9297300535219912
626.794514,0.9278845140563107
626.913716,0.9293842582639867
627.032918,0.9280599008029927
627.15212,0.9289800640302613
627.271322,0.9284804071755589
627.390524,0.9280097869214363
627.509726,0.9279902989205357
627.628928,0.9275023043771198
627.74813,0.9275245646995477
627.867332,0.926588237813874
627.986534,0.926430731201887
628.105736,0.9252512099649014
628.224938,0.9259546681647309
628.34414,0.9268783053255072
628.463342,0.9256861802435934
628.582544,0.9251808935450019
628.701746,0.9257620896226153
628.820948,0.9259435567753814
628.94015,0.9256380458137267
629.059352,0.9266151092624048
629.178554,0.9279819470454289
629.297756,0.9283671394753537
629.416958,0.9291296418612626
629.53616,0.9280524763534842
629.655362,0.9258972607549528
629.774564,0.9279531800509613
629.893766,0.9234164079565754
630.012968,0.9259972630591415
630.13217,0.9256361945394863
630.251372,0.9206337383978476
630.370574,0.9185921984464108
630.489776,0.9136753203621112
630.608978,0.9167284309878843
630.72818,0.910946600314019
630.847382,0.9050093534787362
630.966584,0.9045479163849226
631.085786,0.9018563759811266
631.204988,0.892909541990196
631.32419,0.8862023220391242
631.443392,0.8852368877653667
631.562594,0.8797126138655034
631.681796,0.8754475829820209
631.800998,0.862517362365839
631.9202,0.8564408703243287
632.039402,0.8456413038554412
632.158604,0.8323269055561772
632.277806,0.8273478960882633
632.397008,0.8361058993970355
632.51621,0.833001363468256
632.635412,0.8438588818208461
632.754614,0.842257072146455
632.873816,0.8377881623627282
632.993018,0.837737896580975
633.11222,0.8228099733865486
633.231422,0.8290788614197734
633.350624,0.852365375156299
633.469826,0.8631558614295064
633.589028,0.8723016377822652
633.70823,0.8841575572877572
633.827432,0.8972506719996054
633.946634,0.9024157003068588
634.065836,0.9080970707341629
634.185038,0.9155392894043056
634.30424,0.916295837268607
634.423442,0.9206282146119885
634.542644,0.9239576885513627
634.661846,0.9240962925996892
634.781048,0.9237285754558001
634.90025,0.9238662212679014
635.019452,0.9229732744413081
635.138654,0.923733194110224
635.257856,0.9249783011139965
635.377058,0.9215612835129984
635.49626,0.9186996800211786
635.615462,0.9207515870585159
635.734664,0.9208584004376709
635.853866,0.9165863490927125
635.973068,0.9154999220612652
636.09227,0.9183928855655776
636.211472,0.916305916578253
636.330674,0.913509046585178
636.449876,0.9115443773332501
636.569078,0.9082296625854597
636.68828,0.9081424767228399
636.807482,0.9095302695949905
636.926684,0.9081978751035534
637.045886,0.904394156309114
637.165088,0.9081688132365424
637.28429,0.9052084774393341
637.403492,0.9055018125037387
637.522694,0.9016489728669234
637.641896,0.9018563759811266
637.761098,0.903002461188686
637.8803,0.9032192077879228
637.999502,0.9009729896626615
638.118704,0.9018834320782454
638.237906,0.9024066761949764
638.357108,0.9035715319777113
638.47631,0.9029392532287072
638.595512,0.9051224867186013
638.714714,0.905893073793094
638.833916,0.9058677091421345
638.953118,0.9061222937358637
639.07232,0.906322568892369
639.191522,0.9084712838099056
639.310724,0.9078655355031223
639.429926,0.9098204560332674
639.549128,0.9088092979942232
639.66833,0.9125339397231751
639.787532,0.9122602206011794
639.906734,0.9162142905679721
640.025936,0.9144531889958986
640.145138,0.9161254220919778
640.26434,0.9170420057295066
640.383542,0.9148172138012499
640.502744,0.9185343289608167
640.621946,0.9215069130012169
640.741148,0.9213180234458926
640.86035,0.9215953819113047
640.979552,0.9232760593293319
641.098754,0.9223707696323274
641.217956,0.9210914070870799
641.337158,0.9228311475010994
641.45636,0.9263584724229822
641.575562,0.925668592373254
641.694764,0.9260583808953698
641.813966,0.9299885544068285
641.933168,0.9277379198843343
642.05237,0.9288277237920014
642.171572,0.9325486101272855
642.290774,0.9293015467457184
642.409976,0.9289912118579166
642.529178,0.930254569171687
642.64838,0.9298797521110214
642.767582,0.9285184756526516
642.886784,0.9287589930835084
643.005986,0.9284841211046154
643.125188,0.9272361494108281
643.24439,0.9268671828525782
643.363592,0.926830108906748
643.482794,0.9232566707356669
643.601996,0.9231154232707509
643.721198,0.923155118087384
643.8404,0.9204137332260357
643.959602,0.919994120242716
644.078804,0.9168421123614263
644.198006,0.915398307209645
644.317208,0.9150203257673079
644.43641,0.9128853329288202
644.555612,0.9117841450325592
644.674814,0.9088047539590933
644.794016,0.9086857083339834
644.913218,0.9055126785906852
645.03242,0.9031017969227819
645.151622,0.8998204819981542
645.270824,0.8993257168059553
645.390026,0.8952341274509531
645.509228,0.8948582080660206
645.62843,0.8917049274063041
645.747632,0.8890071506720167
645.866834,0.8901369069967877
645.986036,0.8843874681397677
646.105238,0.8828764578512408
646.22444,0.8799589678853389
646.343642,0.8762007917367272
646.462844,0.8730783318174687
646.582046,0.8710638484949982
646.701248,0.870019198791984
646.82045,0.8662861480482846
646.939652,0.8650655453066927
647.058854,0.8618707168664383
647.178056,0.8603551584873431
647.297258,0.8615260375201568
647.41646,0.858095397309016
647.535662,0.8536448826097158
647.654864,0.8545502259324729
647.774066,0.851189922187676
647.893268,0.8483941089782544
648.01247,0.8476054692312283
648.131672,0.8457597019256525
648.250874,0.8427962892036818
648.370076,0.8421644289639872
648.489278,0.8433695855790168
648.60848,0.8426530260122334
648.727682,0.8401624609100328
648.846884,0.8382323077769185
648.966086,0.8395997405935794
649.085288,0.8369089464613735
649.20449,0.834268488311645
649.323692,0.8367750517418029
649.442894,0.8355041198161156
649.562096,0.8351616333415159
649.681298,0.8348276354922026
649.8005,0.8318110228149076
649.919702,0.8313370256339331
650.038904,0.8304562752669232
650.158106,0.830315109699541
650.277308,0.8301158579843755
650.39651,0.8276126897797426
650.515712,0.8268020266335802
650.634914,0.8254471825856861
650.754116,0.8246633801273459
650.873318,0.8228182015274231
650.99252,0.8203124292579707
651.111722,0.8192057546519077
651.230924,0.8167599876892242
651.350126,0.811939052609633
651.469328,0.8110383002712688
651.58853,0.8075179459868144
651.707732,0.8039807121131103
651.826934,0.8000668438437744
651.946136,0.7975346476003174
652.065338,0.7944620976968733
652.18454,0.7888019528296168
652.303742,0.7859595114734641
652.422944,0.782375871360683
652.542146,0.7802741084052782
652.661348,0.7763591839293127
652.78055,0.772649315666078
652.899752,0.7691648216482129
653.018954,0.7650378264791953
653.138156,0.7622962647299344
653.257358,0.7597544424119698
653.37656,0.7589874778074573
653.495762,0.7562373477688846
653.614964,0.7528268684466902
653.734166,0.75491508972353
653.853368,0.7551113931651998
653.97257,0.748158818011745
654.091772,0.7518864227621386
654.210974,0.7515857283359282
654.330176,0.7500465557837366
654.449378,0.7596708740196503
654.56858,0.7532259724401829
654.687782,0.7716223751430695
654.806984,0.7873125250913469
654.926186,0.789338520569897
655.045388,0.7889518394394315
655.16459,0.791472614305517
655.283792,0.7909345958747873
655.402994,0.7914013849755974
655.522196,0.7937394660352427
655.641398,0.7965144563131029
655.7606,0.796100376465911
655.879802,0.800186862871553
655.999004,0.8018369468120025
656.118206,0.8045517411100165
656.237408,0.8071707879143747
656.35661,0.808641176396021
656.475812,0.8093450003385068
656.595014,0.8102276673550084
656.714216,0.8133693236115069
656.833418,0.8124669845531232
656.95262,0.8119958903326127
657.071822,0.8129302227446609
657.191024,0.8137354221731306
657.310226,0.8122557705961436
657.429428,0.8117036244231132
657.54863,0.8104545628657569
657.667832,0.8104788768673511
657.787034,0.8101142434214392
657.906236,0.8096768998233906
658.025438,0.8086977832595857
658.14464,0.8079541234349591
658.263842,0.8079622030165913
658.383044,0.8079541234349591
658.502246,0.8091265066863857
658.621448,0.80789756862576
658.74065,0.8077440826693487
658.859852,0.808172300500865
658.979054,0.8085926593809621
659.098256,0.8107869173645483
659.217458,0.8105923518531761
659.33666,0.8114520352978711
659.455862,0.8132961236664288
659.575064,0.8146391699789827
659.694266,0.8153645215738444
659.813468,0.8173155733585719
659.93267,0.8201073767832835
660.051872,0.8235508357006296
660.171074,0.8252986154642626
660.290276,0.8271907149206903
660.409478,0.831046108588414
660.52868,0.8326099448180142
660.647882,0.8357715239168311
660.767084,0.8399104499752901
660.886286,0.8422823402376388
661.005488,0.843749187296508
661.12469,0.8490900774556949
661.243892,0.8515304662608252
661.363094,0.855867247126441
661.482296,0.8586962743695676
661.601498,0.86205172872256
661.7207,0.866034961489162
661.839902,0.8708199847599357
661.959104,0.8738295021397733
662.078306,0.8780603078057915
662.197508,0.8823821854440351
662.31671,0.8833180064581192
662.435912,0.8860782623984161
662.555114,0.8906978699329667
662.674316,0.8935079918416426
662.793518,0.8969815371702484
662.91272,0.9002885103256122
663.031922,0.904556961909314
663.151124,0.9069300084830665
663.270326,0.9109438674783172
663.389528,0.911412212980684
663.50873,0.9163031676646267
663.627932,0.9192988675264527
663.747134,0.9208445876652603
663.866336,0.9250310263798157
663.985538,0.9260926456893578
664.10474,0.9302238712774223
664.223942,0.9302638717638916
664.343144,0.933959690133455
664.462346,0.9359558241867562
664.581548,0.9365175661870161
664.70075,0.93849664294981
664.819952,0.9411252925128485
664.939154,0.9443938366492356
665.058356,0.9446195737507039
665.177558,0.9480870083299141
665.29676,0.9495529348944546
665.415962,0.950367050558394
665.535164,0.9528202576399768
665.654366,0.953063257786877
665.773568,0.9563283141925119
665.89277,0.956246073493892
666.011972,0.958002395971799
666.131174,0.9611286576928939
666.250376,0.961664155477517
666.369578,0.9621730103960241
666.48878,0.9641937684057725
666.607982,0.965413279897933
666.727184,0.9658922436579556
666.846386,0.9672918687107606
666.965588,0.9682596443866612
667.08479,0.9698857479893153
667.203992,0.9693737834849
667.323194,0.9710289466122357
667.442396,0.9707852489319744
667.561598,0.9719382551962953
667.6808,0.973624084541759
667.800002,0.975335270415703
667.919204,0.9748009331093092
668.038406,0.9773133027437151
668.157608,0.9764721981375464
668.27681,0.9795294261867946
668.396012,0.9780406943970983
668.515214,0.9805476861550535
668.634416,0.9819322154959609
668.753618,0.9802359215640534
668.87282,0.9824979713741374
668.992022,0.9822445195942084
669.111224,0.9831171401137772
669.230426,0.9835753794625459
669.349628,0.9828084897924179
669.46883,0.9836353793906724
669.588032,0.9847022182641351
669.707234,0.9856943128337068
669.826436,0.9855405565142095
669.945638,0.9855977195241985
670.06484,0.987756568253765
670.184042,0.9871512590236592
670.303244,0.9874918849626183
670.422446,0.9874790476515565
670.541648,0.9871453361338738
670.66085,0.9871068382164788
670.780052,0.9876439704231824
670.899254,0.9882564995492525
671.018456,0.9895361312027939
671.137658,0.9890780820206154
671.25686,0.9890474210753198
671.376062,0.9900082525293623
671.495264,0.9902970800600724
671.614466,0.9909033273658227
671.733668,0.9910012334510473
671.85287,0.9921301308582423
671.972072,0.9915954176495922
672.091274,0.9919491828253361
672.210476,0.9902547952775405
672.329678,0.9918944287416707
672.44888,0.991592839504858
672.568082,0.9934834255680849
672.687284,0.9927913081651273
672.806486,0.9927375996081851
672.925688,0.9928743089878759
673.04489,0.9925181295882165
673.164092,0.991430429899457
673.283294,0.9931202744157728
673.402496,0.993268359688171
673.521698,0.9930691300386194
673.6409,0.993872947412201
673.760102,0.9938906385081153
673.879304,0.9949628293087455
673.998506,0.9940588190318219
674.117708,0.9930230526999881
674.23691,0.9940936116993562
674.356112,0.9945782510227074
674.475314,0.9936903897201989
674.594516,0.994613957022838
674.713718,0.9943033875820021
674.83292,0.9963295526204723
674.952122,0.9949510888166287
675.071324,0.9940152802090555
675.190526,0.9955565016816104
675.309728,0.9943128335090522
675.42893,0.99564789796349
675.548132,0.9952279227153473
675.667334,0.996177524330796
675.786536,0.994932980871595
675.905738,0.994841351763642
676.02494,0.9963748866464578
676.144142,0.9961173570253973
676.263344,0.9950922823935792
676.382546,0.9958958451582275
676.501748,0.9964104578648536
676.62095,0.997023339066409
676.740152,0.9968912422255918
676.859354,0.997529257321633
676.978556,0.9960020133139835
677.097758,0.996286711370803
677.21696,0.9968000308499122
677.336162,0.9966968673855207
677.455364,0.9967972398137332
677.574566,0.9974524505259188
677.693768,0.9972201709002037
677.81297,0.99761315305994
677.932172,0.9975201798466939
678.051374,0.9984500024888727
678.170576,0.9965078119222552
678.289778,0.9984515001649997
678.40898,0.9971549548336154
678.528182,0.9972186750710692
678.647384,0.9978840418024786
678.766586,0.9976294142868636
678.885788,0.9974868632290776
679.00499,0.9970552443237406
679.124192,0.9971004119493475
679.243394,0.9980476084008466
679.362596,0.9976273192672933
679.481798,0.9984186516510053
679.601,0.9975532980664242
679.720202,0.9978466218525395
679.839404,0.9980484068392528
679.958606,0.9985301812432065
680.077808,0.9970237378758244
680.19701,0.9991658880649237
680.316212,0.9986786737212995
680.435414,0.997639390630888
680.554616,0.9988576529756925
680.673818,0.9981043989254398
680.79302,0.9972664429896376
680.912222,0.9976817912059958
681.031424,0.9974365911580377
681.150626,0.9976655291253353
681.269828,0.9975026236460236
681.38903,0.9983881005076997
681.508232,0.9978428300425809
681.627434,0.9982002215471488
681.746636,0.9973922062173034
681.865838,0.9975110027032542
681.98504,0.9973256823757435
682.104242,0.9978562012260902
682.223444,0.9977028425138806
682.342646,0.9976433811964317
682.461848,0.9981111860584286
682.58105,0.9984290352589772
682.700252,0.9977083298946048
682.819454,0.998727110811565
682.938656,0.9966317852050367
683.057858,0.9988846224964097
683.17706,0.9987320045863977
683.296262,0.9984157562411139
683.415464,0.9989674334640819
683.534666,0.9992626219968777
683.653868,0.9988542568654458
683.77307,0.9984054726117854
683.892272,0.9987727536834606
684.011474,0.9977966309890662
684.130676,0.998917786016388
684.249878,0.9994981259809184
684.36908,0.9985703229633356
684.488282,0.9986652915167326
684.607484,0.9985410652814999
684.726686,0.998757872080299
684.845888,0.9997704863422903
684.96509,0.9987289085219823
685.084292,0.9992802791234086
685.203494,0.9994276738411327
685.322696,0.9991643993088596
685.441898,0.9984478059012835
685.5611,0.9990415595976905
685.680302,0.9984440118068298
685.799504,0.9981975264101891
685.918706,0.9988283868752108
686.037908,1.0006408352472254
686.15711,0.9994347797971554
686.276312,0.9990796238062297
686.395514,1.0000075737286804
686.514716,0.999183373620963
686.633918,0.9987289085219823
686.75312,0.9988193974601814
686.872322,0.9996979856155288
686.991524,0.9992524195775905
687.110726,0.9997436028753623
687.229928,0.999286684530527
687.34913,0.99945410905271
687.468332,1.0001026952727985
687.587534,0.9990330877611858
687.706736,0.9998286046898547
687.825938,0.999232344798133
687.94514,0.9994953373850369
688.064342,0.9995474824169797
688.183544,0.9998094881496877
688.302746,1.0001265780103203
688.421948,1.0002938531663854
688.54115,0.9992402187800334
688.660352,0.9993061608178043
688.779554,1.0009815313869599
688.898756,0.9985130066717909
689.017958,0.9990713914240471
689.13716,1.0001365093165488
689.256362,0.9999384408948395
689.375564,0.9987602691020684
689.494766,0.9984142586186027
689.613968,0.9994880610854665
689.73317,1.0000964576517402
689.852372,1.0003663670960372
689.971574,1.000688376822649
690.090776,1.0006400047156767
690.209978,1.0013033486215281
690.32918,1.0014881061327052
690.448382,1.000334485927947
690.567584,0.9985961862696288
690.686786,0.9986698853876395
690.805988,0.9994206279008692
690.92519,1.00028989201057
691.044392,0.9998357034981488
691.163594,1.0001450505188094
691.282796,1.0006277269381432
691.401998,0.9998412526017019
691.5212,1.0001730849774766
691.640402,0.99989693531153
691.759604,0.9996484418110673
691.878806,1.000016196131156
691.998008,0.9992488222753552
692.11721,1.0002026505308452
692.236412,1.0006078946931334
692.355614,1.0006190315209778
692.474816,1.0007480296347258
692.594018,1.0004735220761993
692.71322,1.0000807992640848
692.832422,1.00019826965283
692.951624,1.0005123111865724
693.070826,1.0000680043121883
693.190028,1.00058273972686
693.30923,1.0001965093054244
693.428432,0.9995055322894721
693.547634,0.9998574801569179
693.666836,1.0007639516625368
693.786038,0.9996482918638123
693.90524,1.000426981130503
694.024442,0.9999959189083277
694.143644,1.0000000235240003
694.262846,1.0011558675005274
694.382048,1.0009825223591666
694.50125,1.0003462299237489
694.620452,0.9997245379466402
694.739654,0.9999122838472867
694.858856,1.0006423262031805
694.978058,1.0000754218440844
695.09726,1.00064625873525
695.216462,0.9997976704713805
695.335664,0.9989814191060497
695.454866,1.000311388471328
695.574068,0.9994235961845419
695.69327,1.0004570043947036
695.812472,0.9993554678001724
695.931674,0.999705443390319
696.050876,0.9982375549335647
696.170078,0.999692677233319
696.28928,0.9995855359139789
696.408482,0.9995026337276315
696.527684,0.999253798546881
696.646886,0.9996193224760825
696.766088,0.9994330907538048
696.88529,0.9997764649876747
697.004492,0.9997991201790537
697.123694,0.9991652785739178
697.242896,0.9997998800266737
697.362098,0.999259474324576
697.4813,0.998992108264421
697.600502,0.9997442327140306
697.719704,1.0002217245772613
697.838906,0.9991558964560011
697.958108,0.9995625057285402
698.07731,0.9997087924091639
698.196512,0.9990107696112999
698.315714,0.9987612678628369
698.434916,0.9987797451172065
698.554118,0.9998892961281259
698.67332,0.9991337753893347
698.792522,0.9987864369639163
698.911724,0.9993329625684474
699.030926,0.9990971278345737
699.150128,0.9992860150086728
699.26933,0.9994432150622936
699.388532,0.9988799277497167
699.507734,0.9985911933011798
699.626936,0.9988223939228684
699.746138,0.998619254107964
699.86534,0.998839174280041
699.984542,0.9983954886069794
700.103744,0.9987189212828333
700.222946,0.9981382352380855
700.342148,0.9984913391746393
700.46135,0.9982022179495883
700.580552,0.9986169572863209
700.699754,0.9981556029944778
700.818956,0.9991186586096718
700.938158,0.9989119923100309
701.05736,0.9969324146841011
701.176562,0.9980058908827177
701.295764,0.9975735486039172
701.414966,0.9984708703119928
701.534168,0.9983858042177092
701.65337,0.9985918923152598
701.772572,0.9972854909606063
701.891774,0.9971799837370932
702.010976,0.9976299131016955
702.130178,0.9975242696878155
702.24938,0.9973834292045076
702.368582,0.9964680520537742
702.487784,0.997580032853057
702.606986,0.9979137791900092
702.726188,0.9985948880954304
702.84539,0.998016869007897
702.964592,0.9969001145971296
703.083794,0.9967933523120787
703.202996,0.9971587440296432
703.322198,0.9973886156118241
703.4414,0.997020048894819
703.560602,0.997325482910627
703.679804,0.9970104775482921
703.799006,0.9974673126781544
703.918208,0.9972148856473038
704.03741,0.9967790982690572
704.156612,0.9962969731767785
704.275814,0.9964879816141102
704.395016,0.9969563413491723
704.514218,0.9972520824562546
704.63342,0.9964064722309933
704.752622,0.9970277259787522
704.871824,0.9966688605970443
704.991026,0.9961143686778087
705.110228,0.9960116745803698
705.22943,0.9968598406460392
705.348632,0.9965492675095015
705.467834,0.9967568703430081
705.587036,0.9956230070771782
705.706238,0.9968084040053385
705.82544,0.9962644944248594
705.944642,0.9966352734223892
706.063844,0.9956090684526497
706.183046,0.995974324842885
706.302248,0.9956758760625132
706.42145,0.9962777448307503
706.540652,0.9956809540224298
706.659854,0.9962972720659152
706.779056,0.9951528853589184
706.898258,0.9947380925905727
707.01746,0.9954133509494529
707.136662,0.9948603534149258
707.255864,0.9948291152902697
707.375066,0.9950721817324921
707.494268,0.9953653731822106
707.61347,0.9943285437759324
707.732672,0.9955692448863882
707.851874,0.9947151144060329
707.971076,0.9956601445079509
708.090278,0.9951388538021576
708.20948,0.9952835575112052
708.328682,0.9949666101746805
708.447884,0.9952896287594233
708.567086,0.9941994883068315
708.686288,0.9943118391967158
708.80549,0.9946025190281007
708.924692,0.9948763707955554
709.043894,0.994758584406345
709.163096,0.9951041240621974
709.282298,0.9950499918702574
709.4015,0.9940622982437771
709.520702,0.9947458515779549
709.639904,0.9949904896598774
709.759106,0.9946683638943015
709.878308,0.9949768583835435
709.99751,0.9940216419272063
710.116712,0.9939174739176314
710.235914,0.9945355845309413
710.355116,0.9942161909985372
710.474318,0.9947483384456924
710.59352,0.994708947191442
710.712722,0.9951526863283613
710.831924,0.9933645127191204
710.951126,0.9958448565962738
711.070328,0.9941419258229085
711.18953,0.9949611378733734
711.308732,0.995103029448263
711.427934,0.9964673545263819
711.547136,0.996000120911956
711.666338,0.9952406617142875
711.78554,0.9943320239319259
711.904742,0.99497894783714
712.023944,0.99525469470655
712.143146,0.99500342462032
712.262348,0.994412170322911
712.38155,0.9949216387002636
712.500752,0.995145521254814
712.619954,0.9941263179171954
712.739156,0.9932856427079914
712.858358,0.9932161151464949
712.97756,0.9936491524247052
713.096762,0.9913758035877381
713.215964,0.991126603036538
713.335166,0.9909816118208797
713.454368,0.9897063460554185
713.57357,0.9890167610804989
713.692772,0.9865108057061344
713.811974,0.9869765487131307
713.931176,0.9878355919401306
714.050378,0.9889683004465012
714.16958,0.9895133721335067
714.288782,0.9905702416620065
714.407984,0.991576478357986
714.527186,0.9926512351939256
714.646388,0.9920813192565794
714.76559,0.9937099656136982
714.884792,0.9934669338801019
715.003994,0.9932704455539164
715.123196,0.9944818810593834
715.242398,0.9942313031994928
715.3616,0.9940176658485907
715.480802,0.9936437867337695
715.600004,0.9943678205291223
715.719206,0.9942282210872302
715.838408,0.994236672063026
715.95761,0.9943366973034208
716.076812,0.99446726228318
716.196014,0.9949822312730856
716.315216,0.9937393798640092
716.434418,0.9949473080096748
716.55362,0.9939809872734449
716.672822,0.9939011738047204
716.792024,0.9940281030888776
716.911226,0.9947382915382111
717.030428,0.993999674291663
717.14963,0.9931376541726475
717.268832,0.9931715207440766
717.388034,0.9930329829801665
717.507236,0.9927668857993427
717.626438,0.9925631909341845
717.74564,0.9929562244973357
717.864842,0.9924000269580413
717.984044,0.9926151033465682
718.103246,0.9920166376632067
718.222448,0.9922201211421089
718.34165,0.992178746425726
718.460852,0.9917509120015183
718.580054,0.9925646797800877
718.699256,0.9924620538980479
718.818458,0.9918211304517919
718.93766,0.9919911431632245
719.056862,0.9922096036645675
719.176064,0.9928044130968874
719.295266,0.9922609022271334
719.414468,0.9927475270338182
719.53367,0.9919739818648934
719.652872,0.9920803271757561
719.772074,0.992171602764469
719.891276,0.9924414109020148
720.010478,0.9914645356928617
720.12968,0.991523132978454
720.248882,0.9918557456132757
720.368084,0.9919179369182027
720.487286,0.9920232841969449
720.606488,0.992479620631867
720.72569,0.990825148177503
720.844892,0.9920748707489618
720.964094,0.9913607347900468
721.083296,0.9920956053304362
721.202498,0.9921365797250516
721.3217,0.9920349901407634
721.440902,0.9915109373189217
721.560104,0.991277761369031
721.679306,0.9915009231090267
721.798508,0.9911586169428379
721.91771,0.9918470173211188
722.036912,0.991530470276786
722.156114,0.9911110424710211
722.275316,0.9914694930279335
722.394518,0.9920046343345112
722.51372,0.9915640837294731
722.632922,0.9925681537625464
722.752124,0.9917235400540817
722.871326,0.9915907571620814
722.990528,0.9919276577616165
723.10973,0.9920135624163966
723.228932,0.9918090303078114
723.348134,0.9924443882307135
723.467336,0.9919367835380465
723.586538,0.9918939327945804
723.70574,0.9917521021033269
723.824942,0.9917987155475331
723.944144,0.9920910417011479
724.063346,0.991619910358892
724.182548,0.9918798480007369
724.30175,0.9920755652016144
724.420952,0.9917308788354315
724.540154,0.9916402387754198
724.659356,0.9919164490424132
724.778558,0.9916746492887243
724.89776,0.9913560754055428
725.016962,0.9915339406395051
725.136164,0.9913563728124101
725.255366,0.9912141233795524
725.374568,0.9916035487653545
725.49377,0.9915018154602591
725.612972,0.9914451031784014
725.732174,0.9920490771376408
725.851376,0.9923370115570896
725.970578,0.9918695325039584
726.08978,0.9923191496516393
726.208982,0.9920447121313044
726.328184,0.9923893090956267
726.447386,0.9924255319664721
726.566588,0.9919914407606121
726.68579,0.9924742612563859
726.804992,0.9919234916742027
726.924194,0.9927084135517937
727.043396,0.9923623164735207
727.162598,0.9922862052027517
727.2818,0.9926129195957429
727.401002,0.9928492888705442
727.520204,0.9920060231419715
727.639406,0.9925336129918083
727.758608,0.9917372259333668
727.87781,0.9917781855266077
727.997012,0.9920545334225698
728.116214,0.9913723337784978
728.235416,0.9915048891206512
728.354618,0.9914617595960483
728.47382,0.9911733853162544
728.593022,0.9918079393184781
728.712224,0.9927257861010402
728.831426,0.9917004331647947
728.950628,0.991626157584006
729.06983,0.9911983632002844
729.189032,0.990925127478825
729.308234,0.9911947948925999
729.427436,0.9907867049075579
729.546638,0.9909082818948458
729.66584,0.9909165064677175
729.785042,0.9907894791142156
729.904244,0.9910271980234981
730.023446,0.9915948226925202
730.142648,0.9905501332902014
730.26185,0.9909900352003795
730.381052,0.9907380584746267
730.500254,0.9909540629150028
730.619456,0.9911793323744075
730.738658,0.9905029842260133
730.85786,0.9900908226607499
730.977062,0.9907270613432119
731.096264,0.9903245116691162
731.215466,0.9900628034869418
731.334668,0.9901725085231149
731.45387,0.9898845092319134
731.573072,0.9900656746732351
731.692274,0.9899498437655385
731.811476,0.9895005085432824
731.930678,0.9894361931005016
732.04988,0.9890662131548444
732.169082,0.9889683004465012
732.288284,0.9890266512975607
732.407486,0.989431245931904
732.526688,0.9894084892749502
732.64589,0.9898142299267028
732.765092,0.9899072768374522
732.884294,0.9904218653534684
733.003496,0.9900201326996736
733.122698,0.9890642350243963
733.2419,0.989507435071085
733.361102,0.9902168692451695
733.480304,0.9901122088534894
733.599506,0.9898300670810785
733.718708,0.989833036575734
733.83791,0.9896766553104003
733.957112,0.9895935259628357
734.076314,0.9899122263862102
734.195516,0.9892986710276661
734.314718,0.989586598832399
734.43392,0.9900609223694022
734.553122,0.989357041371165
734.672324,0.9899557834824203
734.791526,0.9899013374116095
734.910728,0.9889059974061394
735.02993,0.9898389755917705
735.149132,0.9895658177320258
735.268334,0.989507435071085
735.387536,0.9888081005583701
735.506738,0.9894411402938351
735.62594,0.989085005591422
735.745142,0.9885174337069268
735.864344,0.9889940139565869
735.983546,0.9889613776926277
736.102748,0.9892858102285381
736.22195,0.9888397429238631
736.341152,0.9890770929430279
736.460354,0.9888100781765489
736.579556,0.9883859696307986
736.698758,0.9880045262698259
736.81796,0.988834798737509
736.937162,0.9887616276697654
737.056364,0.9887695377944271
737.175566,0.9888990750883857
737.294768,0.988644960681188
737.41397,0.9883276565788424
737.533172,0.9882950423043138
737.652374,0.9890236842220574
737.771576,0.9885302845170951
737.890778,0.9888605087765052
738.00998,0.9886271652320553
738.129182,0.9883998071312358
738.248384,0.9886597904668213
738.367586,0.9882456287875467
738.486788,0.9885856437630725
738.60599,0.9888100781765489
738.725192,0.9880608441328672
738.844394,0.9883780625746699
738.963596,0.9871848227370459
739.082798,0.9877516294832707
739.202,0.9879600670664834
739.321202,0.9883316098973753
739.440404,0.9886588018075252
739.559606,0.9883395165818812
739.678808,0.9873546331298318
739.79801,0.9881339633407104
739.917212,0.9878790576624149
740.036414,0.988014406364489
740.155616,0.9873832668293793
740.274818,0.9877802746958793
740.39402,0.9881725013167663
740.513222,0.9885006290533938
740.632424,0.9883276565788424
740.751626,0.9877782991373054
740.870828,0.9886469379730867
740.99003,0.9881576788404154
741.109232,0.9885045830638179
741.228434,0.988298007193888
741.347636,0.9883622486521804
741.466838,0.9887823918819698
741.58604,0.9883424816048785
741.705242,0.9883088785317594
741.824444,0.9883662021090819
741.943646,0.9882120290073675
742.062848,0.9880638083198459
742.18205,0.9880015622606931
742.301252,0.9884077143613217
742.420454,0.9884432976795345
742.539656,0.9875827383952286
742.658858,0.9881211176826838
742.77806,0.9882821945522744
742.897262,0.9876410074957155
743.016464,0.9879650068791682
743.135666,0.9873131651060749
743.254868,0.9877624948109542
743.37407,0.9882080761671571
743.493272,0.9884986520541127
743.612474,0.9878642395876858
743.731676,0.9876884154018559
743.850878,0.9881695368037091
743.97008,0.9878444825004655
744.089282,0.9871887714842343
744.208484,0.9884334132959798
744.327686,0.9879956342691036
744.446888,0.9881349514751677
744.56609,0.988155702527034
744.685292,0.9878267014598104
744.804494,0.9881626196411616
744.923696,0.9885727922332387
745.042898,0.988487778628744
745.1621,0.9887141682506724
745.281302,0.9886676997767823
745.400504,0.9887359202016445
745.519706,0.9883958535399144
745.638908,0.9886261766053843
745.75811,0.9883889347931553
745.877312,0.9882060997529812
745.996514,0.9886795638603639
746.115716,0.9889692894152962
746.234918,0.989459939854096
746.35412,0.9889791791576389
746.473322,0.9896459758096203
746.592524,0.989463897701771
746.711726,0.9890503882220338
746.830928,0.989126548034042
746.95013,0.9896311312313179
747.069332,0.9896568619752281
747.188534,0.9895202987513547
747.307736,0.989358030728701
747.426938,0.98993697450122
747.54614,0.9894302565011528
747.665342,0.9900726051572145
747.784544,0.989393648258919
747.903746,0.9894965505491642
748.022948,0.9900072625216048
748.14215,0.9907346899709544
748.261352,0.9905806427041493
748.380554,0.9903795752427181
748.499756,0.9899538035728332
748.618958,0.9902215232753919
748.73816,0.9901149811715555
748.857362,0.9898221484722163
748.976564,0.9901678547232613
749.095766,0.9905951052871094
749.214968,0.9907413279156142
749.33417,0.9905311149102193
749.453372,0.9912459418635968
749.572574,0.9913949373253874
749.691776,0.9905028851757199
749.810978,0.9907991888986888
749.93018,0.9911580222478461
750.049382,0.9905049652339628
750.168584,0.9913484419931509
750.287786,0.9911340365139363
750.406988,0.9913871053363189
750.52619,0.9912822221289939
750.645392,0.9909096691674115
750.764594,0.9918455295517087
750.883796,0.9917557715928932
751.002998,0.9917071767506684
751.1222,0.9917381184972718
751.241402,0.9921086018679931
751.360604,0.9923419732545516
751.479806,0.9925758958243397
751.599008,0.9922105958746672
751.71821,0.9923826601095299
751.837412,0.9924459761430049
751.956614,0.992427913790607
752.075816,0.9928688481941936
752.195018,0.992550089186536
752.31422,0.993141030846412
752.433422,0.9931740036759821
752.552624,0.9929042942447824
752.671826,0.9931469897104737
752.791028,0.9928264535995068
752.91023,0.9937594536022265
753.029432,0.9934937578494386
753.148634,0.9935078655609645
753.267836,0.9932062823556272
753.387038,0.993176486614095
753.50624,0.9936061283478832
753.625442,0.993781018416347
753.744644,0.9933345135638257
753.863846,0.994195213258223
753.983048,0.9937256663551904
754.10225,0.9943271517169455
754.221452,0.9939151879100703
754.340654,0.9944652733506444
754.459856,0.9939130012990621
754.579058,0.9943351063659779
754.69826,0.9947390873291626
754.817462,0.9947970823084912
754.936664,0.9956095662573083
755.055866,0.9960755209749654
755.175068,0.9954967700834754
755.29427,0.9948910950748026
755.413472,0.9952562871153355
755.532674,0.9951023328763862
755.651876,0.9952914202823674
755.771078,0.9956427206078816
755.89028,0.9954701906745508
756.009482,0.9956267904517935
756.128684,0.9951780630454145
756.247886,0.9957896883193936
756.367088,0.9952758938573174
756.48629,0.9954639192321046
756.605492,0.9951371620675441
756.724694,0.9955518225770484
756.843896,0.9953180944498632
756.963098,0.995994244528578
757.0823,0.9957342243784394
757.201502,0.995532608612288
757.320704,0.9954252959813343
757.439906,0.9947107376691583
757.559108,0.9954636205929737
757.67831,0.9961719457522797
757.797512,0.9955656608435579
757.916714,0.99553529655396
758.035916,0.995667711553804
758.155118,0.9960828919610932
758.27432,0.9960702417886941
758.393522,0.9953158052208786
758.512724,0.9957731583477667
758.631926,0.9956173320422117
758.751128,0.9958102017982612
758.87033,0.9952922165158221
758.989532,0.995663131492865
759.108734,0.9960889680852664
759.227936,0.9957085347668478
759.347138,0.9956040904197525
759.46634,0.9956545688267536
759.585542,0.995797555089005
759.704744,0.9957871988482847
759.823946,0.9954744712055739
759.943148,0.995434254849313
760.06235,0.9956471014454902
760.181552,0.9957034566662697
760.300754,0.9953671648414948
760.419956,0.9953548223651743
760.539158,0.9955335045920389
760.65836,0.995810102217246
760.777562,0.9955387809335956
760.896764,0.9948793554291447
761.015966,0.9949859127141519
761.135168,0.9947291399880261
761.25437,0.9951511936004513
761.373572,0.9948197639405374
761.492774,0.9947407783870486
761.611976,0.9951912990016719
761.731178,0.9948328956480905
761.85038,0.9950009371148678
761.969582,0.9952790787452737
762.088784,0.9945881968549466
762.207986,0.995004618625146
762.327188,0.995070390604177
762.44639,0.9953338205999918
762.565592,0.9951740823411237
762.684794,0.9957866013761446
762.803996,0.9952020471257409
762.923198,0.9952899273463567
763.0424,0.9946821898806499
763.161602,0.9947716158291564
763.280804,0.9943482316760087
763.400006,0.9946584172603957
763.519208,0.9951724900638658
763.63841,0.9945556743526554
763.757612,0.9948158841510236
763.876814,0.9937965215211583
763.996016,0.9940926176062416
764.115218,0.993775353880686
764.23442,0.9938733449614595
764.353622,0.9941346686133388
764.472824,0.9938502873673255
764.592026,0.9934183545348098
764.711228,0.9937340136858466
764.83043,0.9938813953681578
764.949632,0.9933486190140668
765.068834,0.9933873603656599
765.188036,0.9930914743454178
765.307238,0.9934038507327115
765.42644,0.9932626980746563
765.545642,0.9932136321093108
765.664844,0.9932452168050059
765.784046,0.9933133557640182
765.903248,0.9930009085328213
766.02245,0.9932773984713705
766.141652,0.9921115781982632
766.260854,0.9922139693964283
766.380056,0.9936730002905366
766.499258,0.9923682706652821
766.61846,0.9930506591245808
766.737662,0.9925991223720515
766.856864,0.9919557297115474
766.976066,0.9912190794625595
767.095268,0.9918299576991341
767.21447,0.992023780208711
767.333672,0.9912068875428626
767.452874,0.9916168363419345
767.572076,0.9917307796623487
767.691278,0.9909924135793181
767.81048,0.9910598033546679
767.929682,0.9899310348971918
768.048884,0.9900599323089748
768.168086,0.989695459345489
768.287288,0.9899854826014093
768.40649,0.9892670139767088
768.525692,0.989665768927067
768.644894,0.9890236842220574
768.764096,0.988705269863201
768.883298,0.9886508925687477
769.0025,0.9888239216145471
769.121702,0.9882851594033053
769.240904,0.9877298991864563
769.360106,0.9881507617608732
769.479308,0.987801018299455
769.59851,0.9875432358757484
769.717712,0.9869242403422329
769.836914,0.9868808166309865
769.956116,0.9870298468857989
770.075318,0.9861803799356296
770.19452,0.9860985303608992
770.313722,0.9858372488716799
770.432924,0.9851887813311402
770.552126,0.984608675996728
770.671328,0.9845545240087414
770.79053,0.984143066218375
770.909732,0.9829480585071125
771.028934,0.9827947305698755
771.148136,0.9826728715786984
771.267338,0.9825235166534804
771.38654,0.9828871176166722
771.505742,0.9813864129313187
771.624944,0.9803545372866691
771.744146,0.9798213694531845
771.863348,0.9792091724287747
771.98255,0.9791318179596946
772.101752,0.9785631075998174
772.220954,0.9782206704421558
772.340156,0.9777043062603025
772.459358,0.9768687263397684
772.57856,0.9768159768527951
772.697762,0.975186055534559
772.816964,0.9757752458296587
772.936166,0.9754015954691175
773.055368,0.9742288928718092
773.17457,0.9739688084802239
773.293772,0.9734809723203373
773.412974,0.9726188501553774
773.532176,0.9719285358623401
773.651378,0.9712319128713129
773.77058,0.9706279944596036
773.889782,0.9702990073359498
774.008984,0.9690994895186007
774.128186,0.9688494941011004
774.247388,0.9684475049795607
774.36659,0.9673450712265954
774.485792,0.966941772425538
774.604994,0.9658381552068015
774.724196,0.9649799066348371
774.843398,0.9643509447995507
774.9626,0.9638910590903428
775.081802,0.963315787863613
775.201004,0.9624771051117439
775.320206,0.9610335106656379
775.439408,0.9605118111235906
775.55861,0.9591833822618135
775.677812,0.9583090057934651
775.797014,0.9576259750017476
775.916216,0.9562881492467855
776.035418,0.9562403360346634
776.15462,0.9545693334047053
776.273822,0.9539051842993547
776.393024,0.9528154935505988
776.512226,0.951500563522172
776.631428,0.9504830024114813
776.75063,0.9500648818836821
776.869832,0.9485289198331791
776.989034,0.9477950424963949
777.108236,0.9460659478926096
777.227438,0.9448595375965548
777.34664,0.9426784883782389
777.465842,0.9411187046588584
777.585044,0.9401225874877606
777.704246,0.9387885607966396
777.823448,0.9374817387443278
777.94265,0.9371424317731695
778.061852,0.9358397728598881
778.181054,0.9348146543364002
778.300256,0.9334629557213733
778.419458,0.9321672757339428
778.53866,0.9304406386918531
778.657862,0.9294957910668128
778.777064,0.9279392608576547
778.896266,0.9263093767249913
779.015468,0.9242959189577612
779.13467,0.9225635652696229
779.253872,0.9212738012421086
779.373074,0.9202177059785016
779.492276,0.9195903314620516
779.611478,0.9180568152740756
779.73068,0.9164232112422734
779.849882,0.9150020255437954
779.969084,0.9134167868306688
780.088286,0.9112490847949686
780.207488,0.9089683535383264
780.32669,0.9063551970921532
780.445892,0.9045750532294649
780.565094,0.9020097045976064
780.684296,0.8994156538744144
780.803498,0.898633502540708
780.9227,0.8986874221684331
781.041902,0.8977622506687148
781.161104,0.8978699886029419
781.280306,0.8968649371495818
781.399508,0.8963628333869532
781.51871,0.8958430936826731
781.637912,0.8965510893481485
781.757114,0.896022280219466
781.876316,0.8949476983612674
781.995518,0.8945182265475351
782.11472,0.8938118362094842
782.233922,0.8933918433525185
782.353124,0.8925345987261573
782.472326,0.8932578446261714
782.591528,0.8922936469144594
782.71073,0.8914017992656901
782.829932,0.8903149521821122
782.949134,0.8896029850451929
783.068336,0.8878433137842363
783.187538,0.8863973079976417
783.30674,0.8851572200305697
783.425942,0.8846351313020715
783.545144,0.8838923498036826
783.664346,0.8837597758945038
783.783548,0.8834681832838857
783.90275,0.8839100278274583
784.021952,0.8843520933485427
784.141154,0.8840249436004393
784.260356,0.8834946877269487
784.379558,0.8826381133855717
784.49876,0.8809626931234105
784.617962,0.8789124395214309
784.737164,0.8764461623086904
784.856366,0.873750861023484
784.975568,0.8708286930033244
785.09477,0.8694886489148849
785.213972,0.8718220037929227
785.333174,0.874292754526946
785.452376,0.8765864049137689
785.571578,0.8790091252073936
785.69078,0.8803726458069415
785.809982,0.8806896370144258
785.929184,0.880478296863375
786.048386,0.880046968182069
786.167588,0.8784994477355281
786.28679,0.8758503815067505
786.405992,0.8727640801867019
786.525194,0.8702367307820478
786.644396,0.865974341163594
786.763598,0.8650309433769237
786.8828,0.8652472281472376
787.002002,0.8681767118168113
787.121204,0.8697234425458057
787.240406,0.8725197404534087
787.359608,0.8713426335297432
787.47881,0.8700975040435587
787.598012,0.8673349887080549
787.717214,0.8635875472726885
787.836416,0.8583528645463633
787.955618,0.8507644336075916
788.07482,0.8427710056942601
788.194022,0.8325433386867095
788.313224,0.8281756577962254
788.432426,0.8271907149206903
788.551628,0.830398145362225
788.67083,0.833426302513871
788.790032,0.8407171511618813
788.909234,0.8471394143999781
789.028436,0.8518115176856258
789.147638,0.8553795418048002
789.26684,0.858035332733489
789.386042,0.8607682280921913
789.505244,0.8627934120873959
789.624446,0.8650222931107413
789.743648,0.8653077975731132
789.86285,0.8653337571964328
789.982052,0.865506841255701
790.101254,0.8649790430773456
790.220456,0.8652558806627817
790.339658,0.8647714730164107
790.45886,0.8632421813315725
790.578062,0.8620775906623488
790.697264,0.8611298266783777
790.816466,0.8595382091991335
790.935668,0.8584215355223294
791.05487,0.8571348684605923
791.174072,0.8554565294279537
791.293274,0.8545245898102387
791.412476,0.8530475402860939
791.531678,0.851521950998739
791.65088,0.8509771513045977
791.770082,0.849293883530035
791.889284,0.8472241325772564
792.008486,0.8455821110359443
792.127688,0.8441542841218705
792.24689,0.8425182123134549
792.366092,0.84108714810175
792.485294,0.8406751163552021
792.604496,0.8388528292493018
792.723698,0.836758316408122
792.8429,0.8352200967020437
792.962102,0.8327265183702469
793.081304,0.8318110228149076
793.200506,0.8306722219703476
793.319708,0.8288633289362413
793.43891,0.8269922129702962
793.558112,0.8261243268666189
793.677314,0.8238803219277622
793.796516,0.8224891400634924
793.915718,0.8214041706359683
794.03492,0.8195662844947034
794.154122,0.8182560269250891
794.273324,0.8160497155131315
794.392526,0.8140528408804028
794.511728,0.8123857419168674
794.63093,0.8100899403586844
794.750132,0.8083339511254888
794.869334,0.8056950161155383
794.988536,0.8031851650688815
795.107738,0.8004989966101956
795.22694,0.7978218117599009
795.346142,0.7951774354384988
795.465344,0.7919793189068494
795.584546,0.7890070680011694
795.703748,0.7849776758592244
795.82295,0.7816486000339026
795.942152,0.7781468650976242
796.061354,0.7738246356427845
796.180556,0.7698804776608107
796.299758,0.7653668634824671
796.41896,0.761343989694913
796.538162,0.7567820347230513
796.657364,0.7517059916732723
796.776566,0.7466341297338064
796.895768,0.7410997850994281
797.01497,0.7360700412789201
797.134172,0.7308186023694868
797.253374,0.7246474632320489
797.372576,0.7191106779043468
797.491778,0.711962526696119
797.61098,0.7070598239824041
797.730182,0.6996395535901351
797.849384,0.6932393202098566
797.968586,0.6863689279301842
798.087788,0.6793084388501864
798.20699,0.671836682493346
798.326192,0.6648591933962253
798.445394,0.657368851648122
798.564596,0.6495210719868442
798.683798,0.6410742462409937
798.803,0.6335857051834021
798.922202,0.6254962151579705
799.041404,0.6174420876872294
799.160606,0.6088459493521545
799.279808,0.5996314874738549
799.39901,0.591105953087814
799.518212,0.5825093745638137
799.637414,0.5737336584599597
799.756616,0.5638990685332688
799.875818,0.5544326169248478
799.99502,0.5446510307258735
800.114222,0.5356255300708808
800.233424,0.5260757843034176
800.352626,0.5159940730003366
800.471828,0.5053823537758423
800.59103,0.49574678337732675
800.710232,0.48552232926571426
800.829434,0.4766275074374971
800.948636,0.4667833722125074
801.067838,0.4567724195411594
801.18704,0.4470387495922177
801.306242,0.43685235560553587
801.425444,0.427624416584926
801.544646,0.41704964980097503
801.663848,0.40687063263504375
801.78305,0.39693211812721724
801.902252,0.38689961978414344
802.021454,0.3770679006223457
802.140656,0.36754849862087446
802.259858,0.35836616787761716
802.37906,0.3484710926993376
802.498262,0.3393239578660184
802.617464,0.32995466920587274
802.736666,0.3202030350043147
802.855868,0.3099327315654243
802.97507,0.3006224862209697
803.094272,0.29083476236785155
803.213474,0.2811688220041853
803.332676,0.27193288213288974
803.451878,0.2628162921002657
803.57108,0.25304194841164085
803.690282,0.2444853231219633
803.809484,0.23567536334040942
803.928686,0.2273646869913478
804.047888,0.21871188695221475
804.16709,0.21030424731920336
804.286292,0.2023007150930107
804.405494,0.19421295806315442
804.524696,0.18646718632805995
804.643898,0.17886928344409814
804.7631,0.17151235056719996
804.882302,0.16455671436817754
805.001504,0.15717428402439843
805.120706,0.15092081253826656
805.239908,0.14423663925971236
805.35911,0.13812447605282904
805.478312,0.13171694695993444
805.597514,0.12597144811131353
805.716716,0.12021181105734911
805.835918,0.1148417712747296
805.95512,0.10908804178361861
806.074322,0.10347761188137965
806.193524,0.09814591294828288
806.312726,0.09261538559478372
806.431928,0.08787850881785977
806.55113,0.08313412596392367
806.670332,0.07842598227185704
806.789534,0.07456381075495436
806.908736,0.07036917266503243
807.027938,0.06637730985169528
807.14714,0.06283770421990974
807.266342,0.05965364654209557
807.385544,0.056168453798112666
807.504746,0.053051082969623575
807.623948,0.04975720508672347
807.74315,0.04666317356598357
807.862352,0.043906188531908474
807.981554,0.041126606780885894
808.100756,0.038097752046284086
808.219958,0.035796684557133564
808.33916,0.0334768876215976
808.458362,0.03156520098012566
808.577564,0.029516672670989053
808.696766,0.027277311579547027
808.815968,0.025804664727656267
808.93517,0.024050487797397168
809.054372,0.02249639960795812
809.173574,0.021076428408515358
809.292776,0.019811355412328886
809.411978,0.018277216404796227
809.53118,0.017399740267991314
809.650382,0.016587597523570405
809.769584,0.015684222628934437
809.888786,0.014635576027934158
810.007988,0.013871762221308386
810.12719,0.013100563951091528
810.246392,0.012414377527778726
810.365594,0.012177077354117832
810.484796,0.011577404134174348
810.603998,0.011023785747454277
810.7232,0.010476716083551683
810.842402,0.010002702224916131
810.961604,0.009618182129390683
811.080806,0.009205998468002853
811.200008,0.008571607423140365
811.31921,0.008328266064441387
811.438412,0.008032977682673777
811.557614,0.007923676312366916
811.676816,0.007749708881498708
811.796018,0.007393160225842474
811.91522,0.006722467529201802
812.034422,0.006441460363850599
812.153624,0.0067961432283812585
812.272826,0.006705682350594334
812.392028,0.0065558335983790334
812.51123,0.006427304727959046
812.630432,0.0062323612820898485
812.749634,0.00602462525427743
812.868836,0.005795926127690142
812.988038,0.005562542450323872
813.10724,0.005295488750678303
813.226442,0.005036721019471333
813.345644,0.004841164441999861
813.464846,0.004668114668764327
813.584048,0.0044555712480758465
813.70325,0.004337314071448541
813.822452,0.004207864519505641
813.941654,0.004116302376624845
814.060856,0.003947392676175573
814.180058,0.003750747970834115
814.29926,0.0035585575457692704
814.418462,0.0033691324533486173
814.537664,0.003202575337115433
814.656866,0.003068397011008987
814.776068,0.002931620315802109
814.89527,0.002677424376800415
815.014472,0.00269785032234036
815.133674,0.00256422241081021
815.252876,0.0024708328473857025
815.372078,0.0024577720749146834
815.49128,0.0023021771887258946
815.610482,0.002133055116350492
815.729684,0.002054341336353947
815.848886,0.0020132599601534514
815.968088,0.0020134612962161014
816.08729,0.001951806353620785
816.206492,0.0018837326846939794
816.325694,0.001886749069453802
816.444896,0.0019298750868485903
816.564098,0.0020124548172087142
816.6833,0.00200041624015234
816.802502,0.002010041319816119
816.921704,0.001966696593146885
817.040906,0.001802465191907413
817.160108,0.0015946515987355781
817.27931,0.0015607325259758124
817.398512,0.0016156789632083355
817.517714,0.0015176381519472054
817.636916,0.0017203973455189418
817.756118,0.0020727065783486334
817.87532,0.002772793453435059
817.994522,0.003313997878966995
818.113724,0.003522797009260214
818.232926,0.0038142928189000857
818.352128,0.003960044564965121
818.47133,0.004724469497505623
818.590532,0.004723524698089215
818.709734,0.00417141488400615
818.828936,0.0034296399299695115
818.948138,0.003821164728837635
819.06734,0.004668581503572553
819.186542,0.00640741093461367
819.305744,0.007004517366475244
819.424946,0.007150306900861374
819.544148,0.006922349803587284
819.66335,0.00669429237482082
819.782552,0.006752111555362166
819.901754,0.006559768278824157
820.020956,0.006249836347354033
820.140158,0.005985592185028521
820.25936,0.005638709791579818
820.378562,0.005025652413159779
820.497764,0.005090394227722261
820.616966,0.005340692247759266
820.736168,0.0055082957771626995
820.85537,0.006347463466341719
820.974572,0.007990515525070043
821.093774,0.008941070090820822
821.212976,0.009640329407895304
821.332178,0.010111316872308823
821.45138,0.010099190569299017
821.570582,0.009808558089000885
821.689784,0.009237352133821932
821.808986,0.008951805815076073
821.928188,0.010096161266546357
822.04739,0.011649407018097307
822.166592,0.013257391937934663
822.285794,0.01498358515632654
822.404996,0.01652137965749872
822.524198,0.017790334051381446
822.6434,0.019179754680293766
822.762602,0.020494473798159652
822.881804,0.022002482303755164
823.001006,0.02383738815603774
823.120208,0.02566056246809521
823.23941,0.027786638592288523
823.358612,0.03006180048731794
823.477814,0.032399898140516956
823.597016,0.035073830373252846
823.716218,0.03818547772184504
823.83542,0.04155239990093793
823.954622,0.04527954018788353
824.073824,0.04915877073438572
824.193026,0.0533543375971775
824.312228,0.05830893140604179
824.43143,0.06327278367697761
824.550632,0.06901026619621112
824.669834,0.07497504156218268
824.789036,0.08154502151754749
824.908238,0.08871733275669336
825.02744,0.09630837462927128
825.146642,0.10448622859932791
825.265844,0.11304153064044985
825.385046,0.12213845508376903
825.504248,0.13208627122410022
825.62345,0.14194721724844167
825.742652,0.1532170094649012
825.861854,0.16478725510915668
825.981056,0.1775860497880271
826.100258,0.19013898010152055
826.21946,0.2036810477678599
826.338662,0.21631923988044446
826.457864,0.23050101801597056
826.577066,0.24524440359047078
826.696268,0.2605397078599756
826.81547,0.27527078308975234
826.934672,0.291329601958355
827.053874,0.30777077810953135
827.173076,0.3233241172207592
827.292278,0.3387137241169968
827.41148,0.35494231346234684
827.530682,0.37045251763101317
827.649884,0.38637379394385574
827.769086,0.4021058164502968
827.888288,0.4175921669054297
828.00749,0.43274354554978234
828.126692,0.44833704358243337
828.245894,0.46332802427056957
828.365096,0.47829862646589444
828.484298,0.4915802878695086
828.6035,0.5063131133429934
828.722702,0.5194160911332105
828.841904,0.5326663690786814
828.961106,0.5451032787383384
829.080308,0.5582211884907012
829.19951,0.5704099306831676
829.318712,0.5822647719966316
829.437914,0.5927692967192991
829.557116,0.603125486655056
829.676318,0.6138467345447791
829.79552,0.6237348005930509
829.914722,0.634321091042752
830.033924,0.642743207991314
830.153126,0.6514660462796307
830.272328,0.6592516176358422
830.39153,0.6664101214463642
830.510732,0.6738147887312165
830.629934,0.6780596605510593
830.749136,0.684032395937109
830.868338,0.6896438321156398
830.98754,0.6929828691077585
831.106742,0.6981439258379284
831.225944,0.7048995278597644
831.345146,0.7112580325768184
831.464348,0.7173581867589268
831.58355,0.7236553759423852
831.702752,0.7297742786375282
831.821954,0.7355549725451136
831.941156,0.7433635899915216
832.060358,0.7522474148762407
832.17956,0.7601572189928137
832.298762,0.7669451442923425
832.417964,0.7718770525463271
832.537166,0.7755909686665217
832.656368,0.7781935553102225
832.77557,0.7798606726979638
832.894772,0.7820004210577113
833.013974,0.783244790738932
833.133176,0.7851896484467179
833.252378,0.786352589490516
833.37158,0.7874542541010916
833.490782,0.7888808369690411
833.609984,0.7898912509673651
833.729186,0.7915913441021749
833.848388,0.7933268288078816
833.96759,0.7966259761431927
834.086792,0.7982527518816123
834.205994,0.8006030682442646
834.325196,0.8014922310440749
834.444398,0.8030807577840431
834.5636,0.8036190021834974
834.682802,0.8042701972736734
834.802004,0.8048655774831643
834.921206,0.8057917053187084
835.040408,0.8059931784281273
835.15961,0.807098145812406
835.278812,0.8064849842524949
835.398014,0.8073483850226815
835.517216,0.8074371982296709
835.636418,0.8087786570815354
835.75562,0.8092802553283146
835.874822,0.8095716486678869
835.994024,0.8106004578172245
836.113226,0.811825389098899
836.232428,0.8121176988515731
836.35163,0.8138005236109271
836.470832,0.8146799029557975
836.590034,0.8153400610051076
836.709236,0.8152585310755714
836.828438,0.8165721544937011
836.94764,0.8168661733895447
837.066842,0.8179696874280004
837.186044,0.8183296732815487
837.305246,0.8190419298840002
837.424448,0.8203042261746936
837.54365,0.8218560671899788
837.662852,0.8231803211965801
837.782054,0.8253068684916823
837.901256,0.827695455186922
838.020458,0.8309380796163328
838.13966,0.8329097383577481
838.258862,0.8368671020601692
838.378064,0.8383748193823839
838.497266,0.8406751163552021
838.616468,0.8426951597168678
838.73567,0.8439179540100761
838.854872,0.8454468287210523
838.974074,0.8465889527000514
839.093276,0.8481481103581747
839.212478,0.849149515841436
839.33168,0.8499990900735958
839.450882,0.8502881388997366
839.570084,0.8518967030965939
839.689286,0.8529537102174107
839.808488,0.8531840388121305
839.92769,0.8536790290879452
840.046892,0.8541743065413935
840.166094,0.8550118076703292
840.285296,0.854994707605177
840.404498,0.8552683496920095
840.5237,0.8553453273074225
840.642902,0.8559613977018116
840.762104,0.8570063078726083
840.881306,0.8561582914651978
841.000508,0.8564836934384139
841.11971,0.8570405888105375
841.238912,0.8563980493513458
841.358114,0.8564836934384139
841.477316,0.8564066133746593
841.596518,0.8570491592592777
841.71572,0.8567235424498713
841.834922,0.8564836934384139
841.954124,0.8564323059584473
842.073326,0.8571005837515526
842.192528,0.8571862980955736
842.31173,0.8576664568544113
842.430932,0.8572548757424905
842.550134,0.8580782355726877
842.669336,0.8577350729155656
842.788538,0.8580267524230633
842.90774,0.8582412859267396
843.026942,0.8582841990638554
843.146144,0.8584730423596504
843.265346,0.8584558730704966
843.384548,0.8584215355223294
843.50375,0.8585674795882623
843.622952,0.8583957832625495
843.742154,0.8585503084103829
843.861356,0.858747797691714
843.980558,0.8590140507760943
844.09976,0.8591257298616785
844.218962,0.8584215355223294
844.338164,0.8584387041247253
844.457366,0.8591085475189053
844.576568,0.8587735605120852
844.69577,0.8589195644273534
844.814972,0.8592889792585537
844.934174,0.8585588939563946
845.053376,0.8585846511095687
845.172578,0.8581297218113938
845.29178,0.8586705138677461
845.410982,0.8580181721984402
845.530184,0.8574606416035844
845.649386,0.8574091955084864
845.768588,0.8577007641988279
845.88779,0.8573491789654043
846.006992,0.8567749474045514
846.126194,0.8571777262754517
846.245396,0.8571520113293896
846.364598,0.8568949042939744
846.4838,0.856612175628353
846.603002,0.8560641192327044
846.722204,0.8551999309608199
846.841406,0.8557217620610105
846.960608,0.8550118076703292
847.07981,0.854644231627544
847.199012,0.8544049647416154
847.318214,0.8538327051436112
847.437416,0.8537729389460924
847.556618,0.8530987246740273
847.67582,0.8528598904694675
847.795022,0.8520756201898815
847.914224,0.8516496888714897
848.033426,0.8512580201053315
848.152628,0.8511814103310135
848.27183,0.8510622532747557
848.391032,0.8513176102523696
848.510234,0.8504071875723953
848.629436,0.8505007375081804
848.748638,0.8507559260057935
848.86784,0.8511558752717314
848.987042,0.8514282887356479
849.106244,0.851521950998739
849.225446,0.8519307796462442
849.344648,0.8522801428804682
849.46385,0.8527575534229568
849.583052,0.8530560708041492
849.702254,0.8522119631962615
849.821456,0.852246052356568
849.940658,0.8526040708771843
850.05986,0.8519137412010364
850.179062,0.8526296493829862
850.298264,0.8528257767561276
850.417466,0.8529451807229561
850.536668,0.8525358652797743
850.65587,0.8528001923665927
850.775072,0.8521437889662113
850.894274,0.8517263407927729
851.013476,0.8514878908019075
851.132678,0.8507133892729205
851.25188,0.8500670927208712
851.371082,0.8497951147699936
851.490284,0.8494042989117382
851.609486,0.8490900774556949
851.728688,0.8486232063144272
851.84789,0.8471987162345261
851.967092,0.846910717633543
852.086294,0.8475715656905343
852.205496,0.8476054692312283
852.324698,0.8476563270851024
852.4439,0.8470038829364803
852.563102,0.8461488408836368
852.682304,0.8457343295151828
852.801506,0.8460219280762028
852.920708,0.8456243911984913
853.03991,0.8442302614263689
853.159112,0.8437660624490049
853.278314,0.842551913715971
853.397516,0.8420717959717092
853.516718,0.8421054795172145
853.63592,0.8421560073618057
853.755122,0.841617199953856
853.874324,0.8410450947956862
853.993526,0.840078448864614
854.112728,0.839196829424511
854.23193,0.8381401072941825
854.351132,0.8373023861172869
854.470334,0.8363484052695126
854.589536,0.8381401072941825
854.708738,0.8385257404323597
854.82794,0.8386095971991714
854.947142,0.8383748193823839
855.066344,0.8404481647136365
855.185546,0.8412133206366688
855.304748,0.8407591880703533
855.42395,0.8411460262628286
855.543152,0.8423328786941916
855.662354,0.8429142889439594
855.781556,0.8431672011655789
855.900758,0.8430407355705608
856.01996,0.8433442848709619
856.139162,0.8434033210371447
856.258364,0.8429227181289946
856.377566,0.8424592381027144
856.496768,0.8420886375760441
856.61597,0.8419033984528281
856.735172,0.8416424488485862
856.854374,0.841440478898226
856.973576,0.8412385574148377
857.092778,0.840305300669423
857.21198,0.8403305102065842
857.331182,0.8398096667684064
857.450384,0.8394905997216127
857.569586,0.8391380877024356
857.688788,0.8392555752586509
857.80799,0.8387186235333655
857.927192,0.838508970085255
858.046394,0.8376373740648568
858.165596,0.8369591625046274
858.284798,0.8370177516966005
858.404,0.8365658841259088
858.523202,0.835955413879247
858.642404,0.8347942430546361
858.761606,0.8340432662261507
858.880808,0.8335930044440111
859.00001,0.8325849668943404
859.119212,0.8324684131579271
859.238414,0.8318609329735662
859.357616,0.8308716072288944
859.476818,0.8298917569577197
859.59602,0.829286157046002
859.715222,0.8282833276301265
859.834424,0.8274140865675342
859.953626,0.8263308837668721
860.072828,0.82573613966413
860.19203,0.8251170697396225
860.311232,0.8238885607721755
860.430434,0.8229416335148199
860.549636,0.8230157015948497
860.668838,0.8225138151078181
860.78804,0.8219711350939508
860.907242,0.8213795288804774
861.026444,0.8208047644012983
861.145646,0.8211577863442692
861.264848,0.8208293889135962
861.38405,0.8206898597777935
861.503252,0.8203944646025952
861.622454,0.8198695801261981
861.741656,0.8195171119928235
861.860858,0.8194843319639488
861.98006,0.8194351643790732
862.099262,0.8188208184143231
862.218464,0.8186079526752806
862.337666,0.81867344393111
862.456868,0.8177161561242802
862.57607,0.8170295629626353
862.695272,0.8157723057721854
862.814474,0.8141993835802085
862.933676,0.8129871298519785
863.052878,0.8115899938700182
863.17208,0.8097740668812763
863.291282,0.8081642188182685
863.410484,0.8059931784281273
863.529686,0.8045758780243017
863.648888,0.8021657673638023
863.76809,0.8000508426669098
863.887292,0.7968012531377067
864.006494,0.7946686846974207
864.125696,0.7927637666701403
864.244898,0.7895121941478154
864.3641,0.7865492022134549
864.483302,0.7829393848285674
864.602504,0.7795955651400851
864.721706,0.7759400631427879
864.840908,0.7717458446003856
864.96011,0.7678353168599928
865.079312,0.7636161786642729
865.198514,0.75984561841551
865.317716,0.7559424727076293
865.436918,0.7517586129344122
865.55612,0.7477698765599206
865.675322,0.7442636043342795
865.794524,0.7402109987357813
865.913726,0.736622300881343
866.032928,0.7329703706098479
866.15213,0.7295189023334653
866.271332,0.7265412634452999
866.390534,0.7228670213139341
866.509736,0.7198949358862146
866.628938,0.7181692596798598
866.74814,0.7162829561033858
866.867342,0.7139445362371162
866.986544,0.7116706818924466
867.105746,0.7092976669559032
867.224948,0.706628649011511
867.34415,0.7046528561950729
867.463352,0.7025420653957796
867.582554,0.7007808960038515
867.701756,0.699177943832742
867.820958,0.6961988189706625
867.94016,0.6927057313913538
868.059362,0.688775428096596
868.178564,0.6848057894295456
868.297766,0.6808998818592411
868.416968,0.6773345247311173
868.53617,0.6737002499532041
868.655372,0.670561404694164
868.774574,0.6670168306677081
868.893776,0.6635440745905677
869.012978,0.6600299936962105
869.13218,0.6560816705484388
869.251382,0.6524374542077752
869.370584,0.6488264561255761
869.489786,0.6455258648610885
869.608988,0.6428846270525984
869.72819,0.6393265003074362
869.847392,0.6356736349145335
869.966594,0.6332626588575737
870.085796,0.631283645506926
870.204998,0.6288830308923481
870.3242,0.6269992089454577
870.443402,0.6248522857369384
870.562604,0.6222396319916301
870.681806,0.6194954020341296
870.801008,0.6163070388110861
870.92021,0.6134969416065467
871.039412,0.610980643710848
871.158614,0.6082739030636408
871.277816,0.6048226526740643
871.397018,0.6010182372893035
871.51622,0.5970586077335367
871.635422,0.5926803879931124
871.754624,0.588687380142708
871.873826,0.584037550161036
871.993028,0.5803232518017898
872.11223,0.5761772153888272
872.231432,0.5724155874082608
872.350634,0.5685136247157571
872.469836,0.5641698050577324
872.589038,0.5599823576195584
872.70824,0.5557092795429904
872.827442,0.5507909185547697
872.946644,0.5464021696087517
873.065846,0.5421947634129952
873.185048,0.5368374126803721
873.30425,0.5313523066821969
873.423452,0.5258969489404889
873.542654,0.521487486518427
873.661856,0.5169185295327662
873.781058,0.512241031535398
873.90026,0.5070934362319484
874.019462,0.5026455647016687
874.138664,0.49748493711382136
874.257866,0.49273193264201165
874.377068,0.488766699740146
874.49627,0.4854592154653956
874.615472,0.48335688782114633
874.734674,0.48208250855808515
874.853876,0.4814225077251607
874.973078,0.48097499291961554
875.09228,0.48155732490084757
875.211482,0.4810567656188944
875.330684,0.4825551809881332
875.449886,0.4811241182806573
875.569088,0.47983163357379205
875.68829,0.48128772829299876
875.807492,0.4828641151523532
875.926694,0.4860955837678874
876.045896,0.4908042042821601
876.165098,0.4947315434478764
876.2843,0.4982666019113957
876.403502,0.5008493107929918
876.522704,0.5044987080722391
876.641906,0.5051701377557403
876.761108,0.5074789737291763
876.88031,0.5054379488924331
876.999512,0.5009244438244472
877.118714,0.4961881944133068
877.237916,0.48992645058042555
877.357118,0.48385984047452724
877.47632,0.47752440997569784
877.595522,0.47142747799033946
877.714724,0.4651013221658744
877.833926,0.4589931466861745
877.953128,0.45223650266753673
878.07233,0.4465338811095934
878.191532,0.44052415486564334
878.310734,0.4351345436362479
878.429936,0.4288834822893663
878.549138,0.4231536191607343
878.66834,0.41785533285915133
878.787542,0.41201727537080807
878.906744,0.40717590007049886
879.025946,0.402419581339527
879.145148,0.3976830292179309
879.26435,0.3937457037550919
879.383552,0.38885840463297255
879.502754,0.3850970109275069
879.621956,0.3815245801721044
879.741158,0.37767169216776897
879.86036,0.3742953826905369
879.979562,0.3711867402564512
880.098764,0.36815177270815036
880.217966,0.36582507389799157
880.337168,0.363636695155962
880.45637,0.3614252630407402
880.575572,0.3591554413294046
880.694774,0.3568285017072962
880.813976,0.35554622857763796
880.933178,0.3532779987922733
881.05238,0.35119979532813644
881.171582,0.3499727446358135
881.290784,0.34826207275597165
881.409986,0.34673308587375096
881.529188,0.345556195229613
881.64839,0.3439358918077826
881.767592,0.342425898305655
881.886794,0.3417075584400619
882.005996,0.34068397191222327
882.125198,0.3398673107650079
882.2444,0.33908651421048724
882.363602,0.33922217594670984
882.482804,0.33827368236475613
882.602006,0.3373615753209854
882.721208,0.3366538593746406
882.84041,0.3361492571318736
882.959612,0.3357125470206778
883.078814,0.3352428782996661
883.198016,0.3358468589000711
883.317218,0.3354440843824345
883.43642,0.33447270571756405
883.555622,0.333470791223588
883.674824,0.33277123735067105
883.794026,0.331210882241981
883.913228,0.3306152388937825
884.03243,0.3298556976515864
884.151632,0.32929541933707973
884.270834,0.3287032207209211
884.390036,0.3277185887451959
884.509238,0.3269984003476697
884.62844,0.32582332251559953
884.747642,0.3257907418124103
884.866844,0.3255953259979296
884.986046,0.32621454518927573
885.105248,0.3265082704364809
885.22445,0.32716194042945684
885.343652,0.32788248901122036
885.462854,0.32821053549613677
885.582056,0.32817771608358515
885.701258,0.3270965145841736
885.82046,0.326051478686704
885.939662,0.3242631180538243
886.058864,0.3226458490054852
886.178066,0.32010698850150915
886.297268,0.3186060157046644
886.41647,0.3166367693790533
886.535672,0.3144909434240988
886.654874,0.31207866236049503
886.774076,0.3112060643132491
886.893278,0.31114382932409285
887.01248,0.30912795312868047
887.131682,0.3094991293336166
887.250884,0.31245338154187013
887.370086,0.3139567630022848
887.489288,0.31499453169676334
887.60849,0.3173976102694278
887.727692,0.3189566751492759
887.846894,0.3187653585449071
887.966096,0.3143966102917489
888.085298,0.31292241330005816
888.2045,0.31452239409094834
888.323702,0.3148055916654229
888.442904,0.3129850040415837
888.562106,0.31201625286918006
888.681308,0.3099327315654243
888.80051,0.31170439257244764
888.919712,0.30980878326411104
889.038914,0.3078939110457206
889.158116,0.3144594959021587
889.277318,0.31673177465994656
889.39652,0.3155304778257838
889.515722,0.31420802890564714
889.634924,0.3124846284423433
889.754126,0.3085103150663647
889.873328,0.30614390799957225
889.99253,0.30501326851289506
890.111732,0.3036741583342617
890.230934,0.30047221254940787
890.350136,0.29981190029160865
890.469338,0.3002619555991413
890.58854,0.2991530391239921
890.707742,0.2949350843229809
890.826944,0.2932587364724234
890.946146,0.2930535271885214
891.065348,0.2929949223437635
891.18455,0.29220490305940594
891.303752,0.2901375958726029
891.422954,0.28811372451537964
891.542156,0.28639021785877405
891.661358,0.28484787874582385
891.78056,0.2838526538297751
891.899762,0.2826347078787529
892.018964,0.2804948259501581
892.138166,0.27887266477451256
892.257368,0.27828764666249783
892.37657,0.27725988490160886
892.495772,0.27634643530222786
892.614974,0.27488567363294764
892.734176,0.2732959513769379
892.853378,0.27187850099475824
892.97258,0.270360236497509
893.091782,0.26874293184439435
893.210984,0.26750955330341114
893.330186,0.265856124997158
893.449388,0.2642657641009435
893.56859,0.2632371347519677
893.687792,0.26161011349429236
893.806994,0.26022724772412037
893.926196,0.2586188300353607
894.045398,0.2571231823921175
894.1646,0.2554062153326224
894.283802,0.25423404480124123
894.403004,0.25306725387173395
894.522206,0.2514779417621336
894.641408,0.250123620834122
894.76061,0.24845339408218756
894.879812,0.247140074464799
894.999014,0.2458091148877772
895.118216,0.24360675832421003
895.237418,0.24111048658202627
895.35662,0.23895022794836562
895.475822,0.23718852261053902
895.595024,0.23546335093329712
895.714226,0.23300392035501039
895.833428,0.23121667987457514
895.95263,0.2291221526405945
896.071832,0.22600458326089978
896.191034,0.22306323114023852
896.310236,0.22027026705244174
896.429438,0.21777344493464032
896.54864,0.21489623398220536
896.667842,0.21148525483888125
896.787044,0.207941185767156
896.906246,0.20486583039318815
897.025448,0.2017148928720251
897.14465,0.19843374756154375
897.263852,0.1950888857335696
897.383054,0.19162786324193015
897.502256,0.18800250345327946
897.621458,0.18429823336512927
897.74066,0.18046832524778253
897.859862,0.1767356792709962
897.979064,0.17276897181344875
898.098266,0.16921249280343187
898.217468,0.16541463795102052
898.33667,0.16152424883585723
898.455872,0.15774113115953475
898.575074,0.15389264962486623
898.694276,0.15006301096378222
898.813478,0.14625552731170835
898.93268,0.14244490295073614
899.051882,0.13853947166315636
899.171084,0.13491639347317338
899.290286,0.13107311260221188
899.409488,0.12760700646227058
899.52869,0.12384803365495213
899.647892,0.12033208299435229
899.767094,0.11677573248445759
899.886296,0.11334715518064148
900.005498,0.10994225561260412
900.1247,0.10685313045349093
900.243902,0.10345691842841764
900.363104,0.1003792265505218
900.482306,0.09753929075999902
900.601508,0.09475127297665843
900.72071,0.0920337427642352
900.839912,0.08948359201048683
900.959114,0.087125994093335
901.078316,0.08455948734980229
901.197518,0.08247995375128568
901.31672,0.08018650861649466
901.435922,0.07805824501467644
901.555124,0.07590292938519279
901.674326,0.07374810345184897
901.793528,0.07179072424944025
901.91273,0.06979450480744721
902.031932,0.06775886358206344
902.151134,0.06590110959885663
902.270336,0.06403663099888694
902.389538,0.06224357262326266
902.50874,0.060458385112646895
902.627942,0.058706783302997737
902.747144,0.0572286861608545
902.866346,0.055743191592554905
902.985548,0.05439407752895106
903.10475,0.0531785584781727
903.223952,0.05196941014186151
903.343154,0.05067107723002776
903.462356,0.04962800438719042
903.581558,0.04833496824708468
903.70076,0.04734945355337805
903.819962,0.0461988672312106
903.939164,0.045284068368307555
904.058366,0.0440909823190487
904.177568,0.04290787085771066
904.29677,0.0418233701997245
904.415972,0.04076220397836621
904.535174,0.03954958807973828
904.654376,0.03863100834516149
904.773578,0.03763578321115296
904.89278,0.036717566030470876
905.011982,0.03586117661477542
905.131184,0.034884942146447814
905.250386,0.03413950707712338
905.369588,0.03320017938206646
905.48879,0.032409619568100345
905.607992,0.031596781968968465
905.727194,0.03079509053260228
905.846396,0.029890935651937352
905.965598,0.029211290017519504
906.0848,0.028515713293785456
906.204002,0.027858977852916182
906.323204,0.027054552186300786
906.442406,0.026426182471898683
906.561608,0.02575310697314139
906.68081,0.025286111159837543
906.800012,0.02468153218059971
906.919214,0.024301918041539118
907.038416,0.023818325871443405
907.157618,0.023423862763946618
907.27682,0.023218637088981715
907.396022,0.0230267199589956
907.515224,0.02283410562411748
907.634426,0.022588824187266942
907.753628,0.022440228851639227
907.87283,0.022205839148092082
907.992032,0.021965109859417006
908.111234,0.02184900273283484
908.230436,0.02167274063590341
908.349638,0.021474265806177
908.46884,0.021307418084918813
908.588042,0.021110177686191275
908.707244,0.020929408579388173
908.826446,0.02082085813054259
908.945648,0.020675621046473972
909.06485,0.0206363746623572
909.184052,0.020700446684133258
909.303254,0.020611625865010638
909.422456,0.020650825181712566
909.541658,0.02075018742118409
909.66086,0.020773025185815135
909.780062,0.020883414492559982
909.899264,0.02109751537865169
910.018466,0.021215992892188968
910.137668,0.021407798659484324
910.25687,0.021517257314967637
910.376072,0.021607819843874325
910.495274,0.021868675686795742
910.614476,0.021993683070797576
910.733678,0.02214596424987882
910.85288,0.022095087063297027
910.972082,0.022321610255671087
911.091284,0.022516655481381057
911.210486,0.022749775540170103
911.329688,0.023095903842810406
911.44889,0.023454333587283615
911.568092,0.023925749860562492
911.687294,0.02437493326373562
911.806496,0.024929585702908017
911.925698,0.025225497258829818
912.0449,0.02567339595743422
912.164102,0.025814988658195783
912.283304,0.02607182629449363
912.402506,0.026110963379410854
912.521708,0.026223482264171767
912.64091,0.02623135048902573
912.760112,0.026210373800428708
912.879314,0.026275981710646767
912.998516,0.026265473419760797
913.117718,0.026215616399431218
913.23692,0.026210373800428708
913.356122,0.026087474084137783
913.475324,0.026134473824565692
913.594526,0.02619989174745889
913.713728,0.026418255806216408
913.83293,0.026662425216716093
913.952132,0.027041028291463102
914.071334,0.02730733313111072
914.190536,0.027733894102096156
914.309738,0.028265875913554974
914.42894,0.02877063586484217
914.548142,0.029422370282734464
914.667344,0.030272971326385685
914.786546,0.031201160167570855
914.905748,0.032202860338138066
915.02495,0.03320682008199073
915.144152,0.03448951204008336
915.263354,0.03630136264449647
915.382556,0.038223682298671575
915.501758,0.04024377280524539
915.62096,0.04211716085878507
915.740162,0.04372216925107248
915.859364,0.045243331041323005
915.978566,0.046850200063874685
916.097768,0.04843173491799419
916.21697,0.05096072708810788
916.336172,0.05423113982512323
916.455374,0.05733179056206693
916.574576,0.0602712543213847
916.693778,0.0630580215150387
916.81298,0.06583524142883178
916.932182,0.06831677055589383
917.051384,0.07119732724233875
917.170586,0.07357867772818044
917.289788,0.07600926790592794
917.40899,0.07845735893968099
917.528192,0.08087099890225238
917.647394,0.08340058126811975
917.766596,0.0852727786729498
917.885798,0.08702150560605396
918.005,0.08872620493357045
918.124202,0.09021135255695854
918.243404,0.0916388473040563
918.362606,0.09352747832823605
918.481808,0.09517861450234763
918.60101,0.0971401983663518
918.720212,0.09887488657999087
918.839414,0.10063048856354875
918.958616,0.10230466560270111
919.077818,0.10435048475476504
919.19702,0.10669297090750009
919.316222,0.1087395179853951
919.435424,0.11083640429648337
919.554626,0.11278183388572773
919.673828,0.11466963775023589
919.79303,0.11667068160520816
919.912232,0.1186829057444147
920.031434,0.12074190838489864
920.150636,0.12259120443737168
920.269838,0.12459335558671264
920.38904,0.12633729553320003
920.508242,0.12847769107887502
920.627444,0.13071969252998608
920.746646,0.13292104149817457
920.865848,0.13534881744163532
920.98505,0.13783471900450453
921.104252,0.14014187172790984
921.223454,0.14250189230902827
921.342656,0.145003122835054
921.461858,0.14788800716661055
921.58106,0.15070967123411227
921.700262,0.15323233193195826
921.819464,0.1564842363927572
921.938666,0.159853101675776
922.057868,0.16342518131741607
922.17707,0.16709379124427876
922.296272,0.17101568526332522
922.415474,0.1749071530241483
922.534676,0.179048242192003
922.653878,0.18321407519982297
922.77308,0.1870087260214377
922.892282,0.19092015022439984
923.011484,0.19499136567274972
923.130686,0.19851313693738498
923.249888,0.20183595812369184
923.36909,0.20539917459922774
923.488292,0.2083366495917783
923.607494,0.21159102390636406
923.726696,0.21468144516053309
923.845898,0.2175992958476154
923.9651,0.22062298157609878
924.084302,0.22315247428013266
924.203504,0.2262307008841292
924.322706,0.22997147488257746
924.441908,0.2336806124533342
924.56111,0.23747331968173874
924.680312,0.24147242369687225
924.799514,0.2458091148877772
924.918716,0.25042394934018714
925.037918,0.25522749354181423
925.15712,0.2603053276098348
925.276322,0.265856124997158
925.395524,0.2715524424678077
925.514726,0.2775095311219683
925.633928,0.2835122349373651
925.75313,0.2893842179390506
925.872332,0.2947581763500862
925.991534,0.29993184903987563
926.110736,0.3044951864509472
926.229938,0.30814032472688757
926.34914,0.31086392585315653
926.468342,0.3127034442588537
926.587544,0.31386259010002576
926.706746,0.31442805152481357
926.825948,0.31423945127963027
926.94515,0.31292241330005816
927.064352,0.31161089527997105
927.183554,0.31036694126548503
927.302756,0.3089734277866708
927.421958,0.30807870282433786
927.54116,0.3084794655773583
927.660362,0.3089116392801701
927.779564,0.311019396680551
927.898766,0.3140509641606528
928.017968,0.31768339670327495
928.13717,0.32303325642225295
928.256372,0.3289005018317685
928.375574,0.33621649370673334
928.494776,0.3438671115076803
928.613978,0.35232543473569317
928.73318,0.3609918128472215
928.852382,0.36976041873719223
928.971584,0.3778530180947505
929.090786,0.3854321911092514
929.209988,0.391394216724218
929.32919,0.3961588546737641
929.448392,0.39949660976782037
929.567594,0.40155530866569633
929.686796,0.4025282492960026
929.805998,0.4032615177816367
929.9252,0.4034389918909014
930.044402,0.4022787591313821
930.163604,0.40141478890005683
930.282806,0.4017481014804298
930.402008,0.40339865000884007
930.52121,0.40617141664504286
930.640412,0.41012634837053635
930.759614,0.41504430724689817
930.878816,0.4211062928872025
930.998018,0.4274448520411541
931.11722,0.4334624963995052
931.236422,0.4400222434729473
931.355624,0.4463285227603245
931.474826,0.45347279509114713
931.594028,0.4607590687698856
931.71323,0.46841060809603813
931.832432,0.47637972556250047
931.951634,0.48403890173979414
932.070836,0.49222468003133024
932.190038,0.5001186043447391
932.30924,0.5083424217073503
932.428442,0.5154010208867109
932.547644,0.5228189765373221
932.666846,0.5294640555516652
932.786048,0.5364027504380743
932.90525,0.5425201778856223
933.024452,0.5480712402649317
933.143654,0.5536957116949416
933.262856,0.5590200158156534
933.382058,0.564265722077308
933.50126,0.5694296688692198
933.620462,0.5745431935064763
933.739664,0.5788858332730219
933.858866,0.583605522243961
933.978068,0.5882813259552145
934.09727,0.5924018936620501
934.216472,0.5971601163248372
934.335674,0.6021853443974959
934.454876,0.6064700096792144
934.574078,0.6117203777385712
934.69328,0.6170655628654863
934.812482,0.6215244677131169
934.931684,0.6264539568527272
935.050886,0.6320542815468442
935.170088,0.6373922728459378
935.28929,0.6429296305515962
935.408492,0.6488069916238614
935.527694,0.6538417037616638
935.646896,0.6601620128964297
935.766098,0.6661169654919674
935.8853,0.6717829377085667
936.004502,0.677774935290118
936.123704,0.6843608103003004
936.242906,0.690637634599946
936.362108,0.696665428476102
936.48131,0.7033785880858845
936.600512,0.7094962981097147
936.719714,0.7158246816749392
936.838916,0.7226285145526806
936.958118,0.7285347162903674
937.07732,0.734930016462413
937.196522,0.7423384557426539
937.315724,0.7481214110060274
937.434926,0.7540926805701453
937.554128,0.7612450214093307
937.67333,0.7668071065901358
937.792532,0.7724252798512982
937.911734,0.7789565588050733
938.030936,0.7844283837607868
938.150138,0.7906261915251533
938.26934,0.796872968477631
938.388542,0.8026632643476963
938.507744,0.8092236076931321
938.626946,0.8149650908267982
938.746148,0.8200089698026064
938.86535,0.8250428125449698
938.984552,0.8307719086180633
939.103754,0.8352952698934897
939.222956,0.8400112452768842
939.342158,0.8439432719284633
939.46136,0.8485553191734438
939.580562,0.853994948770245
939.699764,0.8574349181701897
939.818966,0.8616811261644697
939.938168,0.8667193994261272
940.05737,0.8708635268477168
940.176572,0.8737071745726032
940.295774,0.877533629640358
940.414976,0.8810772257179739
940.534178,0.8844759113086664
940.65338,0.887905464991468
940.772582,0.8898521087566975
940.891784,0.8933561083934884
941.010986,0.8963717970601054
941.130188,0.8990649501610727
941.24939,0.9020728474869036
941.368592,0.9049840135715992
941.487794,0.9080162536912794
941.606996,0.9102736594586586
941.726198,0.912349626483615
941.8454,0.9143827788111728
941.964602,0.9162765952580662
942.083804,0.9187254039723528
942.203006,0.9204238578327865
942.322208,0.9225940103696182
942.44141,0.9241046095037486
942.560612,0.9255066145430623
942.679814,0.9263686624222238
942.799016,0.9281202266571139
942.918218,0.928794286595818
943.03742,0.9300787676718786
943.156622,0.9314451259644297
943.275824,0.9327034260459324
943.395026,0.93415210564774
943.514228,0.9342399200728843
943.63343,0.9353644869881078
943.752632,0.9364829156781055
943.871834,0.9383924756038372
943.991036,0.9392571331875658
944.110238,0.9408712229847997
944.22944,0.9419491375234262
944.348642,0.9432904852887126
944.467844,0.9441794835783103
944.587046,0.94502868259181
944.706248,0.946193675416989
944.82545,0.9466053592005266
944.944652,0.9472767403767025
945.063854,0.9479372224159968
945.183056,0.9487812620858864
945.302258,0.9496782841547299
945.42146,0.9499128836627626
945.540662,0.9509383928269338
945.659864,0.9507862548554438
945.779066,0.9516214117674404
945.898268,0.9519859525732556
946.01747,0.952623996882455
946.136672,0.9527840511581139
946.255874,0.9528964863096941
946.375076,0.9537306356223189
946.494278,0.9538670288550967
946.61348,0.9540826271653092
946.732682,0.9542572402626917
946.851884,0.954274417047607
946.971086,0.9544147056978761
947.090288,0.9543832105322612
947.20949,0.9544347486171457
947.328692,0.9549770215452926
947.447894,0.9549894363272686
947.567096,0.9551202788425531
947.686298,0.9556677195891254
947.8055,0.9557871855205392
947.924702,0.9564277775091907
948.043904,0.9563464846030999
948.163106,0.9566200388140839
948.282308,0.957134838863762
948.40151,0.9574804269154821
948.520712,0.9580263463310766
948.639914,0.9589551237806719
948.759116,0.9591085688757571
948.878318,0.9595479412088861
948.99752,0.95906636902713
949.116722,0.9595892026574728
949.235924,0.9594433561832818
949.355126,0.9593291892169652
949.474328,0.9589829338825061
949.59353,0.9593291892169652
949.712732,0.9592351795629702
949.831934,0.9595393053162768
949.951136,0.9591373425644265
950.070338,0.9601353642820317
950.18954,0.9599116788025243
950.308742,0.9601584078072957
950.427944,0.9606808760796282
950.547146,0.9607683020171712
950.666348,0.9611200075739003
950.78555,0.9617632119868539
950.904752,0.9614026183978824
951.023954,0.9625550689147493
951.143156,0.9630807674850265
951.262358,0.9636481891463502
951.38156,0.9646509045847123
951.500762,0.9647165030765475
951.619964,0.9652472430933652
951.739166,0.9657261244787053
951.858368,0.9653543914839742
951.97757,0.9660525950792025
952.096772,0.9658468477893148
952.215974,0.9661318146399566
952.335176,0.9659241186279304
952.454378,0.9659318460517891
952.57358,0.9660641877798996
952.692782,0.9661279501204271
952.811984,0.9662941384196319
952.931186,0.9665869699053027
953.050388,0.9660013956484602
953.16959,0.9661250517409243
953.288792,0.9660506629759444
953.407994,0.966324094002232
953.527196,0.9663617813767971
953.646398,0.9662815766774838
953.7656,0.9663743441616129
953.884802,0.966274812730121
954.004004,0.9667387359729024
954.123206,0.9667938416513497
954.242408,0.9660902718651031
954.36161,0.9665782706617202
954.480812,0.966178190080061
954.600014,0.9663637141022925
954.719216,0.9665357421534451
954.838418,0.9660670859768101
954.95762,0.9664390934117474
955.076822,0.9664468249554208
955.196024,0.9666449668633883
955.315226,0.9667145678066064
955.434428,0.9664970814969772
955.55363,0.9664352276631052
955.672832,0.9664806511862498
955.792034,0.9661627313526898
955.911236,0.9668876252024186
956.030438,0.9664120334959725
956.14964,0.9662699813681357
956.268842,0.9666729999739055
956.388044,0.9661598328688435
956.507246,0.9664593888458103
956.626448,0.966590836260915
956.74565,0.9663685459329426
956.864852,0.9663569495799696
956.984054,0.9665695714964305
957.103256,0.966637233734586
957.222458,0.9663337572914883
957.34166,0.9661115260848797
957.460862,0.9662525886650059
957.580064,0.9661820548005507
957.699266,0.9657521994360766
957.818468,0.9660381043989567
957.93767,0.9657550966970208
958.056872,0.9654065220286263
958.176074,0.9655387917824155
958.295276,0.9651652005645591
958.414478,0.9652028427413988
958.53368,0.9651082574975628
958.652882,0.9649885914930787
958.772084,0.9648216629064895
958.891286,0.9643644458072848
959.010488,0.9643384083187556
959.12969,0.964334550972837
959.248892,0.9639122649269061
959.368094,0.9637195017508808
959.487296,0.9635258135973405
959.606498,0.9635123243303753
959.7257,0.9630172062519162
959.844902,0.9627947749690743
959.964104,0.9628361760345145
960.083306,0.9623529535731309
960.202508,0.9619777090986661
960.32171,0.9617574414248937
960.440912,0.9617353212581238
960.560114,0.9612939860398474
960.679316,0.9607116183595366
960.798518,0.9607164219296372
960.91772,0.9606597413328375
961.036922,0.9606943257060404
961.156124,0.9600441557548985
961.275326,0.9597456284458614
961.394528,0.9592495681985782
961.51373,0.9595594558532683
961.632932,0.9586128379031467
961.752134,0.9583588391574226
961.871336,0.958209346839218
961.990538,0.9574450007950736
962.10974,0.9581346094249616
962.228942,0.9572133271385241
962.348144,0.956992236396919
962.467346,0.9572420439690886
962.586548,0.9562307736791149
962.70575,0.9564182132792368
962.824952,0.95611985734264
962.944154,0.9554364759825897
963.063356,0.9552434973059438
963.182558,0.9548299664075109
963.30176,0.9549264091043923
963.420962,0.9548137344360541
963.540164,0.954258194520409
963.659366,0.9538679827226024
963.778568,0.9536972556342254
963.89777,0.9534569542050573
964.016972,0.9530870846661563
964.136174,0.9523982517470491
964.255376,0.9523115874494255
964.374578,0.9516708973674668
964.49378,0.9513112337489683
964.612982,0.9510857997015596
964.732184,0.9502891236552948
964.851386,0.9505599946528203
964.970588,0.9495871194154285
965.08979,0.9495244487337023
965.208992,0.9487433115944178
965.328194,0.9489463643889732
965.447396,0.9484312263857352
965.566598,0.9475979216288366
965.6858,0.9473582096795047
965.805002,0.9466214516284183
965.924204,0.9464274141203585
966.043406,0.9461473130627805
966.162608,0.9451345317317016
966.28181,0.9450702647686453
966.401012,0.9443560616512746
966.520214,0.9436659896222631
966.639416,0.943203706555949
966.758618,0.9424230571203871
966.87782,0.9419924681803499
966.997022,0.9423099731387072
967.116224,0.9418238666188354
967.235426,0.9412523530037278
967.354628,0.9413314215222114
967.47383,0.9406924744340827
967.593032,0.9405476189471786
967.712234,0.9399148433524983
967.831436,0.9392627687472715
967.950638,0.9384300120535853
968.06984,0.9381691647696868
968.189042,0.9372989476279857
968.308244,0.9371236891119612
968.427446,0.9369953119605886
968.546648,0.9373026968312747
968.66585,0.9364220462668638
968.785052,0.9372333389979806
968.904254,0.9362226096117667
969.023456,0.9357780094730934
969.142658,0.9362881474882384
969.26186,0.934435196621868
969.381062,0.9339690297770544
969.500264,0.9336403305330339
969.619466,0.9330411258061299
969.738668,0.9313054196737688
969.85787,0.9323462690336906
969.977072,0.9313072822864708
970.096274,0.9304964668050013
970.215476,0.9308398833577096
970.334678,0.9295273944609637
970.45388,0.930055515993334
970.573082,0.9294967205630685
970.692284,0.9297467888135718
970.811486,0.9281527114335272
970.930688,0.9296305777283143
971.04989,0.9292718095720198
971.169092,0.9277332812063316
971.288294,0.9286456913978955
971.407496,0.9279420446796129
971.526698,0.9273817369146057
971.6459,0.9279698833585315
971.765102,0.9269756326571618
971.884304,0.9270803868221509
972.003506,0.9274392363647589
972.122708,0.9272760214224949
972.24191,0.9276739081762916
972.361112,0.9275765075295566
972.480314,0.9284961914766471
972.599516,0.9282928730748913
972.718718,0.9279012161278818
972.83792,0.9277768856952457
972.957122,0.9276219598919992
973.076324,0.9278325539784192
973.195526,0.9269200157877252
973.314728,0.9273353689869678
973.43393,0.9260648633267246
973.553132,0.9267022151765892
973.672334,0.9260824587262836
973.791536,0.9258352277166122
973.910738,0.9256445253027256
974.02994,0.9250828295677688
974.149142,0.9253150545010002
974.268344,0.924846038673927
974.387546,0.9246120822228815
974.506748,0.9239438292899792
974.62595,0.923838505696999
974.745152,0.9232345128414651
974.864354,0.9232825222843675
974.983556,0.9230221933211923
975.102758,0.9226779702446782
975.22196,0.9223910620124748
975.341162,0.9225903200009575
975.460364,0.922376303873548
975.579566,0.9219760794126569
975.698768,0.9218433244158106
975.81797,0.9217732669853711
975.937172,0.9218654489210897
976.056374,0.9216193437027365
976.175576,0.9218479336439558
976.294778,0.9213336859854224
976.41398,0.9212728799687679
976.533182,0.9214847971006968
976.652384,0.9212655098152089
976.771586,0.9211485165246935
976.890788,0.9210278539725986
977.00999,0.9211006180472054
977.129192,0.9209228627818572
977.248394,0.9211770725713223
977.367596,0.920963384279286
977.486798,0.9211604915332458
977.606,0.9213115742423007
977.725202,0.9214405668919694
977.844404,0.9210757486662564
977.963606,0.9210389063731604
978.082808,0.9211153557749957
978.20201,0.9210075915826983
978.321212,0.9213585623307732
978.440414,0.9213318433198932
978.559616,0.9213161808116883
978.678818,0.9210343011901416
978.79802,0.9218654489210897
978.917222,0.9217889372641069
979.036424,0.9219318256229446
979.155626,0.922069203699375
979.274828,0.922012037180926
979.39403,0.9222859154248747
979.513232,0.9223569341745492
979.632434,0.9225165157275677
979.751636,0.922729641657798
979.870838,0.9231265007222947
979.99004,0.923071114793846
980.109242,0.9235226069498155
980.228444,0.9237322703774918
980.347646,0.9236740770775662
980.466848,0.9240621016693991
980.58605,0.9246916022812661
980.705252,0.924474325285777
980.824454,0.9250069758857876
980.943656,0.9253594706895962
981.062858,0.925499210519762
981.18206,0.9262056358843936
981.301262,0.9261352469308806
981.420464,0.9267087021147997
981.539666,0.9270062233577833
981.658868,0.9272750941469371
981.77807,0.9276368019620937
981.897272,0.92788822560179
982.016474,0.9285909029183791
982.135676,0.9292959709531653
982.254878,0.9292141965058499
982.37408,0.9299625150918572
982.493282,0.9309366957397355
982.612484,0.9314507146519515
982.731686,0.9316808113942484
982.850888,0.9321933767830762
982.97009,0.9326987625404609
983.089292,0.9335404363621003
983.208494,0.9335619080390599
983.327696,0.9339428790103331
983.446898,0.9341857357288812
983.5661,0.9345996716898549
983.685302,0.935279372692551
983.804504,0.9354299647938934
983.923706,0.935817312974859
984.042908,0.9362151198608488
984.16211,0.9367358002032132
984.281312,0.9370890161769174
984.400514,0.9374470525616926
984.519716,0.9374451776694623
984.638918,0.9384027979778418
984.75812,0.9389059167013304
984.877322,0.9392214420946398
984.996524,0.93997029996421
985.115726,0.9399110837006442
985.234928,0.9405071762690876
985.35413,0.9410038951804106
985.473332,0.9414302665107424
985.592534,0.9422298801949888
985.711736,0.9425540630300265
985.830938,0.9426841444661374
985.95014,0.9437216675581338
986.069342,0.9442389687595392
986.188544,0.9443503955319031
986.307746,0.9453727356461306
986.426948,0.945516443223448
986.54615,0.9461823211610096
986.665352,0.9464766296254848
986.784554,0.9469424107000092
986.903756,0.9477391242384925
987.022958,0.9479239513877803
987.14216,0.948476752177212
987.261362,0.9495348935600848
987.380564,0.9501133364282385
987.499766,0.9503584972934287
987.618968,0.9514701159913024
987.73817,0.9521639905924227
987.857372,0.9524934963343737
987.976574,0.9529603325131007
988.095776,0.9539004147853569
988.214978,0.9538002604999964
988.33418,0.9544920164200796
988.453382,0.9548041863464503
988.572584,0.9551766326014244
988.691786,0.9558426227849646
988.810988,0.95665160779625
988.93019,0.9570314738829742
989.049392,0.957432554090967
989.168594,0.9584364693673754
989.287796,0.9588084148702514
989.406998,0.9593147993870509
989.5262,0.9602534681950802
989.645402,0.9603350932088907
989.764604,0.9604109626780587
989.883806,0.9612661089184724
990.003008,0.9614978019686129
990.12221,0.9618209195107815
990.241412,0.9629613528737173
990.360614,0.9624617056012584
990.479816,0.9633283110502557
990.599018,0.9645341888866997
990.71822,0.9639479303405145
990.837422,0.9653206046715449
990.956624,0.9655870699289483
991.075826,0.9655976914451357
991.195028,0.9659791778718657
991.31423,0.9662796441162631
991.433432,0.9658033856590696
991.552634,0.9672028819522928
991.671836,0.9676091924819512
991.791038,0.9667735391938516
991.91024,0.9684281362231493
992.029442,0.9686944905826564
992.148644,0.96897739067531
992.267846,0.9689454149490201
992.387048,0.9697296089534186
992.50625,0.9694959322768314
992.625452,0.9698838082197591
992.744654,0.9704018644820599
992.863856,0.970745447552702
992.983058,0.9700729540034765
993.10226,0.9712552227169389
993.221462,0.9703824566388493
993.340664,0.9709415579395898
993.459866,0.9718138550614086
993.579068,0.9708415561093048
993.69827,0.9718935470648512
993.817472,0.9723864220264581
993.936674,0.972231824876155
994.055876,0.9727443260800706
994.175078,0.9735393829309773
994.29428,0.9737428739260782
994.413482,0.9736445308622199
994.532684,0.9741870019300775
994.651886,0.9733836290903479
994.771088,0.9740740027919303
994.89029,0.9741402420762303
995.009492,0.9741840793734555
995.128694,0.9741704408918139
995.247896,0.9746459520822629
995.367098,0.9745660343908623
995.4863,0.9748847695944737
995.605502,0.9748019079107296
995.724704,0.974654723935305
995.843906,0.9747141796868469
995.963108,0.9751031682425982
996.08231,0.9746771412517535
996.201512,0.9749149914907681
996.320714,0.9754337842528801
996.439916,0.9746215862380352
996.559118,0.975458170402312
996.67832,0.9748214041438495
996.797522,0.9751597258665116
996.916724,0.9751948322485539
997.035926,0.9744637103293585
997.155128,0.9750427137202768
997.27433,0.9750524641961663
997.393532,0.9753479498566346
997.512734,0.9753089367189083
997.631936,0.9753947676818465
997.751138,0.9749003678755731
997.87034,0.9749861628828711
997.989542,0.9746040432073706
998.108744,0.9753791614904135
998.227946,0.9754503667681633
998.347148,0.9749383897313416
998.46635,0.9750339383753425
998.585552,0.9744968426587561
998.704754,0.974683964015622
998.823956,0.9752826037331138
998.943158,0.9746586225619979
999.06236,0.9749159664062471
999.181562,0.9756757218303943
999.300764,0.9743584739315106
999.419966,0.9754367105586222
999.539168,0.974185053558022
999.65837,0.97451633279051
999.777572,0.9751938570542092
999.896774,0.973855834651049
1000.015976,0.9744627358661354
1000.135178,0.973695161694215
1000.25438,0.9743652944647001
1000.373582,0.9736776353390422
1000.492784,0.9731879986424193
1000.611986,0.9729126254059544
1000.731188,0.972730707754834
1000.85039,0.9728172846404384
1000.969592,0.9723086342242495
1001.088794,0.9720733640036121
1001.207996,0.9723300252495028
1001.327198,0.9717710961924879
1001.4464,0.9714864089700184
1001.565602,0.9714543504474908
1001.684804,0.970659055052393
1001.804006,0.9709036919572217
1001.923208,0.970154443554126
1002.04241,0.9702417613832892
1002.161612,0.9697131236901916
1002.280814,0.9692642504361
1002.400016,0.9689454149490201
1002.519218,0.9682828828969876
1002.63842,0.9681289381575381
1002.757622,0.96756274835538
1002.876824,0.9676691861116684
1002.996026,0.9672850976913782
1003.115228,0.9664903160410859
1003.23443,0.9666121014932294
1003.353632,0.9662149055488735
1003.472834,0.9660641877798996
1003.592036,0.9655909322849526
1003.711238,0.9646248593619006
1003.83044,0.9648380650141763
1003.949642,0.96442809596114
1004.068844,0.9639816691085014
1004.188046,0.9639296155038295
1004.307248,0.9622913649549589
1004.42645,0.9626340016665988
1004.545652,0.9621210544562857
1004.664854,0.9610508094245183
1004.784056,0.9611940166637969
1004.903258,0.960336053544464
1005.02246,0.9606069065000353
1005.141662,0.9603178073327863
1005.260864,0.9598540858296026
1005.380066,0.9593215146141499
1005.499268,0.9595441030247976
1005.61847,0.9598022551084099
1005.737672,0.9592140766211531
1005.856874,0.9590155398565565
1005.976076,0.9588860814973118
1006.095278,0.9585256081039136
1006.21448,0.9577274887352306
1006.333682,0.9576796035579332
1006.452884,0.9575187268985533
1006.572086,0.956242248517248
1006.691288,0.9571386674107746
1006.81049,0.9561131645270635
1006.929692,0.9554804270713523
1007.048894,0.9558665191492375
1007.168096,0.955023816565817
1007.287298,0.9547373523926217
1007.4065,0.9545951071246508
1007.525702,0.9537153760542258
1007.644904,0.9535093957796686
1007.764106,0.9533025066890626
1007.883308,0.9531585688781308
1008.00251,0.9523963469524503
1008.121712,0.9524039661537027
1008.240914,0.9524306338381009
1008.360116,0.951308379819548
1008.479318,0.9513549950722235
1008.59852,0.9510401486788073
1008.717722,0.9501418402558867
1008.836924,0.9496659384172833
1008.956126,0.950272018605015
1009.075328,0.948443556071821
1009.19453,0.9490725826487652
1009.313732,0.9487831596503081
1009.432934,0.9479334306746906
1009.552136,0.9479988403380145
1009.671338,0.9476102404818901
1009.79054,0.9471687569834699
1009.909742,0.9466640505522101
1010.028944,0.9469708193984585
1010.148146,0.9456384227121317
1010.267348,0.9459590484804282
1010.38655,0.9454814597622467
1010.505752,0.9453179056175494
1010.624954,0.9447319901686244
1010.744156,0.944926625005299
1010.863358,0.9441275551347588
1010.98256,0.9438943844264084
1011.101762,0.9434074605612054
1011.220964,0.9427953877584095
1011.340166,0.9425889381755449
1011.459368,0.942202555924667
1011.57857,0.9421271827351607
1011.697772,0.9415799658238976
1011.816974,0.9418897965970211
1011.936176,0.941276825883052
1012.055378,0.9412015267489868
1012.17458,0.940612518971911
1012.293782,0.9403087501895825
1012.412984,0.9397296983657378
1012.532186,0.9396159979512494
1012.651388,0.9392918863444232
1012.77059,0.9391481856791937
1012.889792,0.9385998832586473
1013.008994,0.9381213193623518
1013.128196,0.9379008867541476
1013.247398,0.9372492721001745
1013.3666,0.9370224852186457
1013.485802,0.9368781948665643
1013.605004,0.9370243592654902
1013.724206,0.9365372332624096
1013.843408,0.9362291631929714
1013.96261,0.9360475523521332
1014.081812,0.9353485859269884
1014.201014,0.9355094797202375
1014.320216,0.9350091160078149
1014.439418,0.9355628052803455
1014.55862,0.935644202785145
1014.677822,0.9354758019851703
1014.797024,0.9352868549574617
1014.916226,0.9348277418331732
1015.035428,0.9348296114905265
1015.15463,0.933889645783391
1015.273832,0.9335665758602697
1015.393034,0.9335787123046425
1015.512236,0.9327780453047466
1015.631438,0.9326017669130168
1015.75064,0.9317339187140421
1015.869842,0.9317562805964328
1015.989044,0.9309916226251113
1016.108246,0.9309888296544329
1016.227448,0.9304024914076914
1016.34665,0.9300397051839544
1016.465852,0.9296519594774911
1016.585054,0.9292931830694343
1016.704256,0.9288453716864079
1016.823458,0.9285286894120593
1016.94266,0.927745341817381
1017.061862,0.9275245646995477
1017.181064,0.9274587127932243
1017.300266,0.9270859493211594
1017.419468,0.9262454635830261
1017.53867,0.9259954110664674
1017.657872,0.926113019951679
1017.777074,0.9256713693831966
1017.896276,0.9256584100747407
1018.015478,0.9258963348581549
1018.13468,0.9253585453305883
1018.253882,0.9251892202105138
1018.373084,0.9255973186357154
1018.492286,0.9258259694106267
1018.611488,0.9256908086860657
1018.73069,0.9253557692591163
1018.849892,0.9252410322575693
1018.969094,0.9250439769048385
1019.088296,0.9246601633012543
1019.207498,0.9239004049504825
1019.3267,0.9234117908860783
1019.445902,0.9224694685849779
1019.565104,0.9214940119947421
1019.684306,0.9208878683779694
1019.803508,0.9198009417619154
1019.92271,0.9190479331897135
1020.041912,0.9177594130476892
1020.161114,0.9169393027763375
1020.280316,0.9156491607111806
1020.399518,0.9147980028414759
1020.51872,0.9133848178025911
1020.637922,0.9122720800611335
1020.757124,0.9104748521683744
1020.876326,0.9093938502862552
1020.995528,0.9080162536912794
1021.11473,0.9066969574192307
1021.233932,0.9049125226584552
1021.353134,0.9038968762876854
1021.472336,0.9020006845456608
1021.591538,0.9003515327270933
1021.71074,0.8987413450314329
1021.829942,0.8962732015852793
1021.949144,0.8949029520950152
1022.068346,0.8929988374090915
1022.187548,0.8915266042537325
1022.30675,0.8896652594337242
1022.425952,0.8874172512568068
1022.545154,0.8853519760413521
1022.664356,0.8832561763617458
1022.783558,0.8813063355796519
1022.90276,0.8791146126315373
1023.021962,0.8773405934765937
1023.141164,0.8747562525029592
1023.260366,0.8723016377822652
1023.379568,0.8701758163429232
1023.49877,0.8680291343202451
1023.617972,0.8656713031789276
1023.737174,0.8632076523349038
1023.856376,0.860527246727291
1023.975578,0.8580267524230633
1024.09478,0.8555934134230898
1024.213982,0.8526125969605233
1024.333184,0.8497016424484408
1024.452386,0.8471309430481909
1024.571588,0.8439601509626916
1024.69079,0.8404985931163563
1024.809992,0.8375871173301301
1024.929194,0.8344019819489811
1025.048396,0.830705449523773
1025.167598,0.8270252933204176
1025.2868,0.823098007280225
1025.406002,0.8190828830043139
1025.525204,0.8149487916879736
1025.644406,0.8102033608895866
1025.763608,0.8059528797766806
1025.88281,0.80087531956757
1026.002012,0.7959570912941994
1026.121214,0.790610379159447
1026.240416,0.7851582414889234
1026.359618,0.7797047161595978
1026.47882,0.7735074325732437
1026.598022,0.7673594065109929
1026.717224,0.7610775659253992
1026.836426,0.7545301811877906
1026.955628,0.748241120008253
1027.07483,0.7413962843093566
1027.194032,0.7345259160911474
1027.313234,0.7271300002749175
1027.432436,0.7200749321187777
1027.551638,0.7126890989622109
1027.67084,0.7050264211948367
1027.790042,0.6974391564412887
1027.909244,0.6900163403531545
1028.028446,0.6814857076266136
1028.147648,0.6739091294053319
1028.26685,0.6658439135155959
1028.386052,0.6572636810457309
1028.505254,0.6490730570301083
1028.624456,0.6405167541909697
1028.743658,0.632123811341883
1028.86286,0.6237722258038315
1028.982062,0.6152725122315309
1029.101264,0.6064336225702578
1029.220466,0.5978352886568078
1029.339668,0.5894413824478195
1029.45887,0.5802768277986305
1029.578072,0.5718148664751633
1029.697274,0.5630820073963757
1029.816476,0.5544936078671499
1029.935678,0.5459870617208269
1030.05488,0.5369931181062448
1030.174082,0.528348064179391
1030.293284,0.5197694141914062
1030.412486,0.5111562308435703
1030.531688,0.502771241801827
1030.65089,0.49411351536658976
1030.770092,0.48553689515407944
1030.889294,0.4776629121364334
1031.008496,0.46897772797016485
1031.127698,0.46113243480842103
1031.2469,0.452711600377986
1031.366102,0.4449336985227623
1031.485304,0.4370664657124748
1031.604506,0.4292696511733581
1031.723708,0.42148545915002555
1031.84291,0.4140493952814219
1031.962112,0.4062973493027563
1032.081314,0.39905740510392734
1032.200516,0.3914294437889173
1032.319718,0.3843621776258339
1032.43892,0.37720744155905733
1032.558122,0.3699823415586233
1032.677324,0.36312795998045994
1032.796526,0.35622240857951976
1032.915728,0.34972784943788765
1033.03493,0.3429742182819502
1033.154132,0.336586535335394
1033.273334,0.3303178190377892
1033.392536,0.32429554598699933
1033.511738,0.31800123899463706
1033.63094,0.3121410843349565
1033.750142,0.3061132951394408
1033.869344,0.3004121241159416
1033.988546,0.2947581763500862
1034.107748,0.2896737468973414
1034.22695,0.2840230165257709
1034.346152,0.27881689581863917
1034.465354,0.27362410337040804
1034.584556,0.26836695498502333
1034.703758,0.26365865129087845
1034.82296,0.25874817178312065
1034.942162,0.2540307388986042
1035.061364,0.24929957331160452
1035.180566,0.24470545895904064
1035.299768,0.24019600534778515
1035.41897,0.23574607655586352
1035.538172,0.23158692267763173
1035.657374,0.2275694073199693
1035.776576,0.22337573836785132
1035.895778,0.21919358277463033
1036.01498,0.21498220966978945
1036.134182,0.2107674259730094
1036.253384,0.2069454597297567
1036.372586,0.20288823866420264
1036.491788,0.19912948250392906
1036.61099,0.19516693689705508
1036.730192,0.1914171884847235
1036.849394,0.1872894496005185
1036.968596,0.1836359525457528
1037.087798,0.17960415295929566
1037.207,0.17560818276101256
1037.326202,0.1714609045793138
1037.445404,0.16727769554346833
1037.564606,0.16327816482157712
1037.683808,0.15932645588373373
1037.80301,0.15533052703283803
1037.922212,0.15128345748822877
1038.041414,0.1470474434082972
1038.160616,0.1428300238679805
1038.279818,0.1386087587193085
1038.39902,0.13445845666907724
1038.518222,0.13041938272582848
1038.637424,0.1259210696084413
1038.756626,0.12135926503900965
1038.875828,0.11713829894281459
1038.99503,0.11291725332180194
1039.114232,0.10890274965551987
1039.233434,0.10470588023287974
1039.352636,0.10047965598341964
1039.471838,0.09660739383092005
1039.59104,0.09284721372318742
1039.710242,0.08923338840137655
1039.829444,0.08559743168195844
1039.948646,0.08209320753419988
1040.067848,0.07859870936298877
1040.18705,0.07528307025992123
1040.306252,0.07225888382737922
1040.425454,0.06918992634530656
1040.544656,0.06631759714757623
1040.663858,0.06350732661344054
1040.78306,0.06118213768241423
1040.902262,0.05889494590917182
1041.021464,0.056926176482972754
1041.140666,0.055487361770931984
1041.259868,0.05350393908679544
1041.37907,0.05171021162743495
1041.498272,0.05032265025259565
1041.617474,0.04965282459391862
1041.736676,0.04914893996334872
1041.855878,0.04791627796693928
1041.97508,0.04678465567556267
1042.094282,0.04695807953785982
1042.213484,0.047056795119972565
1042.332686,0.04708974640816191
1042.451888,0.04723595112224845
1042.57109,0.04715571822262806
1042.690292,0.04814682898095645
1042.809494,0.048947841842351916
1042.928696,0.05007166498738146
1043.047898,0.05144716089765817
1043.1671,0.05263889414865748
1043.286302,0.05411737392749195
1043.405504,0.056642255993282896
1043.524706,0.059237529126400554
1043.643908,0.06047047799891774
1043.76311,0.06181557027835006
1043.882312,0.06376186465659664
1044.001514,0.06642379023482761
1044.120716,0.06801003575929945
1044.239918,0.07006723485410198
1044.35912,0.07327029533806331
1044.478322,0.074922577397689
1044.597524,0.0751852658552205
1044.716726,0.07638262730215813
1044.835928,0.0774362702707299
1044.95513,0.07722747434234577
1045.074332,0.07774663566878852
1045.193534,0.07928550134764506
1045.312736,0.07892951815448669
1045.431938,0.07773886139394189
1045.55114,0.07644375785295987
1045.670342,0.07541116032507011
1045.789544,0.0739548875040884
1045.908746,0.07246873873301848
1046.027948,0.07096985993695727
1046.14715,0.06966898769808184
1046.266352,0.06830993922041072
1046.385554,0.06675674086894016
1046.504756,0.06526495915335022
1046.623958,0.06412634506748009
1046.74316,0.06303280335040184
1046.862362,0.06180938903038976
1046.981564,0.06080398192299562
1047.100766,0.06008470273734039
1047.219968,0.05938580822085593
1047.33917,0.05865983665751736
1047.458372,0.05815752509787892
1047.577574,0.05750979487694565
1047.696776,0.0572401330427367
1047.815978,0.056977433103827003
1047.93518,0.056948951508267336
1048.054382,0.056971735645394275
1048.173584,0.05688065375330613
1048.292786,0.0570230332879517
1048.411988,0.056903410565866536
1048.53119,0.05734899267942414
1048.650392,0.057538556964306736
1048.769594,0.05783853673196295
1048.888796,0.05823317904491712
1049.007998,0.05875376752082143
1049.1272,0.0592493778170554
1049.246402,0.05974916877397034
1049.365604,0.06047047799891774
1049.484806,0.06116990247843893
1049.604008,0.061895982776510934
1049.72321,0.06258059706244506
1049.842412,0.06329809785294607
1049.961614,0.06400462068663243
1050.080816,0.06504993976526453
1050.200018,0.06583524142883178
1050.31922,0.06678344890653914
1050.438422,0.06781987400986161
1050.557624,0.06865920979335219
1050.676826,0.06956456255497176
1050.796028,0.07060883504726863
1050.91523,0.07161863310322078
1051.034432,0.07296320543785591
1051.153634,0.07401407508596775
1051.272836,0.0751852658552205
1051.392038,0.07628339440202571
1051.51124,0.07759905730486004
1051.630442,0.07896109627695193
1051.749644,0.0804917970298591
1051.868846,0.08217534180202346
1051.988048,0.08398643342732612
1052.10725,0.0858889582640294
1052.226452,0.08766785328445162
1052.345654,0.08904619490769564
1052.464856,0.09067260565062223
1052.584058,0.09253206924572938
1052.70326,0.09556964789248457
1052.822462,0.09852942937971551
1052.941664,0.10102371375966619
1053.060866,0.10328119107765849
1053.180068,0.10617145410967577
1053.29927,0.10800259763189389
1053.418472,0.11010729274292631
1053.537674,0.11262404979292408
1053.656876,0.11593796678622781
1053.776078,0.11896808679857943
1053.89528,0.12179694574572712
1054.014482,0.12446882450704337
1054.133684,0.128516240168273
1054.252886,0.13194105620865476
1054.372088,0.13445845666907724
1054.49129,0.13677746731088952
1054.610492,0.13885847916598074
1054.729694,0.14293003988621047
1054.848896,0.14600710413480741
1054.968098,0.14790279670679188
1055.0873,0.15007801801521864
1055.206502,0.15208738834782706
1055.325704,0.1528955913521644
1055.444906,0.1545249047256009
1055.564108,0.15717428402439843
1055.68331,0.1602051656278108
1055.802512,0.16244756600828314
1055.921714,0.16432649615841122
1056.040916,0.1663768305122189
1056.160118,0.16821707845574674
1056.27932,0.1700606739532803
1056.398522,0.1718900931028809
1056.517724,0.17351347793324462
1056.636926,0.17562574445735885
1056.756128,0.1775860497880271
1056.87533,0.1795502797947866
1056.994532,0.18180874428829266
1057.113734,0.1847041358075052
1057.232936,0.18836004776937976
1057.352138,0.19151292101010275
1057.47134,0.19444615350211014
1057.590542,0.1975230485363839
1057.709744,0.20185614272871763
1057.828946,0.20554300435598902
1057.948148,0.2091089230200752
1058.06735,0.2129495491028975
1058.186552,0.21770812269998505
1058.305754,0.2222394221714404
1058.424956,0.2280250015770015
1058.544158,0.2333770250317241
1058.66336,0.23916537995740042
1058.782562,0.24477888160957526
1058.901764,0.2508249483728111
1059.020966,0.25774101913739134
1059.140168,0.26490076362942017
1059.25937,0.2720688825712324
1059.378572,0.2795148100875249
1059.497774,0.2874230806806534
1059.616976,0.29520064538342344
1059.736178,0.3028250599833612
1059.85538,0.31070853274174515
1059.974582,0.31975506440789464
1060.093784,0.3290649932021001
1060.212986,0.3383075114244174
1060.332188,0.3479835745119177
1060.45139,0.3576501517966149
1060.570592,0.36740150862138576
1060.689794,0.37658932834627473
1060.808996,0.38606481851535074
1060.928198,0.3955650618477091
1061.0474,0.40537610033301164
1061.166602,0.4150111050304248
1061.285804,0.42512586540861813
1061.405006,0.43443888504171263
1061.524208,0.4442845693025569
1061.64341,0.4535907133465797
1061.762612,0.46391218552545654
1061.881814,0.4737431413745288
1062.001016,0.4834535688664928
1062.120218,0.49263339610946494
1062.23942,0.5020477722367348
1062.358622,0.5113453936419421
1062.477824,0.5207370849566344
1062.597026,0.5305134329224229
1062.716228,0.540176144011053
1062.83543,0.5489323879361827
1062.954632,0.557657669715211
1063.073834,0.5669296823298919
1063.193036,0.5755783025734689
1063.312238,0.5836580491046363
1063.43144,0.5921649802904184
1063.550642,0.601390984136005
1063.669844,0.6093271276925619
1063.789046,0.6169421620934017
1063.908248,0.6244774868164163
1064.02745,0.6322818620502338
1064.146652,0.6409716825669078
1064.265854,0.649274300868971
1064.385056,0.6552096619408748
1064.504258,0.6629206362223915
1064.62346,0.6698107963400485
1064.742662,0.6784191274214575
1064.861864,0.6861493250115874
1064.981066,0.6926641702943158
1065.100268,0.6990660843107291
1065.21947,0.7047162778060602
1065.338672,0.7101493350549096
1065.457874,0.7155527199718988
1065.577076,0.7206728424108825
1065.696278,0.7257279927468463
1065.81548,0.7305117230056691
1065.934682,0.7358198200049122
1066.053884,0.7400777727467076
1066.173086,0.745619397491697
1066.292288,0.7512325660432502
1066.41149,0.7557535107106862
1066.530692,0.7608112353878882
1066.649894,0.7653285960959857
1066.769096,0.7690725274073803
1066.888298,0.7728347737559185
1067.0075,0.7763514203762912
1067.126702,0.7784581861037135
1067.245904,0.78128912436363
1067.365106,0.7831351441436694
1067.484308,0.7859752308208865
1067.60351,0.7889123928336329
1067.722712,0.7949389179872739
1067.841914,0.8021657673638023
1067.961116,0.8076875425624888
1068.080318,0.8119471720407561
1068.19952,0.8162374285338695
1068.318722,0.8198695801261981
1068.437924,0.8229663221341527
1068.557126,0.8270170231088355
1068.676328,0.8293110360038959
1068.79553,0.8322936131458075
1068.914732,0.8349194715829991
1069.033934,0.8373693729876154
1069.153136,0.8390122264291117
1069.272338,0.8412133206366688
1069.39154,0.8428890018945986
1069.510742,0.8447960852313328
1069.629944,0.8461573024143533
1069.749146,0.8476054692312283
1069.868348,0.8494552646986312
1069.98755,0.8502626306381955
1070.106752,0.8520159769840048
1070.225954,0.852842833442229
1070.345156,0.8539437106104789
1070.464358,0.8543109853644544
1070.58356,0.8551571720332539
1070.702762,0.8564323059584473
1070.821964,0.8569291807756713
1070.941166,0.8575035157075082
1071.060368,0.8580524936117518
1071.17957,0.8593405381440604
1071.298772,0.859778913594752
1071.417974,0.8602863328277273
1071.537176,0.8599680857639185
1071.656378,0.8601572995555404
1071.77558,0.8595983789796952
1071.894782,0.8581812111393669
1072.013984,0.8571520113293896
1072.133186,0.8556875338750963
1072.252388,0.8557132048861757
1072.37159,0.8544476860578766
1072.490792,0.8553538808034631
1072.609994,0.85628672484118
1072.729196,0.8585760653059867
1072.848398,0.8609834470504633
1072.9676,0.8653424105772716
1073.086802,0.8666413981902871
1073.206004,0.8664854167773611
1073.325206,0.866754068895489
1073.444408,0.8670228043086835
1073.56361,0.8675778765075982
1073.682812,0.8672395871064813
1073.802014,0.8658444547541437
1073.921216,0.8642009121500172
1074.040418,0.8615863464535712
1074.15962,0.8607079764250578
1074.278822,0.8612676184736958
1074.398024,0.878139336789745
1074.517226,0.888438368125416
1074.636428,0.8915979292350341
1074.75563,0.8935437328761322
1074.874832,0.8963986886173886
1074.994034,0.8989750481612314
1075.113236,0.9023976521733346
1075.232438,0.9058649915430835
1075.35164,0.9080089895903063
1075.470842,0.9096603417234781
1075.590044,0.9106770000231375
1075.709246,0.9116993530499595
1075.828448,0.9124764518958581
1075.94765,0.9124673271769629
1076.066852,0.9128342127815536
1076.186054,0.9130396235872786
1076.305256,0.9129547148506024
1076.424458,0.913142802894265
1076.54366,0.9131565001390375
1076.662862,0.913331843019442
1076.782064,0.9133957784861686
1076.901266,0.9132825244315329
1077.020468,0.9131026254948469
1077.13967,0.9131400634699655
1077.258872,0.9133062700858603
1077.378074,0.9129930597538635
1077.497276,0.9138023300586109
1077.616478,0.9134578915109246
1077.73568,0.9134962575480492
1077.854882,0.9135528960717932
1077.974084,0.9134250076187438
1078.093286,0.9136013156583928
1078.212488,0.9138361413703285
1078.33169,0.9140088727236462
1078.450892,0.914427584665069
1078.570094,0.9144339856805652
1078.689296,0.9144312423827231
1078.808498,0.9145464679783234
1078.9277,0.914786110544739
1079.046902,0.9151850442501647
1079.166104,0.9153827455706967
1079.285306,0.9156711365547469
1079.404508,0.915610704254022
1079.52371,0.9157269941977174
1079.642912,0.9160072495348217
1079.762114,0.9157663713050697
1079.881316,0.9162527723762882
1080.000518,0.9161813074472114
1080.11972,0.9167320979089421
1080.238922,0.9164516208021678
1080.358124,0.9168512808283922
1080.477326,0.9166239299034267
1080.596528,0.9171162891404081
1080.71573,0.9168182747763948
1080.834932,0.9172823022124723
1080.954134,0.9167284309878843
1081.073336,0.9172043365303727
1081.192538,0.9174088959049416
1081.31174,0.9168934569573538
1081.430942,0.9169246318648607
1081.550144,0.9173511009650592
1081.669346,0.9171456373312292
1081.788548,0.9167201804691327
1081.90775,0.9163398205243856
1082.026952,0.9161886369269888
1082.146154,0.9160081655425293
1082.265356,0.9157178369735617
1082.384558,0.9151182381803856
1082.50376,0.9149087000968686
1082.622962,0.9140957076911506
1082.742164,0.9134615453497983
1082.861366,0.9129528889429986
1082.980568,0.912101501131789
1083.09977,0.9120066475081453
1083.218972,0.9108828362837641
1083.338174,0.9103765261940384
1083.457376,0.9093529284837397
1083.576578,0.9085866669896263
1083.69578,0.9076930574373118
1083.814982,0.9068438542246526
1083.934184,0.9057997716116382
1084.053386,0.9048781366359329
1084.172588,0.9039059153016433
1084.29179,0.9024969213747797
1084.410992,0.9017391422726052
1084.530194,0.9004775907655319
1084.649396,0.8989930278419909
1084.768598,0.8979597800913017
1084.8878,0.8966676485659488
1085.007002,0.8953057490459748
1085.126204,0.8938028981358126
1085.245406,0.8925703008241435
1085.364608,0.8911700649246508
1085.48381,0.889567401637464
1085.603012,0.8881807583538819
1085.722214,0.8867076013536106
1085.841416,0.8848917126926525
1085.960618,0.8836802410937931
1086.07982,0.8820381234881544
1086.199022,0.8802670074278741
1086.318224,0.8788509178039496
1086.437426,0.8772440913190273
1086.556628,0.8755088664577262
1086.67583,0.8736547537147703
1086.795032,0.8721969678660518
1086.914234,0.8700365993499648
1087.033436,0.8684198353318238
1087.152638,0.8669967940147105
1087.27184,0.8645466616601691
1087.391042,0.8627675286732864
1087.510244,0.86088013523565
1087.629446,0.8585417229502261
1087.748648,0.8565864776485558
1087.86785,0.8545929545119751
1087.987052,0.8528598904694675
1088.106254,0.8502541280544021
1088.225456,0.8481990007714933
1088.344658,0.8463688681845762
1088.46386,0.8440783136550218
1088.583062,0.8416256161679365
1088.702264,0.8395913446381534
1088.821466,0.8371684284524071
1088.940668,0.8348777266530519
1089.05987,0.8325766410863005
1089.179072,0.8300079499370125
1089.298274,0.8281673760810561
1089.417476,0.8247293558367492
1089.536678,0.8229498629723022
1089.65588,0.8204108726559673
1089.775082,0.818067849680109
1089.894284,0.8157804635360318
1090.013486,0.813458799158169
1090.132688,0.8113871217316246
1090.25189,0.8093854686002219
1090.371092,0.807098145812406
1090.490294,0.804970216809646
1090.609496,0.8029442456590792
1090.728698,0.8013559889457038
1090.8479,0.7994270463218307
1090.967102,0.798228804658266
1091.086304,0.7959411723115639
1091.205506,0.7941205524323581
1091.324708,0.7916784239393294
1091.44391,0.7891806686515009
1091.563112,0.7864076360983892
1091.682314,0.7838324446746658
1091.801516,0.7815235462624657
1091.920718,0.7788397240840756
1092.03992,0.776483411336669
1092.159122,0.7740258562055913
1092.278324,0.7712058115427869
1092.397526,0.7685804784622973
1092.516728,0.766331833533922
1092.63593,0.7646248175753367
1092.755132,0.7622962647299344
1092.874334,0.7602180340029011
1092.993536,0.7583501960219211
1093.112738,0.756411302362883
1093.23194,0.7544471874326001
1093.351142,0.7518037198043808
1093.470344,0.7499415566160401
1093.589546,0.7480615636870716
1093.708748,0.7461713600467984
1093.82795,0.7448592534456235
1093.947152,0.7430811654913785
1094.066354,0.740610820617291
1094.185556,0.7381855966672382
1094.304758,0.7354887755764928
1094.42396,0.7328091348648961
1094.543162,0.7298326629151591
1094.662364,0.7273554455172098
1094.781566,0.7240245343114984
1094.900768,0.7206800491753403
1095.01997,0.7172290739058156
1095.139172,0.7138874229587788
1095.258374,0.7105400246189713
1095.377576,0.7072578284524514
1095.496778,0.7038922419160246
1095.61598,0.7005286602864433
1095.735182,0.6967420658882149
1095.854384,0.6930868243345718
1095.973586,0.6899197448273496
1096.092788,0.6858131942011058
1096.21199,0.6825223535535216
1096.331192,0.6794375197158619
1096.450394,0.6756500597937047
1096.569596,0.6726366440282243
1096.688798,0.6699179746414983
1096.808,0.6669101165121615
1096.927202,0.663769717933123
1097.046404,0.6604195262933077
1097.165606,0.6574345918202406
1097.284808,0.6552686334641282
1097.40401,0.6533253727932781
1097.523212,0.6513227395137714
1097.642414,0.649319751660791
1097.761616,0.6475560017235987
1097.880818,0.6472646670780347
1098.00002,0.6482427750109632
1098.119222,0.646759997484442
1098.238424,0.6439527017902725
1098.357626,0.6409396347839807
1098.476828,0.6376855407378907
1098.59603,0.6351271905932444
1098.715232,0.6320353202028194
1098.834434,0.6293548700830964
1098.953636,0.6262347363336574
1099.072838,0.6231612284601423
1099.19204,0.6196688850331855
1099.311242,0.616498123609731
1099.430444,0.6124058883759367
1099.549646,0.6088581263929116
1099.668848,0.604580771992356
1099.78805,0.6000033742690825
1099.907252,0.5956154728003885
1100.026454,0.5909109203054741
1100.145656,0.5866833749471771
1100.264858,0.5820435534174649
1100.38406,0.577734995927753
1100.503262,0.5721695016179119
1100.622464,0.5670714324685034
1100.741666,0.5612268993836987
1100.860868,0.5548596944436235
1100.98007,0.5495310504508311
1101.099272,0.5436932879726442
1101.218474,0.5373745186012541
1101.337676,0.5309486323447968
1101.456878,0.5246887758895373
1101.57608,0.5185027228127089
1101.695282,0.5123281199130615
1101.814484,0.505498605085599
1101.933686,0.4988898245968145
1102.052888,0.4921853036320047
1102.17209,0.48639219253046106
1102.291292,0.47968770567398433
1102.410494,0.47340216907749605
1102.529696,0.466615360442444
1102.648898,0.4600500458917227
1102.7681,0.45340931334366036
1102.887302,0.4467795422948369
1103.006504,0.4407180281427774
1103.125706,0.43522157924824617
1103.244908,0.4285405127096584
1103.36411,0.4224433179006656
1103.483312,0.4159084978526322
1103.602514,0.40959762648007825
1103.721716,0.40299948296561966
1103.840918,0.39642833430763386
1103.96012,0.38906844487723635
1104.079322,0.3826019979332283
1104.198524,0.3769547972185179
1104.317726,0.37204517273423204
1104.436928,0.36670410849492646
1104.55613,0.3605588824819756
1104.675332,0.3537021868527578
1104.794534,0.3472535757723937
1104.913736,0.3421178536380734
1105.032938,0.3359476280723612
1105.15214,0.3289005018317685
1105.271342,0.32103664612017563
1105.390544,0.31320417024363423
1105.509746,0.30479983393575333
1105.628948,0.2965616963694694
1105.74815,0.28877714872714905
1105.867352,0.2807193115932029
1105.986554,0.2730227920279987
1106.105756,0.265324944105116
1106.224958,0.2574319154137531
1106.34416,0.24967380327387553
1106.463362,0.2421979286813109
1106.582564,0.23412502767776383
1106.701766,0.2265703015722964
1106.820968,0.2193690078015048
1106.94017,0.21233288999837585
1107.059372,0.20564580155532527
1107.178574,0.19815613468931156
1107.297776,0.1913789088751151
1107.416978,0.18466719867418013
1107.53618,0.17765709841672073
1107.655382,0.17082767143609862
1107.774584,0.16437580150269057
1107.893786,0.15778846059794338
1108.012988,0.15199616328507395
1108.13219,0.14616780031605184
1108.251392,0.14059104400979658
1108.370594,0.13492988578712511
1108.489796,0.12965217385944566
1108.608998,0.1250802184389642
1108.7282,0.12040430390825649
1108.847402,0.11591478151147531
1108.966604,0.11123613443449067
1109.085806,0.10694934155940249
1109.205008,0.10291004724950488
1109.32421,0.09846048291322833
1109.443412,0.09425041966357539
1109.562614,0.09062728067998388
1109.681816,0.08719572277636402
1109.801018,0.08317570342040352
1109.92022,0.07992232927371853
1110.039422,0.0767808514495813
1110.158624,0.07388835804808065
1110.277826,0.0708563989540495
1110.397028,0.06815982254301799
1110.51623,0.06572998926672913
1110.635432,0.06349462641817971
1110.754634,0.061292364704801414
1110.873836,0.05912508467711425
1110.993038,0.057165769216740936
1111.11224,0.05517198349082222
1111.231442,0.05354140495568046
1111.350644,0.051617216966808675
1111.469846,0.05004663541280286
1111.589048,0.04861612563115414
1111.70825,0.04754873946576805
1111.827452,0.04610656183291494
1111.946654,0.04486487878534764
1112.065856,0.04354327534026074
1112.185058,0.042600043695132615
1112.30426,0.04190291014212098
1112.423462,0.04091330349481227
1112.542664,0.04016336569354897
1112.661866,0.03930120889079473
1112.781068,0.038789720617204954
1112.90027,0.038158757240699226
1113.019472,0.03753805727357508
1113.138674,0.03713854128300558
1113.257876,0.03682788412296247
1113.377078,0.036750626714974734
1113.49628,0.036414071477124
1113.615482,0.036479675831989036
1113.734684,0.036574646397387146
1113.853886,0.03614560191070405
1113.973088,0.03535908210919459
1114.09229,0.03557898942651932
1114.211492,0.03555409284873959
1114.330694,0.035291963635928195
1114.449896,0.034596595420891954
1114.569098,0.03432779167405527
1114.6883,0.034679726967855304
1114.807502,0.03432779167405527
1114.926704,0.033691826774005056
1115.045906,0.03295870054270735
1115.165108,0.03204224790214646
1115.28431,0.031045543732022635
1115.403512,0.029983741326932743
1115.522714,0.02883111768384122
1115.641916,0.027581776391701427
1115.761118,0.026194652293072305
1115.88032,0.02495452775755974
1115.999522,0.02355540436815462
1116.118724,0.022241396929368388
1116.237926,0.020973406519072313
1116.357128,0.01947546131417681
1116.47633,0.017843785190155403
1116.595532,0.016229900956007206
1116.714734,0.0148092987735044
1116.833936,0.013580776212227261
1116.953138,0.012542906403725611
1117.07234,0.011527728176249287
1117.191542,0.01053344337624588
1117.310744,0.009503453691205059
1117.429946,0.008623191665654109
1117.549148,0.007911799707578819
1117.66835,0.007246041204563194
1117.787552,0.006720451091423831
1117.906754,0.005989783566370363
1118.025956,0.005227092932972956
1118.145158,0.004496751642915766
1118.26436,0.003915547940787773
1118.383562,0.0036449960397880762
1118.502764,0.0031958569856455296
1118.621966,0.0028575233238540315
1118.741168,0.0025985543703245556
1118.86037,0.002435020752248296
1118.979572,0.0022534340090972016
1119.098774,0.0021620466127146676
1119.217976,0.002331368138089594
1119.337178,0.003042426168860467
1119.45638,0.003857253026558219
1119.575582,0.005717063383016986
1119.694784,0.009054440306439577
1119.813986,0.01725246926417272
1119.933188,0.02414929721826378
1120.05239,0.030430800778215437
1120.171592,0.03544759040373768
1120.290794,0.03954167895306136
1120.409996,0.044400701949300465
1120.529198,0.04849958683213682
1120.6484,0.05217248658307582
1120.767602,0.055570655268093724
1120.886804,0.058877280075406616
1121.006006,0.061883604817792766
1121.125208,0.06514758789269899
1121.24441,0.06805765945067832
1121.363612,0.07060883504726863
1121.482814,0.07275919421163393
1121.602016,0.07484769226909604
1121.721218,0.07635971595084204
1121.84042,0.0775525118355143
1121.959622,0.07829277136334875
1122.078824,0.07879545196217513
1122.198026,0.07917457930930248
1122.317228,0.07909544430409034
1122.43643,0.07907171922973823
1122.555632,0.0789374115009629
1122.674834,0.07861443067694036
1122.794036,0.07833976112168456
1122.913238,0.07798022578577782
1123.03244,0.07774663566878852
1123.151642,0.07774663566878852
1123.270844,0.07776996315843766
1123.390046,0.07788670563814586
1123.509248,0.07794124541878876
1123.62845,0.07824580979041147
1123.747652,0.0788348595392295
1123.866854,0.07940451884047038
1123.986056,0.08029884834802102
1124.105258,0.08156948869389571
1124.22446,0.08276086286893099
1124.343662,0.08450876687505646
1124.462864,0.0863626489898829
1124.582066,0.08859321539326086
1124.701268,0.09097231950513895
1124.82047,0.09352747832823605
1124.939672,0.09651083472468885
1125.058874,0.0997388508885309
1125.178076,0.10337418599106227
1125.297278,0.10731358818908403
1125.41648,0.11162614302190565
1125.535682,0.11613522895510063
1125.654884,0.12110467799238742
1125.774086,0.12624889037174317
1125.893288,0.1320466512860209
1126.01249,0.13804162622463131
1126.131692,0.14461214246442028
1126.250894,0.15138939298156753
1126.370096,0.15870629280983778
1126.489298,0.16655994572068292
1126.6085,0.17476728325709556
1126.727702,0.18339738091260374
1126.846904,0.19253063404871315
1126.966106,0.2022400339811047
1127.085308,0.21237536082331646
1127.20451,0.22313016014842982
1127.323712,0.23417185736611212
1127.442914,0.24578453520529303
1127.562116,0.2576637084288362
1127.681318,0.2704413567358856
1127.80052,0.28291748395110317
1127.919722,0.29611718729007014
1128.038924,0.30999472431080527
1128.158126,0.3237770879904218
1128.277328,0.3383751796933037
1128.39653,0.3530307907260362
1128.515732,0.36811495937157707
1128.634934,0.38339863830770343
1128.754136,0.399165165150257
1128.873338,0.4148243920467332
1128.99254,0.4306627404290798
1129.111742,0.44653834647073126
1129.230944,0.4626428059812584
1129.350146,0.4788346210284619
1129.469348,0.4948008107125545
1129.58855,0.510972247719416
1129.707752,0.5271869761033854
1129.826954,0.542948938164163
1129.946156,0.5591821551293041
1130.065358,0.5745661756938573
1130.18456,0.5902612756631971
1130.303762,0.6052159151947756
1130.422964,0.6201710201673375
1130.542166,0.6348985859559344
1130.661368,0.6493457249703202
1130.78057,0.6631593306138441
1130.899772,0.6767387325363681
1131.018974,0.6902509857963395
1131.138176,0.7031324486569671
1131.257378,0.7154453951134687
1131.37658,0.7278065457200431
1131.495782,0.7396042745077482
1131.614984,0.7504892138229298
1131.734186,0.7611765124403537
1131.853388,0.7717072582728218
1131.97259,0.7818362182111915
1132.091792,0.7917021746483064
1132.210994,0.8007231677117361
1132.330196,0.8095473618827305
1132.449398,0.8175935078997083
1132.5686,0.8252738568771795
1132.687802,0.8324517639561565
1132.807004,0.8394905997216127
1132.926206,0.8465212282928478
1133.045408,0.8529110635980742
1133.16461,0.8588250884715393
1133.283812,0.8642441232758937
1133.403014,0.8699756989195502
1133.522216,0.8751937399919686
1133.641418,0.8795982586589502
1133.76062,0.8838481562910394
1133.879822,0.8883495287306472
1133.999024,0.891883286227073
1134.118226,0.8953952840975574
1134.237428,0.8990829316398901
1134.35663,0.9019285273772224
1134.475832,0.9048564198212564
1134.595034,0.9073926607536938
1134.714236,0.9099232715537666
1134.833438,0.9121142706421913
1134.95264,0.914231003867559
1135.071842,0.916012745594807
1135.191044,0.9181247539921074
1135.310246,0.9193972377679921
1135.429448,0.9207396173656873
1135.54865,0.9220747361311944
1135.667852,0.9235290716306904
1135.787054,0.9245704756153371
1135.906256,0.9251614649502384
1136.025458,0.9257880113240269
1136.14466,0.9267179692481564
1136.263862,0.9276627761561858
1136.383064,0.9277202930313121
1136.502266,0.9281972638329251
1136.621468,0.9284432687020463
1136.74067,0.9288035745851239
1136.859872,0.9288230796649928
1136.979074,0.9289670584004046
1137.098276,0.9295106631184459
1137.217478,0.929413999036101
1137.33668,0.9295515624874027
1137.455882,0.9297281940637436
1137.575084,0.9298137329923278
1137.694286,0.9296138445285144
1137.813488,0.9296612560435686
1137.93269,0.930201546172414
1138.051892,0.930284337794196
1138.171094,0.9304815789806353
1138.290296,0.9305504371652012
1138.409498,0.9306044106557729
1138.5287,0.9308017197048521
1138.647902,0.9308715324517753
1138.767104,0.9308827029771878
1138.886306,0.9313054196737688
1139.005508,0.9310381733700014
1139.12471,0.9312812060476358
1139.243912,0.9319417185467356
1139.363114,0.9323667808772388
1139.482316,0.933304280506676
1139.601518,0.9336608708462482
1139.72072,0.9337579766262292
1139.839922,0.93378692357218
1139.959124,0.9342614078381543
1140.078326,0.9343819353336217
1140.197528,0.9341689205369752
1140.31673,0.9338709681772519
1140.435932,0.9338765714198707
1140.555134,0.9333733475788837
1140.674336,0.9335805794639344
1140.793538,0.9330523223668188
1140.91274,0.9327379367111395
1141.031942,0.9323434719990791
1141.151144,0.931888599382689
1141.270346,0.9316034850959884
1141.389548,0.931221605957672
1141.50875,0.9307486655188877
1141.627952,0.9304638999985855
1141.747154,0.9300155244659702
1141.866356,0.9297105293958713
1141.985558,0.929382399497329
1142.10476,0.9291082721252526
1142.223962,0.9285723312860377
1142.343164,0.9285175471346402
1142.462366,0.9281452862415366
1142.581568,0.9279429726221217
1142.70077,0.9275987696328813
1142.819972,0.9274689148951765
1142.939174,0.9276618484938733
1143.058376,0.9273771000175133
1143.177578,0.9271879343846603
1143.29678,0.926927431177513
1143.415982,0.9263297557554477
1143.535184,0.9261250594991952
1143.654386,0.9255436355480591
1143.773588,0.9258380052264616
1143.89279,0.9253002495785678
1144.011992,0.9250486021362861
1144.131194,0.9249847759847662
1144.250396,0.9240029635873311
1144.369598,0.9242617206414325
1144.4888,0.9238126385809808
1144.608002,0.9235272245743943
1144.727204,0.9230148091731823
1144.846406,0.9224639337847709
1144.965608,0.9226161528915763
1145.08481,0.9215133635721849
1145.204012,0.9209366767284033
1145.323214,0.9205407590858037
1145.442416,0.9198496925037121
1145.561618,0.9193475916576097
1145.68082,0.9187070296480172
1145.800022,0.9181146546753598
1145.919224,0.9172171774809706
1146.038426,0.9167284309878843
1146.157628,0.9160136616080107
1146.27683,0.9144915968363954
1146.396032,0.9138717816748233
1146.515234,0.9127703166230506
1146.634436,0.9113739344715931
1146.753638,0.9104047483037909
1146.87284,0.9092110804913274
1146.992042,0.9081152328571982
1147.111244,0.9067622419503799
1147.230446,0.9056457987385291
1147.349648,0.9040234307089685
1147.46885,0.9027406284425245
1147.588052,0.9012162852132917
1147.707254,0.9001624787565823
1147.826456,0.8991998200185832
1147.945658,0.8975916920446702
1148.06486,0.8965959180233235
1148.184062,0.8955206482126143
1148.303264,0.8940531979876346
1148.422466,0.8934097113680652
1148.541668,0.8921955000114775
1148.66087,0.8908136681827812
1148.780072,0.889941098416982
1148.899274,0.8898610073222778
1149.018476,0.8901547099129563
1149.137678,0.8896207772828155
1149.25688,0.8896474663064673
1149.376082,0.8908314846343088
1149.495284,0.8921152060297599
1149.614486,0.894258853872692
1149.733688,0.8967752551400421
1149.85289,0.8989660584556984
1149.972092,0.9020728474869036
1150.091294,0.904774081633497
1150.210496,0.907076943045819
1150.329698,0.9072574693192536
1150.4489,0.9067350394911603
1150.568102,0.9060887678312286
1150.687304,0.9057046676286654
1150.806506,0.9045931449114456
1150.925708,0.9037161149891603
1151.04491,0.9025059463891184
1151.164112,0.9020457857074078
1151.283314,0.9008738880844853
1151.402516,0.8994696204326273
1151.521718,0.8985975579195036
1151.64092,0.8975916920446702
1151.760122,0.8962015025971503
1151.879324,0.8950909014489467
1151.998526,0.8935437328761322
1152.117728,0.892186578101087
1152.23693,0.8901992187611638
1152.356132,0.888536101721159
1152.475334,0.8867164684739597
1152.594536,0.8852368877653667
1152.713738,0.8830353899171108
1152.83294,0.8809274553204463
1152.952142,0.8787806125427733
1153.071344,0.8765162808063776
1153.190546,0.8742315561760964
1153.309748,0.872013825733397
1153.42895,0.8698452123514495
1153.548152,0.867543174086591
1153.667354,0.8652818387285706
1153.786556,0.8624569882635916
1153.905758,0.8600282856368929
1154.02496,0.8577179183856531
1154.144162,0.8553538808034631
1154.263364,0.8525273399637482
1154.382566,0.849965090789983
1154.501768,0.8470970584881647
1154.62097,0.8441964928912871
1154.740172,0.8414152360625035
1154.859374,0.838735398073581
1154.978576,0.8356378111703093
1155.097778,0.832559989719993
1155.21698,0.8292281090467124
1155.336182,0.8263391471170266
1155.455384,0.8231720894345271
1155.574586,0.8195744801985267
1155.693788,0.8158212535789513
1155.81299,0.8122151588229166
1155.932192,0.8084875491675546
1156.051394,0.80434258484882
1156.170596,0.8002428779124576
1156.289798,0.7962835006109675
1156.409,0.7919793189068494
1156.528202,0.7874306308278194
1156.647404,0.7833622862694873
1156.766606,0.7784348327084332
1156.885808,0.774118744881545
1157.00501,0.7692878978655114
1157.124212,0.7645712957113935
1157.243414,0.7594430069392154
1157.362616,0.7543566592019108
1157.481818,0.749079619534746
1157.60102,0.743742802113289
1157.720222,0.7387320561738525
1157.839424,0.7328018068101877
1157.958626,0.7269555100145203
1158.077828,0.7210549002537453
1158.19703,0.7149805067117434
1158.316232,0.7085674664767413
1158.435434,0.7020925823238516
1158.554636,0.6956281699371857
1158.673838,0.6893059894161242
1158.79304,0.6824677539492506
1158.912242,0.6758054771797716
1159.031444,0.6688335861144418
1159.150646,0.6618475742066227
1159.269848,0.6548297505219108
1159.38905,0.6477632528025543
1159.508252,0.6408435010489736
1159.627454,0.6334590007132348
1159.746656,0.626347468731809
1159.865858,0.6190000038981779
1159.98506,0.6110417448302242
1160.104262,0.6035417868478979
1160.223464,0.5958120583412428
1160.342666,0.5879167045774294
1160.461868,0.579847581786672
1160.58107,0.5725415326909638
1160.700272,0.5644406715669218
1160.819474,0.556643655788904
1160.938676,0.5488774974419596
1161.057878,0.5408139280795823
1161.17708,0.5330660187053669
1161.296282,0.5247464948293686
1161.415484,0.5170529458238053
1161.534686,0.5093091904480618
1161.653888,0.5015861006877527
1161.77309,0.49390109222922973
1161.892292,0.4867425210122023
1162.011494,0.47900224247786444
1162.130696,0.47138505142654435
1162.249898,0.4635226629120167
1162.3691,0.45636150930091685
1162.488302,0.4498729812277807
1162.607504,0.4429094197208361
1162.726706,0.43545230782291905
1162.845908,0.42822779229222013
1162.96511,0.4210220800501895
1163.084312,0.41378862631324453
1163.203514,0.40665911490544937
1163.322716,0.39961248058510945
1163.441918,0.3926997319423541
1163.56112,0.3861304551134511
1163.680322,0.37961032990926924
1163.799524,0.3728272885311331
1163.918726,0.3663375876773838
1164.037928,0.3594069381519536
1164.15713,0.35317203128855595
1164.276332,0.34680243942604977
1164.395534,0.3406158419310661
1164.514736,0.33440581786542867
1164.633938,0.32837468179704044
1164.75314,0.3220978170213467
1164.872342,0.3162254090210264
1164.991544,0.31033590612314144
1165.110746,0.304190843461353
1165.229948,0.29858518797907274
1165.34915,0.29302422330102135
1165.468352,0.28707837984570167
1165.587554,0.2809439768966167
1165.706756,0.2753533767131033
1165.825958,0.2695503711933716
1165.94516,0.2638696626051829
1166.064362,0.2584378602011675
1166.183564,0.25304194841164085
1166.302766,0.2474863128793876
1166.421968,0.2417623645350185
1166.54117,0.23586397906731305
1166.660372,0.23054712282990145
1166.779574,0.22463015158151137
1166.898776,0.21858069918031064
1167.017978,0.212906963451784
1167.13718,0.20760874589274858
1167.256382,0.2021793710708019
1167.375584,0.1975428018288857
1167.494786,0.19229973585447901
1167.613988,0.18663508233762652
1167.73319,0.18113729488183966
1167.852392,0.17527484398588242
1167.971594,0.16902646139737956
1168.090796,0.16300082774468777
1168.209998,0.15741022235994825
1168.3292,0.1516924747482701
1168.448402,0.14548242355162674
1168.567604,0.13986186808143505
1168.686806,0.13437780579275824
1168.806008,0.12903133463107927
1168.92521,0.12382326652501664
1169.044412,0.11867103804723499
1169.163614,0.11349460230223983
1169.282816,0.1082296413994382
1169.402018,0.10333284458549817
1169.52122,0.09864773566454534
1169.640422,0.09402448988056873
1169.759624,0.0893405327412048
1169.878826,0.08522163035177684
1169.998028,0.0818145645900147
1170.11723,0.07870095412985965
1170.236432,0.07548660920354701
1170.355634,0.07233117885269466
1170.474836,0.0693145803676917
1170.594038,0.06686363714854963
1170.71324,0.06475139721663602
1170.832442,0.06277489792407158
1170.951644,0.06088307850113187
1171.070846,0.059362058647798865
1171.190048,0.0579253596379611
1171.30925,0.056903410565866536
1171.428452,0.05582128671461438
1171.547654,0.05510581681857658
1171.666856,0.054617551054498066
1171.786058,0.05454659436996523
1171.90526,0.054666728977192824
1172.024462,0.054617551054498066
1172.143664,0.05407950502140614
1172.262866,0.053675425924478076
1172.382068,0.0542962562549573
1172.50127,0.05610670246839268
1172.620472,0.057844320874838456
1172.739674,0.05932645209564403
1172.858876,0.06098666776050652
1172.978078,0.06201989861659878
1173.09728,0.06236818433868736
1173.216482,0.062361947832084035
1173.335684,0.06182175214446603
1173.454886,0.06116990247843893
1173.574088,0.0603074279249734
1173.69329,0.059409567295642444
1173.812492,0.058607066554633866
1173.931694,0.05770566096318959
1174.050896,0.05671026749921701
1174.170098,0.055933041005082666
1174.2893,0.05480904740631867
1174.408502,0.053723755552880614
1174.527704,0.05253897520283251
1174.646906,0.051406019627642255
1174.766108,0.0501719085274818
1174.88531,0.049085087854259773
1175.004512,0.04799780491775687
1175.123714,0.04687363102115781
1175.242916,0.04570717459856978
1175.362118,0.044565288844502844
1175.48132,0.04348235740728737
1175.600522,0.04238333654523223
1175.719724,0.04120070133818754
1175.838926,0.04019148989185544
1175.958128,0.039050484328299544
1176.07733,0.037938077039925244
1176.196532,0.03686841708453953
1176.315734,0.035828916075242495
1176.434936,0.03474568108566495
1176.554138,0.03370530620042022
1176.67334,0.0326699364036323
1176.792542,0.031679040491828535
1176.911744,0.030592512179012835
1177.030946,0.02943119831795835
1177.150148,0.028161485414190782
1177.26935,0.026995097595520805
1177.388552,0.025583696137836048
1177.507754,0.02422669874575692
1177.626956,0.022838672901954862
1177.746158,0.021515105696818845
1177.86536,0.020195408548311183
1177.984562,0.018835723990595455
1178.103764,0.017546513671510625
1178.222966,0.016303100084825595
1178.342168,0.015084312235787191
1178.46137,0.013946872352139162
1178.580572,0.012970211161798502
1178.699774,0.011834929416462085
1178.818976,0.010919555659666392
1178.938178,0.010050830611316619
1179.05738,0.009310616227816459
1179.176582,0.00861285004187059
1179.295784,0.00812182821922646
1179.414986,0.0075954947767022
1179.534188,0.00712888812438758
1179.65339,0.006713062659605764
1179.772592,0.00642280718897177
1179.891794,0.006237349166003065
1180.010996,0.006028843968333081
1180.130198,0.006059669611146204
1180.2494,0.0062617223245166114
1180.368602,0.006624370039555616
1180.487804,0.007258369951076311
1180.607006,0.008182970929427729
1180.726208,0.009286440068250806
1180.84541,0.010252845522229
1180.964612,0.011758251847323533
1181.083814,0.013677542838356711
1181.203016,0.016759332695921433
1181.322218,0.019714517218141242
1181.44142,0.02279988014121076
1181.560622,0.026381296125900677
1181.679824,0.03007082038038045
1181.799026,0.03350703038266488
1181.918228,0.03641043025204058
1182.03743,0.0395772824833045
1182.156632,0.04240453351230501
1182.275834,0.04470812618666485
1182.395036,0.046719202985190736
1182.514238,0.04806024263987602
1182.63344,0.04953875432844388
1182.752642,0.050767443796012224
1182.871844,0.05194862653480329
1182.991046,0.052765379215982226
1183.110248,0.05370227034798691
1183.22945,0.054307116592205815
1183.348652,0.05488034550166772
1183.467854,0.05584361969559865
1183.587056,0.05653473788144693
1183.706258,0.05682948419468347
1183.82546,0.05677836066794614
1183.944662,0.056325945854731864
1184.063864,0.055888312466079726
1184.183066,0.055442989632737034
1184.302268,0.05469406917616156
1184.42147,0.05411196246067704
1184.540672,0.05337034629964196
1184.659874,0.05256525125890053
1184.779076,0.05174642144753263
1184.898278,0.050986213822804646
1185.01748,0.05015184377728838
1185.136682,0.04963793098069413
1185.255884,0.04895273687128351
1185.375086,0.048296315735553076
1185.494288,0.047524971038637114
1185.61349,0.046775299680058294
1185.732692,0.04628672852074335
1185.851894,0.04577120945694963
1185.971096,0.045275012460254886
1186.090298,0.045017678986362046
1186.2095,0.044851421340429694
1186.328702,0.04448959221383352
1186.447904,0.04425884679236351
1186.567106,0.04398968959100534
1186.686308,0.04381846390870941
1186.80551,0.043835994800217444
1186.924712,0.04413509535420925
1187.043914,0.044113033322499696
1187.163116,0.043945721888929354
1187.282318,0.04395451191228018
1187.40152,0.04370468388067927
1187.520722,0.043884240925001504
1187.639924,0.04426769944695794
1187.759126,0.04442735036419506
1187.878328,0.044494041395510275
1187.99753,0.044051318286453554
1188.116732,0.04402489542313335
1188.235934,0.044972683808714095
1188.355136,0.04679401354245328
1188.474338,0.048223925568148474
1188.59354,0.05005164032658567
1188.712742,0.05263889414865748
1188.831944,0.05661960362166194
1188.951146,0.058800789341058354
1189.070348,0.060241126226875295
1189.18955,0.062449315702288
1189.308752,0.0660594622090168
1189.427954,0.07393270436547433
1189.547156,0.08816898692222205
1189.666358,0.09726656274327675
1189.78556,0.1036536734314941
1189.904762,0.10931736737896218
1190.023964,0.11550978892663849
1190.143166,0.1232426626602259
1190.262368,0.13126986980212316
1190.38157,0.13986186808143505
1190.500772,0.1486292988873884
1190.619974,0.1573472708621432
1190.739176,0.16622715872716406
1190.858378,0.17550284945450792
1190.97758,0.18562996914105798
1191.096782,0.19567503116931495
1191.215984,0.20464060187814945
1191.335186,0.21371754905013324
1191.454388,0.22337573836785132
1191.57359,0.23230595606385526
1191.692792,0.23962022614636613
1191.811994,0.24723895026842727
1191.931196,0.2548194560691734
1192.050398,0.2620028231231224
1192.1696,0.26941562969595634
1192.288802,0.2760426213517028
1192.408004,0.2819008121161874
1192.527206,0.2874230806806534
1192.646408,0.29276062013926646
1192.76561,0.29885403561154134
1192.884812,0.30437341273273416
1193.004014,0.30937535443851255
1193.123216,0.3133608114858032
1193.242418,0.3169852614608756
1193.36162,0.32081199910352043
1193.480822,0.3242306933632805
1193.600024,0.3280464712478688
1193.719226,0.3311115338803078
1193.838428,0.33377105003188556
1193.95763,0.3367211968800416
1194.076832,0.3393239578660184
1194.196034,0.3418100860859719
1194.315236,0.3447278547672202
1194.434438,0.3479139847562228
1194.55364,0.35060326287233096
1194.672842,0.3535253799647368
1194.792044,0.3570783691018764
1194.911246,0.3597665248534908
1195.030448,0.36323691471084646
1195.14965,0.3662643274861116
1195.268852,0.3695608020124405
1195.388054,0.3730920898993521
1195.507256,0.3767324594842402
1195.626458,0.38024861126973586
1195.74566,0.3836978059057789
1195.864862,0.3877478584337723
1195.984064,0.39131985888725856
1196.103266,0.395059062477227
1196.222468,0.39934083646777885
1196.34167,0.40346723360878234
1196.460872,0.4074406504400934
1196.580074,0.4113626884374856
1196.699276,0.4154221694677277
1196.818478,0.4201010505902506
1196.93768,0.42420434249465633
1197.056882,0.4287462615315259
1197.176084,0.43280846195022316
1197.295286,0.43700528069032657
1197.414488,0.4418344564402628
1197.53369,0.44635083974438244
1197.652892,0.45078715094800564
1197.772094,0.4547988707810997
1197.891296,0.4583601729960467
1198.010498,0.46217115090413935
1198.1297,0.46539908228513516
1198.248902,0.46852304013328594
1198.368104,0.47145576448760534
1198.487306,0.47432620394839276
1198.606508,0.4770471242483596
1198.72571,0.47921304983877305
1198.844912,0.4813695541618103
1198.964114,0.4831732470977215
1199.083316,0.4844941122228379
1199.202518,0.48553689515407944
1199.32172,0.4869956929421256
1199.440922,0.48736595034875435
1199.560124,0.4881414785913774
1199.679326,0.48808778598187996
1199.798528,0.4878340463112014
1199.91773,0.4872782323725463
1200.036932,0.4864797510051429
1200.156134,0.4856097311509157
1200.275336,0.4843439423255855
1200.394538,0.48248280313945935
1200.51374,0.4803693460661816
1200.632942,0.4779973932296536
1200.752144,0.47569423243119824
1200.871346,0.4728249705938884
1200.990548,0.46942346850496713
1201.10975,0.465911302945363
1201.228952,0.46215266442783515
1201.348154,0.45833267221069873
1201.467356,0.45385841083044653
1201.586558,0.44975153191924366
1201.70576,0.44515176945805446
1201.824962,0.43981108347853326
1201.944164,0.43511713860260537
1202.063366,0.4299097397011379
1202.182568,0.4244886546380601
1202.30177,0.4192239562773436
1202.420972,0.4134742664291336
1202.540174,0.4078686878033453
1202.659376,0.4019289288091935
1202.778578,0.3960400248427279
1202.89778,0.3900345320735034
1203.016982,0.3837476898629336
1203.136184,0.37739609243862654
1203.255386,0.3712869742072949
1203.374588,0.36527674763465323
1203.49379,0.35833033305260054
1203.612992,0.3522902039537881
1203.732194,0.3456944453558867
1203.851396,0.33966345154243144
1203.970598,0.3332707687615932
1204.0898,0.327194658259364
1204.209002,0.3206836999654173
1204.328204,0.3146167649640988
1204.447406,0.308294433413212
1204.566608,0.3021595771509249
1204.68581,0.2961468004894344
1204.805012,0.2901956291949162
1204.924214,0.2840230165257709
1205.043416,0.27803730045319414
1205.162618,0.27223217288296997
1205.28182,0.26649494597569134
1205.401022,0.2610613087026713
1205.520224,0.2555083982539773
1205.639426,0.250123620834122
1205.758628,0.2445586797218397
1205.87783,0.23895022794836562
1205.997032,0.2338208628917302
1206.116234,0.22852720880586577
1206.235436,0.22375580008400384
1206.354638,0.21906210607192067
1206.47384,0.2138672037074875
1206.593042,0.20927627709119412
1206.712244,0.20474294776342764
1206.831446,0.2001076114269876
1206.950648,0.19573374248492273
1207.06985,0.1915703835053491
1207.189052,0.18743934110880806
1207.308254,0.18328737548898338
1207.427456,0.1791915380964759
1207.546658,0.17529237234668443
1207.66586,0.1716324512429294
1207.785062,0.16804894545780102
1207.904264,0.16470488207657633
1208.023466,0.16124989088317057
1208.142668,0.1578042402329718
1208.26187,0.15460218649679647
1208.381072,0.15184424309454414
1208.500274,0.14876312546931567
1208.619476,0.14587575685622736
1208.738678,0.14310165888487886
1208.85788,0.1404645689924826
1208.977082,0.13797262266384677
1209.096284,0.13540296779796124
1209.215486,0.13304072428469824
1209.334688,0.1307327651528593
1209.45389,0.12860623303021773
1209.573092,0.12618578170503877
1209.692294,0.12415804108691728
1209.811496,0.12183349031086149
1209.930698,0.11993564160852804
1210.0499,0.11787859972507522
1210.169102,0.11614684305869166
1210.288304,0.11430328139223203
1210.407506,0.11265784207645106
1210.526708,0.11091401694074722
1210.64591,0.10953622089428423
1210.765112,0.10753918351646859
1210.884314,0.10577934557758474
1211.003516,0.1043296167446846
1211.122718,0.10273524878996862
1211.24192,0.10128671717171844
1211.361122,0.09993852820106143
1211.480324,0.09840142434282323
1211.599526,0.0971499128719056
1211.718728,0.09554098129832096
1211.83793,0.09430698688384259
1211.957132,0.09282864613726327
1212.076334,0.0916480116469962
1212.195536,0.09039195580511955
1212.314738,0.0891709468865755
1212.43394,0.08792245905891334
1212.553142,0.08671746272185718
1212.672344,0.08570878070432787
1212.791546,0.08502584584046409
1212.910748,0.0839528455719741
1213.02995,0.08305933890977861
1213.149152,0.08224933290064523
1213.268354,0.08138209445588308
1213.387556,0.08076593491007088
1213.506758,0.08059650441104942
1213.62596,0.08036311312918444
1213.745162,0.08013039770157455
1213.864364,0.0797387191489739
1213.983566,0.07983446304680208
1214.102768,0.07993032190627085
1214.22197,0.08013841114201005
1214.341172,0.08055621623172804
1214.460374,0.08085482631978409
1214.579576,0.08108964563955595
1214.698778,0.08178184530847125
1214.81798,0.08326724703392277
1214.937182,0.08539224416942676
1215.056384,0.0870563211709452
1215.175586,0.08803683258237255
1215.294788,0.08910854906554015
1215.41399,0.09004011371551404
1215.533192,0.09200613678251027
1215.652394,0.09559832308791658
1215.771596,0.09919179299688707
1215.890798,0.10165200647977878
1216.01,0.10352936362417789
1216.129202,0.10512554251883362
1216.248404,0.10641592949304601
1216.367606,0.10897900826767906
1216.486808,0.11361951505419052
1216.60601,0.12000762458622696
1216.725212,0.12431955149935225
1216.844414,0.12585812481114775
1216.963616,0.12685634176255925
1217.082818,0.12772190446443202
1217.20202,0.12925087445593073
1217.321222,0.1332137896944113
1217.440424,0.14031014291650398
1217.559626,0.14608012594080502
1217.678828,0.14868876249887283
1217.79803,0.15087554308526255
1217.917232,0.1530638690384112
1218.036434,0.15537713318152066
1218.155636,0.15799371898576559
1218.274838,0.16036545092272894
1218.39404,0.16316391010001996
1218.513242,0.16559669416532716
1218.632444,0.16840221905070693
1218.751646,0.1712381502250622
1218.870848,0.17415666696753976
1218.99005,0.17671800658671805
1219.109252,0.17983779018943846
1219.228454,0.1829028758663639
1219.347656,0.1858528588110825
1219.466858,0.18936100621937416
1219.58606,0.1925691440263923
1219.705262,0.19547945394305682
1219.824464,0.19857269981245074
1219.943666,0.2020985154945669
1220.062868,0.20537863570872947
1220.18207,0.20919258332022778
1220.301272,0.21307735717094542
1220.420474,0.217077683722505
1220.539676,0.22135224002994683
1220.658878,0.22544027747888432
1220.77808,0.22981055118002663
1220.897282,0.23417185736611212
1221.016484,0.23830593252313853
1221.135686,0.2435580418443555
1221.254888,0.24942425426590137
1221.37409,0.2550744029774511
1221.493292,0.2612179924883281
1221.612494,0.2668949883514288
1221.731696,0.27285902748705715
1221.850898,0.27957071864021127
1221.9701,0.28661942170237426
1222.089302,0.29440467867948816
1222.208504,0.3020085351260024
1222.327706,0.3094991293336166
1222.446908,0.31714379372136836
1222.56611,0.32452263234014117
1222.685312,0.33220600682924445
1222.804514,0.34003728691088575
1222.923716,0.34777484699172845
1223.042918,0.35558178497828613
1223.16212,0.3641825594946004
1223.281322,0.3723652692045371
1223.400524,0.3805529318707616
1223.519726,0.3885901848802321
1223.638928,0.3971147489034139
1223.75813,0.4057857370260554
1223.877332,0.4147580254534748
1223.996534,0.42382696858613517
1224.115736,0.43292533601223804
1224.234938,0.4425817879889344
1224.35414,0.4522319803251218
1224.473342,0.4621619075735549
1224.592544,0.47230042605260714
1224.711746,0.4820535844753028
1224.830948,0.4919786292091462
1224.95015,0.50295730158023
1225.069352,0.513384603644718
1225.188554,0.5239966436131631
1225.307756,0.5337060818889159
1225.426958,0.5439216871140549
1225.54616,0.5543439148024989
1225.665362,0.5646439067888308
1225.784564,0.5743421385754144
1225.903766,0.584662804791281
1226.022968,0.5946513568792001
1226.14217,0.6048831379635458
1226.261372,0.6146514007082959
1226.380574,0.6250647716346446
1226.499776,0.6345812160120543
1226.618978,0.6445131844154195
1226.73818,0.6539070912013575
1226.857382,0.6633450412246882
1226.976584,0.673161505279844
1227.095786,0.6830959131918294
1227.214988,0.6922763869484219
1227.33419,0.7016293541016464
1227.453392,0.7107318963271334
1227.572594,0.7195350783901425
1227.691796,0.7287970360029472
1227.810998,0.7377059319373298
1227.9302,0.7465146778294561
1228.049402,0.7549226389121731
1228.168604,0.7633642268996413
1228.287806,0.7718693338143954
1228.407008,0.7801570760666623
1228.52621,0.7879426271186255
1228.645412,0.7959093353014159
1228.764614,0.8040691548557044
1228.883816,0.8118172708855991
1229.003018,0.8189845989555141
1229.12222,0.8263391471170266
1229.241422,0.8334429712066076
1229.360624,0.8404061433559435
1229.479826,0.8471394143999781
1229.599028,0.8539864088634568
1229.71823,0.8601314952236208
1229.837432,0.8661215693156301
1229.956634,0.871935348020631
1230.075836,0.8777618180472719
1230.195038,0.8825322031667058
1230.31424,0.8876213806985818
1230.433442,0.8925613751657636
1230.552644,0.8969905070304693
1230.671846,0.9011532022812552
1230.791048,0.9051804164114816
1230.91025,0.908579398325365
1231.029452,0.9120102955420314
1231.148654,0.9159129056469133
1231.267856,0.9187915545828322
1231.387058,0.9216516009442645
1231.50626,0.9246204037690684
1231.625462,0.9272732395986034
1231.744664,0.9298388383020388
1231.863866,0.9319836568676754
1231.983068,0.9345791107232492
1232.10227,0.936996248956369
1232.221472,0.9387472550086986
1232.340674,0.9404422835127509
1232.459876,0.9424824316432635
1232.579078,0.944168153492488
1232.69828,0.9458237860079929
1232.817482,0.9470494212383999
1232.936684,0.9487490040713649
1233.055886,0.9503689512943958
1233.175088,0.9514910485641116
1233.29429,0.9528888631682962
1233.413492,0.9537468491809393
1233.532694,0.955079209553559
1233.651896,0.956038590608651
1233.771098,0.9568850592684738
1233.8903,0.9578203928074126
1234.009502,0.9590001957306722
1234.128704,0.959817612067347
1234.247906,0.9602611502535539
1234.367108,0.9612507287837712
1234.48631,0.9618151486025772
1234.605512,0.9626128239515179
1234.724714,0.9634554787802
1234.843916,0.9638910590903428
1234.963118,0.9643249076755439
1235.08232,0.9651034319683391
1235.201522,0.9655329985670446
1235.320724,0.9658536087409128
1235.439926,0.966405268635415
1235.559128,0.9670839233139189
1235.67833,0.9670133287642494
1235.797532,0.9673170186262945
1235.916734,0.9674727692038784
1236.035936,0.9680989266256363
1236.155138,0.9683787476476212
1236.27434,0.9688814666619502
1236.393542,0.9689764216984038
1236.512744,0.9690490976553455
1236.631946,0.9698168885457472
1236.751148,0.9694552143027593
1236.87035,0.9699487926118626
1236.989552,0.9704241839816162
1237.108754,0.9702233269649504
1237.227956,0.9705425829542524
1237.347158,0.9700457923410294
1237.46636,0.9707075892184898
1237.585562,0.9704979390222549
1237.704764,0.9709328195048914
1237.823966,0.9706609963724445
1237.943168,0.9705241428203581
1238.06237,0.970748359793413
1238.181572,0.970896895655165
1238.300774,0.9707211792198686
1238.419976,0.9705387007916849
1238.539178,0.9705513178768062
1238.65838,0.9703339387289752
1238.777582,0.9702728096164226
1238.896784,0.9703776047386958
1239.015986,0.9700137813580663
1239.135188,0.9698100998512879
1239.25439,0.9696491247360167
1239.373592,0.9691479457044712
1239.492794,0.9693611817076264
1239.611996,0.9689027822886878
1239.731198,0.9687623015703541
1239.8504,0.9683710006486281
1239.969602,0.9679537226772109
1240.088804,0.9677727322542022
1240.208006,0.9674195596648479
1240.327208,0.9669814178509332
1240.44641,0.9667445364227195
1240.565612,0.9661540359272371
1240.684814,0.9660951023285386
1240.804016,0.9656759080258716
1240.923218,0.9656826677808868
1241.04242,0.9647319386640811
1241.161622,0.9644830699293531
1241.280824,0.9645496215571829
1241.400026,0.9640915692829707
1241.519228,0.9634901638017627
1241.63843,0.9633957463922387
1241.757632,0.9625406306970025
1241.876834,0.9623972228271802
1241.996036,0.9619074872890291
1242.115238,0.9615256858091837
1242.23444,0.9607663804824887
1242.353642,0.9606241975799716
1242.472844,0.9597849788233049
1242.592046,0.9595719302072776
1242.711248,0.9588678628348412
1242.83045,0.9587499293407711
1242.949652,0.9583166722961775
1243.068854,0.9577705874419373
1243.188056,0.9577389815340521
1243.307258,0.9571357959990795
1243.42646,0.9564947297969191
1243.545662,0.9560395466477197
1243.664864,0.9555568685631368
1243.784066,0.9550906705728396
1243.903268,0.9547927287649598
1244.02247,0.954036832298291
1244.141672,0.9534769770113343
1244.260874,0.9527173586087994
1244.380076,0.9526230442589344
1244.499278,0.9521011498428111
1244.61848,0.9513901958582517
1244.737682,0.9513968556129319
1244.856884,0.9507824517180307
1244.976086,0.9501674944319033
1245.095288,0.9498539908896704
1245.21449,0.9495842706583434
1245.333692,0.9489425686111072
1245.452894,0.9485744503140539
1245.572096,0.9481173475996063
1245.691298,0.9481562212077614
1245.8105,0.947497481572561
1245.929702,0.9470806743849748
1246.048904,0.9467880716660381
1246.168106,0.945955264651802
1246.287308,0.9458133820035689
1246.40651,0.9453396481794171
1246.525712,0.94488882869623
1246.644914,0.9445619537141341
1246.764116,0.9445015036835179
1246.883318,0.9437499796328396
1247.00252,0.9430330021342785
1247.121722,0.9428510143272549
1247.240924,0.9425163616215385
1247.360126,0.9418784939872777
1247.479328,0.9413351868554282
1247.59853,0.9412692956985657
1247.717732,0.9408251214243709
1247.836934,0.9404093686088422
1247.956136,0.9398142778446101
1248.075338,0.9394882188647028
1248.19454,0.9393275801142815
1248.313742,0.9388777499463329
1248.432944,0.9385923744896163
1248.552146,0.9381363294235417
1248.671348,0.9378052257424931
1248.79055,0.9375529900639882
1248.909752,0.9372558328680419
1249.028954,0.9366421313067158
1249.148156,0.9368060580228638
1249.267358,0.9363340267314977
1249.38656,0.9363368357377914
1249.505762,0.9361289920317625
1249.624964,0.9356947289362892
1249.744166,0.9351101024455132
1249.863368,0.9350558676323961
1249.98257,0.9347174386676516
1250.101772,0.9345987370906504
1250.220974,0.9343071877687374
1250.340176,0.9341661180344174
1250.459378,0.9340110593290523
1250.57858,0.9335273668874777
1250.697782,0.9334424197622437
1250.816984,0.9330971099531858
1250.936186,0.9331176383154159
1251.055388,0.9330513893149629
1251.17459,0.9327509951336622
1251.293792,0.9323294869518871
1251.412994,0.9326456002261365
1251.532196,0.9329245029544841
1251.651398,0.9327985666474773
1251.7706,0.9325113089289094
1251.889802,0.9324236569855759
1252.009004,0.9325961713192021
1252.128206,0.9324199272984074
1252.247408,0.9326530614207831
1252.36661,0.9325262292292144
1252.485812,0.9331260364119521
1252.605014,0.9327472641371436
1252.724216,0.9327043587498248
1252.843418,0.9322586326033782
1252.96262,0.9324031438907672
1253.081822,0.9327631209754167
1253.201024,0.9334732238703609
1253.320226,0.9328032306519706
1253.439428,0.9333257467519885
1253.55863,0.9332361517809278
1253.677832,0.9328937169538585
1253.797034,0.9326530614207831
1253.916236,0.9327164839853024
1254.035438,0.933067251323408
1254.15464,0.9331446991193069
1254.273842,0.9327565916564226
1254.393044,0.9320917732425005
1254.512246,0.9326045647225143
1254.631448,0.9330933775722108
1254.75065,0.9335815130449806
1254.869852,0.9333789478357699
1254.989054,0.9326521287681879
1255.108256,0.9327967010522096
1255.227458,0.9322530390683632
1255.34666,0.9323900903381277
1255.465862,0.9329692844053722
1255.585064,0.9344361310575319
1255.704266,0.9348978565430793
1255.823468,0.934183867359278
1255.94267,0.9328890524969349
1256.061872,0.9327071568670983
1256.181074,0.9335628416014348
1256.300276,0.9352681494074186
1256.419478,0.9372445858655296
1256.53868,0.9375961184934775
1256.657882,0.9377058236569681
1256.777084,0.9358856301322521
1256.896286,0.9325430148524106
1257.015488,0.9344454754655643
1257.13469,0.9380406443979599
1257.253892,0.9401865179973224
1257.373094,0.9409380272131537
1257.492296,0.9410876482540381
1257.611498,0.9404469857359241
1257.7307,0.9390007509879681
1257.849902,0.9388430121122388
1257.969104,0.9408204173105241
1258.088306,0.9404874258257664
1258.207508,0.9419265310154049
1258.32671,0.9427029983375648
1258.445912,0.9438736189783717
1258.565114,0.944410835891288
1258.684316,0.9445638428399307
1258.803518,0.944952138368603
1258.92272,0.9450456932611923
1259.041922,0.9457235340001263
1259.161124,0.9462816755207442
1259.280326,0.9469215781961321
1259.399528,0.9472056972853234
1259.51873,0.94761592616039
1259.637932,0.9480035803440663
1259.757134,0.948088904505827
1259.876336,0.9481457915466914
1259.995538,0.9487622866503997
1260.11474,0.9489596497310718
1260.233942,0.9494380459402543
1260.353144,0.9495035594256134
1260.472346,0.9497723069589132
1260.591548,0.9503489937559735
1260.71075,0.9507643870230631
1260.829952,0.9509440984744076
1260.949154,0.9510658271094788
1261.068356,0.9514444266449783
1261.187558,0.9518593468610298
1261.30676,0.9523468236300264
1261.425962,0.9523753944632957
1261.545164,0.9528964863096941
1261.664366,0.9532681884165544
1261.783568,0.9537563866971186
1261.90277,0.9541904445937489
1262.021972,0.9545922433436251
1262.141174,0.9546514298974766
1262.260376,0.9547459450674602
1262.379578,0.9552931712593153
1262.49878,0.9557642469033513
1262.617982,0.9560252061620739
1262.737184,0.9563082315087827
1262.856386,0.9564602966064475
1262.975588,0.957007548395197
1263.09479,0.957178868079014
1263.213992,0.9571865255405885
1263.333194,0.9575053217302131
1263.452396,0.9580416748752459
1263.571598,0.9582457594862338
1263.6908,0.9583760897717825
1263.810002,0.9583454222275931
1263.929204,0.9587949916464059
1264.048406,0.959397304007446
1264.167608,0.9594318429320873
1264.28681,0.9597753810215058
1264.406012,0.9601008000310778
1264.525214,0.9609076235215287
1264.644416,0.960947982489249
1264.763618,0.9615045324767835
1264.88282,0.9619613556166163
1265.002022,0.9625098298896357
1265.121224,0.962678283849158
1265.240426,0.9628111426193734
1265.359628,0.9632849622516138
1265.47883,0.9635672460981175
1265.598032,0.9637339576518261
1265.717234,0.963920940176329
1265.836436,0.9643085142914576
1265.955638,0.9643924127817324
1266.07484,0.9646682684572692
1266.194042,0.9648814837040153
1266.313244,0.9647821060292319
1266.432446,0.9655397573216901
1266.551648,0.9660564592973112
1266.67085,0.9665473406519418
1266.790052,0.9671371143924424
1266.909254,0.9674224619278803
1267.028456,0.9676324153812444
1267.147658,0.9676701537813384
1267.26686,0.9684058626321633
1267.386062,0.9686896471223122
1267.505264,0.9686751168865824
1267.624466,0.9689899874632677
1267.743668,0.9695162919051846
1267.86287,0.9697179722679314
1267.982072,0.9697422155202775
1268.101274,0.9700273616460671
1268.220476,0.9698052508129111
1268.339678,0.9699662518472623
1268.45888,0.9699245441951537
1268.578082,0.9701573540218223
1268.697284,0.9707386523583523
1268.816486,0.9708056356362615
1268.935688,0.9706231413317641
1269.05489,0.9711338234017145
1269.174092,0.9709483545542835
1269.293294,0.9711629578534312
1269.412496,0.9708163145569875
1269.531698,0.971492237905959
1269.6509,0.971225114271718
1269.770102,0.9712474527062372
1269.889304,0.9709755414888264
1270.008506,0.9713737230824856
1270.127708,0.9716554623123934
1270.24691,0.9716272847125635
1270.366112,0.9718498128392608
1270.485314,0.9717973343662989
1270.604516,0.9717613785301145
1270.723718,0.9719713016587587
1270.84292,0.9720898893912656
1270.962122,0.9718595313859818
1271.081324,0.9719217323864012
1271.200526,0.9722279359566334
1271.319728,0.9722921051179655
1271.43893,0.9723329422439541
1271.558132,0.9726159323032038
1271.677334,0.97276475392541
1271.796536,0.9727501625635365
1271.915738,0.9728493881405363
1272.03494,0.9729437591081039
1272.154142,0.9732463916741113
1272.273344,0.9731510182011038
1272.392546,0.9731442061678185
1272.511748,0.9733855758595529
1272.63095,0.9733982299542905
1272.750152,0.9734245120613061
1272.869354,0.9733417744941772
1272.988556,0.9735442506400612
1273.107758,0.9734147778648565
1273.22696,0.9737672178022235
1273.346162,0.9738110383129787
1273.465364,0.9737740341966055
1273.584566,0.9740214042159538
1273.703768,0.9740301704480399
1273.82297,0.9742415579297393
1273.942172,0.9742688370752676
1274.061374,0.9744568891072605
1274.180576,0.9745065876759077
1274.299778,0.9748652720940575
1274.41898,0.9749325401185521
1274.538182,0.975112919323036
1274.657384,0.9751353471780998
1274.776586,0.9757625608339155
1274.895788,0.9754571949446292
1275.01499,0.9752904060251528
1275.134192,0.9756035244983131
1275.253394,0.9758376974438222
1275.372596,0.9758659971473918
1275.491798,0.9759304064286863
1275.611,0.976122683657438
1275.730202,0.9759801801486333
1275.849404,0.9759967719527257
1275.968606,0.9761324449330809
1276.087808,0.9759265027148681
1276.20701,0.9762095624423321
1276.326212,0.9763784613059651
1276.445414,0.9764214229034107
1276.564616,0.9766626287825677
1276.683818,0.976447786637738
1276.80302,0.9767046261785428
1276.922222,0.9769019404411006
1277.041424,0.9767192768578153
1277.160626,0.9766167267177218
1277.279828,0.9768560271288711
1277.39903,0.9767183001390268
1277.518232,0.9768218377662389
1277.637434,0.977208735814752
1277.756636,0.9771901690251565
1277.875838,0.9771940777936502
1277.99504,0.9772155762998443
1278.114242,0.9773396905591231
1278.233444,0.9774120163722465
1278.352646,0.9772976658559666
1278.471848,0.9773475093079225
1278.59105,0.9773406678993023
1278.710252,0.9773142800575064
1278.829454,0.9776084959330716
1278.948656,0.977664221205495
1279.067858,0.9778803088751895
1279.18706,0.9777395042488879
1279.306262,0.9781678479521719
1279.425464,0.9783762198946099
1279.544666,0.9785944221202902
1279.663868,0.9784838471981914
1279.78307,0.9787979909305136
1279.902272,0.9790671973922114
1280.021474,0.9793217879588728
1280.140676,0.9788909811566178
1280.259878,0.9793070982422266
1280.37908,0.9792571548537835
1280.498282,0.9795597920696751
1280.617484,0.9795068972690759
1280.736686,0.9794961227524659
1280.855888,0.9795206104616297
1280.97509,0.9795088562848294
1281.094292,0.9793883841046973
1281.213494,0.9795813426221559
1281.332696,0.9793413745904977
1281.451898,0.9794941637621793
1281.5711,0.9799899132230792
1281.690302,0.9799918732048656
1281.809504,0.9797772784836134
1281.928706,0.9802114159723354
1282.047908,0.9802261192538494
1282.16711,0.9802594475084812
1282.286312,0.9800624351599362
1282.405514,0.9800369538678803
1282.524716,0.9802731712368121
1282.643918,0.980065375351652
1282.76312,0.9801379028729132
1282.882322,0.9801212406701935
1283.001524,0.9801428035746793
1283.120726,0.9801829902534471
1283.239928,0.98046924547783
1283.35913,0.9809242887696114
1283.478332,0.9811146065418597
1283.597534,0.981098908833737
1283.716736,0.9811911364657981
1283.835938,0.9811607200120251
1283.95514,0.9816327718377138
1284.074342,0.9816779279838017
1284.193544,0.9817790460178735
1284.312746,0.9817260313807965
1284.431948,0.9815925257191195
1284.55115,0.9818192997839568
1284.670352,0.9819508723852952
1284.789554,0.9819331974286674
1284.908756,0.9818841019961919
1285.027958,0.9820421980630052
1285.14716,0.9820441621493654
1285.266362,0.9820706776997018
1285.385564,0.9820353237916788
1285.504766,0.9822386261447712
1285.623968,0.9825618358178487
1285.74317,0.9822720228258005
1285.862372,0.9822268393519784
1285.981574,0.9829539562131567
1286.100776,0.9821639788458175
1286.219978,0.9826905598495809
1286.33918,0.9825146739816226
1286.458382,0.9829087413711203
1286.577584,0.982414462595744
1286.696786,0.9829166046725044
1286.815988,0.9828075069844194
1286.93519,0.9825991738770284
1287.054392,0.9830099861855
1287.173594,0.9828487857665612
1287.292796,0.9829244680367952
1287.411998,0.9827328164521648
1287.5312,0.9830974779675969
1287.650402,0.9830797823722544
1287.769604,0.9831839943523232
1287.888806,0.9833836009625623
1288.008008,0.9833019835108534
1288.12721,0.9832783845464379
1288.246412,0.9835596423823716
1288.365614,0.9835094821197076
1288.484816,0.9837435852336176
1288.604018,0.9837386665279882
1288.72322,0.9838016278173858
1288.842422,0.9838163849524812
1288.961624,0.9839787280489356
1289.080826,0.9840574494959954
1289.200028,0.984116494714304
1289.31923,0.9840102158720356
1289.438432,0.9843891327419634
1289.557634,0.9844422911903967
1289.676836,0.9845121890744167
1289.796038,0.9845692924373646
1289.91524,0.9845023440017514
1290.034442,0.9845082510335365
1290.153644,0.9848154655308284
1290.272846,0.9846904019084142
1290.392048,0.9850745060605995
1290.51125,0.9848647075351448
1290.630452,0.9848144807158553
1290.749654,0.9852538059364964
1290.868856,0.9851119396030626
1290.988058,0.9854745275089194
1291.10726,0.9853020845558038
1291.226462,0.9855504119690518
1291.345664,0.9856075755506738
1291.464866,0.9858175323238686
1291.584068,0.9859476688269556
1291.70327,0.985793872987006
1291.822472,0.9858668244327773
1291.941674,0.9858155606907756
1292.060876,0.9863470585037809
1292.180078,0.9863164822189022
1292.29928,0.9862346213481512
1292.418482,0.9863302907463127
1292.537684,0.9865719712722011
1292.656886,0.9864654272527843
1292.776088,0.9866341272642845
1292.89529,0.9866558334538514
1293.014492,0.9866923403950635
1293.133694,0.9868699610017097
1293.252896,0.9870130675210268
1293.372098,0.9870249117489023
1293.4913,0.9872045666309389
1293.610502,0.9869390443168675
1293.729704,0.9871176964514193
1293.848906,0.9873793173042109
1293.968108,0.9871048640047766
1294.08731,0.9871631049098427
1294.206512,0.9874138761850935
1294.325714,0.9872361576825253
1294.444916,0.9872608388949812
1294.564118,0.9874198006861241
1294.68332,0.9873654940905314
1294.802522,0.9873062539381083
1294.921724,0.987346734324362
1295.040926,0.9877052062476396
1295.160128,0.987344759632868
1295.27933,0.9875945894591956
1295.398532,0.9873783299253873
1295.517734,0.9875412607912518
1295.636936,0.9876676741629163
1295.756138,0.9875195351224977
1295.87534,0.9873556204849586
1295.994542,0.9874267126489208
1296.113744,0.9876607605133949
1296.232946,0.9871028897970228
1296.352148,0.9877901525480154
1296.47135,0.9877862013953076
1296.590552,0.987803981706955
1296.709754,0.987922525297233
1296.828956,0.9877259482747613
1296.948158,0.9878612759994124
1297.06736,0.9880509635738287
1297.186562,0.9878948638537867
1297.305764,0.9881191414424247
1297.424966,0.9881932531571875
1297.544168,0.9879768625303845
1297.66337,0.9882060997529812
1297.782572,0.9883918999644075
1297.901774,0.9882574878062462
1298.020976,0.9883810277133053
1298.140178,0.9883078902233751
1298.25938,0.9883227149529136
1298.378582,0.9882901008414559
1298.497784,0.9882812062705739
1298.616986,0.9884324248630607
1298.736188,0.9884294595702341
1298.85539,0.9884195753250596
1298.974592,0.9884531821619337
1299.093794,0.9883088785317594
1299.212996,0.9882515582791079
1299.332198,0.9884541706156101
1299.4514,0.9883681788434628
1299.570602,0.9886064042795761
1299.689804,0.9884630667431782
1299.809006,0.9883869580172625
1299.928208,0.9885559866386187
1300.04741,0.9885688379499783
1300.166612,0.9884858016551638
1300.285814,0.9887804143191636
1300.405016,0.9887458076102834
1300.524218,0.9887883245941193
1300.64342,0.9887062585689651
1300.762622,0.9889257757238701
1300.881824,0.9887823918819698
1301.001026,0.9887764592054166
1301.120228,0.9890810492593123
1301.23943,0.9890276403247065
1301.358632,0.9890078599697042
1301.477834,0.9889277535773994
1301.597036,0.9889673114786952
1301.716238,0.9892699817822024
1301.83544,0.988851609071975
1301.954642,0.9887912909635426
1302.073844,0.9889811571179752
1302.193046,0.9887260328918791
1302.312248,0.9889030306925973
1302.43145,0.9892304117743366
1302.550652,0.9887705265644593
1302.669854,0.9891067657009054
1302.789056,0.9888703974310362
1302.908258,0.9890009369389151
1303.02746,0.9892689925127153
1303.146662,0.9891206132925581
1303.265864,0.9892650354446594
1303.385066,0.9890355525774781
1303.504268,0.9890197281352328
1303.62347,0.989173038074307
1303.742672,0.9890948964909323
1303.861874,0.9889742342741054
1303.981076,0.9889870910227195
1304.100278,0.9892393148881065
1304.21948,0.9890118160090562
1304.338682,0.9890939073965304
1304.457884,0.9889959919465928
1304.577086,0.9889040195961224
1304.696288,0.9887220779956573
1304.81549,0.9887299878039204
1304.934692,0.988693405471149
1305.053894,0.9886390288292195
1305.173096,0.9886064042795761
1305.292298,0.9886271652320553
1305.4115,0.9887912909635426
1305.530702,0.9884452745681068
1305.649904,0.9886232107313033
1305.769106,0.9885500553204928
1305.888308,0.9883958535399144
1306.00751,0.9884541706156101
1306.126712,0.9880470113778789
1306.245914,0.9880539277311657
1306.365116,0.9881053078712798
1306.484318,0.9880766532328458
1306.60352,0.988092462585772
1306.722722,0.9881438447297506
1306.841924,0.9880628202565316
1306.961126,0.9880707247907117
1307.080328,0.9880331788165477
1307.19953,0.9879324045718823
1307.318732,0.9878632517239402
1307.437934,0.9878365797762165
1307.557136,0.9882871359756007
1307.676338,0.9881784303695613
1307.79554,0.9883395165818812
1307.914742,0.9883118434628424
1308.033944,0.9883820160948272
1308.153146,0.9883671904757781
1308.272348,0.9886805525404222
1308.39155,0.9885530209751072
1308.510752,0.98866572244336
1308.629954,0.9886123359357968
1308.749156,0.9887309765344027
1308.868358,0.9888773195480456
1308.98756,0.9893283504329858
1309.106762,0.9895549325678993
1309.225964,0.9898132401129678
1309.345166,0.9897508838430837
1309.464368,0.9896489447520013
1309.58357,0.9898350162437868
1309.702772,0.9899379644386895
1309.821974,0.9900618134246333
1309.941176,0.9899241054042008
1310.060378,0.9901235952093627
1310.17958,0.9899914225321247
1310.298782,0.9902046896525825
1310.417984,0.9903064879270204
1310.537186,0.9903391685803498
1310.656388,0.9905934212768618
1310.77559,0.990463562991729
1310.894792,0.9906492923213704
1311.013994,0.9906452306675984
1311.133196,0.9907185411271212
1311.252398,0.9904938716404764
1311.3716,0.9908531889259712
1311.490802,0.9907977027010201
1311.610004,0.9906233376499193
1311.729206,0.9909255238489553
1311.848408,0.9910068821741769
1311.96761,0.9910230357180073
1312.086812,0.9911454346208952
1312.206014,0.9909574321645443
1312.325216,0.9910062875702259
1312.444418,0.9909795307616801
1312.56362,0.9910268016126982
1312.682822,0.9911610948424776
1312.802024,0.9913303004826577
1312.921226,0.9912699303056489
1313.040428,0.9914945775234246
1313.15963,0.9915593242332941
1313.278832,0.9915148042191178
1313.398034,0.9913921614234491
1313.517236,0.9914690964402156
1313.636438,0.9913326796782339
1313.75564,0.9913758035877381
1313.874842,0.9915109373189217
1313.994044,0.9914204165026826
1314.113246,0.9913859156725063
1314.232448,0.991559125921449
1314.35165,0.9914330076219257
1314.470852,0.9917153087828591
1314.590054,0.991527099078918
1314.709256,0.9913344640786633
1314.828458,0.991509648355541
1314.94766,0.9915981941206488
1315.066862,0.9917773921043767
1315.186064,0.9916206044930722
1315.305266,0.9917998065267202
1315.424468,0.9916408337597417
1315.54367,0.9917460524339555
1315.662872,0.9918172623569259
1315.782074,0.9916895245200276
1315.901276,0.9915913521167142
1316.020478,0.9917571600519454
1316.13968,0.9917761027946049
1316.258882,0.9918400744162978
1316.378084,0.9917160029838182
1316.497286,0.991959102366762
1316.616488,0.9919083153608792
1316.73569,0.9917668793197382
1316.854892,0.991916052275913
1316.974094,0.9919666412845878
1317.093296,0.991765689200197
1317.212498,0.9919995751237771
1317.3317,0.9920353869548387
1317.450902,0.9917733258254049
1317.570104,0.9920288395428913
1317.689306,0.9921482870057653
1317.808508,0.9922251814776305
1317.92771,0.9919757674196678
1318.046912,0.992262985977216
1318.166114,0.9919990791241136
1318.285316,0.9918979003782467
1318.404518,0.9919969959282348
1318.52372,0.9920620730656744
1318.642922,0.9921724957193133
1318.762124,0.9917190773081926
1318.881326,0.9918134934584899
1319.000528,0.9921360836568859
1319.11973,0.9922850144600199
1319.238932,0.9923825608712689
1319.358134,0.9924516331011912
1319.477336,0.9925273600497432
1319.596538,0.9924848807877958
1319.71574,0.9927268781000056
1319.834942,0.9926556028689694
1319.954144,0.9924467701001034
1320.073346,0.9926712869513986
1320.192548,0.9926800224971601
1320.31175,0.9926479594502545
1320.430952,0.9928209930690285
1320.550154,0.9928729189648163
1320.669356,0.9929998162324227
1320.788558,0.992756163974874
1320.90776,0.9927940879846818
1321.026962,0.9928068951110226
1321.146164,0.9926691030769696
1321.265366,0.992981743800227
1321.384568,0.9927149654489444
1321.50377,0.992883840626994
1321.622972,0.9926837946884128
1321.742174,0.9930015043335452
1321.861376,0.9928972446493194
1321.980578,0.9926848866411875
1322.09978,0.9929130318410172
1322.218982,0.9927968678120199
1322.338184,0.9928556431263266
1322.457386,0.9929761831180316
1322.576588,0.9926600698292329
1322.69579,0.9928216880439669
1322.814992,0.9928253614910085
1322.934194,0.9927529871602322
1323.053396,0.9927994490872319
1323.172598,0.9925646797800877
1323.2918,0.9927238999238385
1323.411002,0.9925789728143861
1323.530204,0.9925127700047875
1323.649406,0.992510387976998
1323.768608,0.9926294963699159
1323.88781,0.9922254791452296
1324.007012,0.9925380794031161
1324.126214,0.9923635073090149
1324.245416,0.9923844463999258
1324.364618,0.9922879913195286
1324.48382,0.9923357215198132
1324.603022,0.9924656267678731
1324.722224,0.9920759620319198
1324.841426,0.992084692338799
1324.960628,0.9921167371918832
1325.07983,0.9922002769381287
1325.199032,0.9919388666074791
1325.318234,0.9919220037900811
1325.437436,0.9919550353427796
1325.556638,0.9918330323767687
1325.67584,0.9918678463271864
1325.795042,0.9919875720015372
1325.914244,0.9917923680560655
1326.033446,0.9917811608656273
1326.152648,0.9915792547760124
1326.27185,0.9916262567466266
1326.391052,0.991632900664804
1326.510254,0.9915167872507092
1326.629456,0.9915651744505651
1326.748658,0.9915065746803954
1326.86786,0.9914406416854755
1326.987062,0.9914418314149593
1327.106264,0.9913807604791484
1327.225466,0.9914144679980292
1327.344668,0.9912342452304931
1327.46387,0.9910622810072733
1327.583072,0.9911551478937494
1327.702274,0.9910789309934538
1327.821476,0.9909800262515693
1327.940678,0.9908301023156292
1328.05988,0.9908081061315164
1328.179082,0.9908494236910071
1328.298284,0.9906241301489064
1328.417486,0.9908202931461717
1328.536688,0.9904770333877841
1328.65589,0.9904481118806653
1328.775092,0.990377495447794
1328.894294,0.9905029842260133
1329.013496,0.9900755753794853
1329.132698,0.9902911382954175
1329.2519,0.9899785527272857
1329.371102,0.9902198399002332
1329.490304,0.9898280874229239
1329.609506,0.9900250828127123
1329.728708,0.9897380171652274
1329.84791,0.9897617711626862
1329.967112,0.9894916030787801
1330.086314,0.9895252463652174
1330.205516,0.9890583006567892
1330.324718,0.9891710597302092
1330.44392,0.9889831350822673
1330.563122,0.988736908938059
1330.682324,0.9888446871349383
1330.801526,0.98862024486612
1330.920728,0.98831283177518
1331.03993,0.9882910891320509
1331.159132,0.9882120290073675
1331.278334,0.9881053078712798
1331.397536,0.9879729106308383
1331.516738,0.9877792869160985
1331.63594,0.9878138597961624
1331.755142,0.9876528592589159
1331.874344,0.9873605572754031
1331.993546,0.9873556204849586
1332.112748,0.9871907458637517
1332.23195,0.9868610792120287
1332.351152,0.9867515437115689
1332.470354,0.9867860806199912
1332.589556,0.986577890721787
1332.708758,0.9864772649089372
1332.82796,0.9865522400300887
1332.947162,0.985870767907962
1333.066364,0.9860768364318654
1333.185566,0.9858786549056532
1333.304768,0.985706141236431
1333.42397,0.9853621898161534
1333.543172,0.9851838553995483
1333.662374,0.9851355825733277
1333.781576,0.9849395600972788
1333.900778,0.9846037529656556
1334.01998,0.9843871639656667
1334.139182,0.9842641232603753
1334.258384,0.9843074318345804
1334.377586,0.9841007489763548
1334.496788,0.9835881660255915
1334.61599,0.9835094821197076
1334.735192,0.9834190034094371
1334.854394,0.9831407352082798
1334.973596,0.9831338532472204
1335.092798,0.9827917821901064
1335.212,0.9824478652553142
1335.331202,0.9826316001847974
1335.450404,0.9821188003419041
1335.569606,0.9820313956582398
1335.688808,0.9815993968908486
1335.80801,0.9814050594503058
1335.927212,0.9811332478964763
1336.046414,0.9810665331039479
1336.165616,0.9809282124746138
1336.284818,0.9804957185048422
1336.40402,0.9801800497088872
1336.523222,0.9799644338165691
1336.642424,0.9794079720682585
1336.761626,0.9795725264297452
1336.880828,0.9795411806104353
1337.00003,0.979306118935618
1337.119232,0.9792238606765227
1337.238434,0.9790084551226536
1337.357636,0.9786785848595385
1337.476838,0.9783233890051823
1337.59604,0.9782431697763173
1337.715242,0.978081772968907
1337.834444,0.9777111502144001
1337.953646,0.9776691095388219
1338.072848,0.9773602149081297
1338.19205,0.9771960321837602
1338.311252,0.976968372031699
1338.430454,0.9767261139166831
1338.549656,0.9760358126044117
1338.668858,0.9761431824490314
1338.78806,0.9761031613989881
1338.907262,0.9759840840771618
1339.026464,0.9756308417794393
1339.145666,0.9751655768424197
1339.264868,0.9752728509558404
1339.38407,0.9752650488042415
1339.503272,0.9749520389643423
1339.622474,0.9745202308636373
1339.741676,0.974644002792308
1339.860878,0.9741753117561955
1339.98008,0.9738022740530731
1340.099282,0.9739025808530121
1340.218484,0.9734634498205385
1340.337686,0.9731510182011038
1340.456888,0.9728814927000673
1340.57609,0.9728717639337843
1340.695292,0.9728416053765624
1340.814494,0.9727414078514697
1340.933696,0.972356278514602
1341.052898,0.972339748598372
1341.1721,0.9720548947851542
1341.291302,0.9718643906957869
1341.410504,0.9716428308734878
1341.529706,0.9712863033813538
1341.648908,0.9711182853848446
1341.76811,0.9709813673595529
1341.887312,0.9708318477422856
1342.006514,0.9704018644820599
1342.125716,0.9700448222957221
1342.244918,0.9700060212788557
1342.36412,0.9699216344258859
1342.483322,0.9693795997450497
1342.602524,0.9693573042706545
1342.721726,0.969065571630034
1342.840928,0.9691208099418939
1342.96013,0.9690335929938206
1343.079332,0.9686421824924961
1343.198534,0.9684242625183518
1343.317736,0.9684688110590361
1343.436938,0.9682741683902568
1343.55614,0.968165727756186
1343.675342,0.9678724179793511
1343.794544,0.9677040228294256
1343.913746,0.9675288842518129
1344.032948,0.9673237898691243
1344.15215,0.9673315284903976
1344.271352,0.9672338329397284
1344.390554,0.9670529771235146
1344.509756,0.9667658050364747
1344.628958,0.967124541691678
1344.74816,0.9668827907763786
1344.867362,0.9667648382711531
1344.986564,0.9667774062957426
1345.105766,0.9665473406519418
1345.224968,0.9660777127732032
1345.34417,0.9663337572914883
1345.463372,0.9658999708268134
1345.582574,0.9662236015221553
1345.701776,0.9658410527256134
1345.820978,0.9657425419623696
1345.94018,0.9656817020987019
1346.059382,0.965611209907445
1346.178584,0.9654760338006062
1346.297786,0.9654007296068715
1346.416988,0.9653466686797336
1346.53619,0.9653032290570418
1346.655392,0.9653794910244454
1346.774594,0.9655822420056684
1346.893796,0.9651343157723004
1347.012998,0.9653302579258578
1347.1322,0.9652163556757875
1347.251402,0.9652443473559795
1347.370604,0.9649750817473662
1347.489806,0.9649577123522198
1347.609008,0.9650426323673327
1347.72821,0.9649654320447973
1347.847412,0.965057108115386
1347.966614,0.9649635021158632
1348.085816,0.9649017464279309
1348.205018,0.9647685991742956
1348.32422,0.9647386918112877
1348.443422,0.964748339246443
1348.562624,0.964613283933041
1348.681826,0.9646991383357753
1348.801028,0.9646036378484322
1348.92023,0.9646431874083443
1349.039432,0.9646711624664156
1349.158634,0.964574700173364
1349.277836,0.9643962703590986
1349.397038,0.9647097500846614
1349.51624,0.9648274518538337
1349.635442,0.965143967163715
1349.754644,0.9650802697639195
1349.873846,0.9650214016629591
1349.993048,0.9652771662217071
1350.11225,0.9654702409617819
1350.231452,0.9654567244730241
1350.350654,0.9659955996574743
1350.469856,0.966440059851324
1350.589058,0.966769672107429
1350.70826,0.9668905258696452
1350.827462,0.9672802612779807
1350.946664,0.9674272990522828
1351.065866,0.9676498329214788
1351.185068,0.9678791931099899
1351.30427,0.9683003121457425
1351.423472,0.9682296288029293
1351.542674,0.9686547749227191
1351.661876,0.9688698401541094
1351.781078,0.9690200266184836
1351.90028,0.969163452195654
1352.019482,0.9693195000729746
1352.138684,0.969421283964043
1352.257886,0.9695919171252985
1352.377088,0.9697945830138253
1352.49629,0.9699032060899015
1352.615492,0.9701379510687721
1352.734694,0.9703164728752712
1352.853896,0.9705639351259505
1352.973098,0.9705590823184068
1353.0923,0.9706512898110137
1353.211502,0.9706765270726317
1353.330704,0.9709328195048914
1353.449906,0.971052251586613
1353.569108,0.9712600790051932
1353.68831,0.9712435677241964
1353.807512,0.9715077819061171
1353.926714,0.9715330414368192
1354.045916,0.971713763389147
1354.165118,0.9716233982111977
1354.28432,0.9719713016587587
1354.403522,0.9719664418144
1354.522724,0.9717905318087673
1354.641926,0.9721190525253922
1354.761128,0.9723173850413361
1354.88033,0.9721754370655745
1354.999532,0.972584809091344
1355.118734,0.9723990631321114
1355.237936,0.9726062061925114
1355.357138,0.9729525156413402
1355.47634,0.9731734009319228
1355.595542,0.9733894694096433
1355.714744,0.9733154946210458
1355.833946,0.9735238064254628
1355.953148,0.9734615028955858
1356.07235,0.9738733642138383
1356.191552,0.973881155231916
1356.310754,0.9742444806587972
1356.429956,0.9741295265925027
1356.549158,0.9742396094485719
1356.66836,0.9746898121369504
1356.787562,0.9747171038337722
1356.906764,0.974852598927896
1357.025966,0.9749968877896498
1357.145168,0.9748467498298498
1357.26437,0.9750709903689841
1357.383572,0.9753967184733326
1357.502774,0.9754659740988899
1357.621976,0.9756230367639251
1357.741178,0.9757323126633788
1357.86038,0.9759391898418696
1357.979582,0.9759177194158686
1358.098784,0.9761919908283532
1358.217986,0.9762017527970712
1358.337188,0.9763852959791156
1358.45639,0.9765005162419029
1358.575592,0.9768570039853867
1358.694794,0.9767114631348555
1358.813996,0.9769019404411006
1358.933198,0.9772419614766027
1359.0524,0.9773465319609018
1359.171602,0.9773983326998033
1359.290804,0.977516605053393
1359.410006,0.9775586391711374
1359.529208,0.977596764701508
1359.64841,0.9776456457617594
1359.767612,0.9778685743818901
1359.886814,0.9780142876548422
1360.006016,0.977912579457844
1360.125218,0.9781130720864252
1360.24442,0.978175673326257
1360.363622,0.9782969746302749
1360.482824,0.9782343656274081
1360.602026,0.9783781766490064
1360.721228,0.9786599901430766
1360.84043,0.9787480735058813
1360.959632,0.9784916751002806
1361.078834,0.9771461964569406
1361.198036,0.978415355726117
1361.317238,0.9787647123645608
1361.43644,0.9788332282924558
1361.555642,0.9786325880469837
1361.674844,0.9788449743616716
1361.794046,0.9789575480065837
1361.913248,0.9790397838944752
1362.03245,0.9790955907526375
1362.151652,0.9791073399702217
1362.270854,0.9789761483766988
1362.390056,0.9790084551226536
1362.509258,0.9788146306377965
1362.62846,0.9787970121330121
1362.747662,0.9789262218662684
1362.866864,0.978923285092008
1362.986066,0.9787451372660652
1363.105268,0.9783997012056619
1363.22447,0.9776329364509753
1363.343672,0.9782695826984741
1363.462874,0.9785875719833109
1363.582076,0.9789800642891241
1363.701278,0.9788723824046646
1363.82048,0.9789134959081031
1363.939682,0.9788195247231849
1364.058884,0.9786365025851649
1364.178086,0.9787705849704528
1364.297288,0.9785523434648367
1364.41649,0.9787529672584832
1364.535692,0.9784799332706304
1364.654894,0.9784593854077851
1364.774096,0.9783048010373775
1364.893298,0.9785112451294822
1365.0125,0.9784114420725214
1365.131702,0.978480911751053
1365.250904,0.9780856853038236
1365.370106,0.978307735956183
1365.489308,0.9780759044958746
1365.60851,0.9782079536560992
1365.727712,0.9780309140390562
1365.846914,0.977884220404248
1365.966116,0.9776456457617594
1366.085318,0.9774540459925809
1366.20452,0.9774853250225144
1366.323722,0.9775009649128336
1366.442924,0.977257597473074
1366.562126,0.9772488021942756
1366.681328,0.976956648481576
1366.80053,0.9771764884585543
1366.919732,0.9768316060334579
1367.038934,0.9769361326073753
1367.158136,0.9768482123119133
1367.277338,0.9768394207175648
1367.39654,0.9767280673708644
1367.515742,0.9767642069779356
1367.634944,0.9765561783576839
1367.754146,0.9767476021275586
1367.873348,0.976418493643536
1367.99255,0.9763403832885004
1368.111752,0.9763999418683992
1368.230954,0.9762173721500704
1368.350156,0.9762281106002254
1368.469358,0.9759382139031677
1368.58856,0.975731336931554
1368.707762,0.9755118220770916
1368.826964,0.9758533109718891
1368.946166,0.9756464519977891
1369.065368,0.9756366955820513
1369.18457,0.9753674570107026
1369.303772,0.9752396922426092
1369.422974,0.9751324217764463
1369.542176,0.9750973176411406
1369.661378,0.974981287964244
1369.78058,0.9746712932064502
1369.899782,0.9745056131698072
1370.018984,0.9745017151551506
1370.138186,0.9742970912812268
1370.257388,0.9741860277435627
1370.37659,0.9740204301950367
1370.495792,0.9739649126127817
1370.614994,0.9736571883233944
1370.734196,0.9735393829309773
1370.853398,0.9732999216977156
1370.9726,0.9730410583488958
1371.091802,0.9730498157578291
1371.211004,0.9726023157754674
1371.330206,0.9725653575896779
1371.449408,0.972263909055762
1371.56861,0.9721676596931875
1371.687812,0.9720548947851542
1371.807014,0.971932423584259
1371.926216,0.9716020227315681
1372.045418,0.9717351413270979
1372.16462,0.9713144710925816
1372.283822,0.97087747791143
1372.403024,0.9712678491169056
1372.522226,0.9706784684276272
1372.641428,0.9708891285110685
1372.76063,0.9702747501639823
1372.879832,0.9705707290972753
1372.999034,0.9699255141201829
1373.118236,0.9700137813580663
1373.237438,0.969596765097004
1373.35664,0.9695560428880423
1373.475842,0.969186712397628
1373.595044,0.9689715768284075
1373.714246,0.9680543950992445
1373.833448,0.9678375751994777
1373.95265,0.9684494418765075
1374.071852,0.9685521029582875
1374.191054,0.9683855263225801
1374.310256,0.9682063915706859
1374.429458,0.9682054233647784
1374.54866,0.9679740499188224
1374.667862,0.9678366073623864
1374.787064,0.9677949912830219
1374.906266,0.9673934396893582
1375.025468,0.966946607146487
1375.14467,0.9667774062957426
1375.263872,0.966978516911031
1375.383074,0.9669456402003633
1375.502276,0.9668566852934534
1375.621478,0.9666449668633883
1375.74068,0.9667600044590463
1375.859882,0.9668015760330204
1375.979084,0.9663820751872902
1376.098286,0.9662699813681357
1376.217488,0.9660767466959734
1376.33669,0.9660844753408615
1376.455892,0.965786001354587
1376.575094,0.9658507111844328
1376.694296,0.9657782750974813
1376.813498,0.9656034850486652
1376.9327,0.9654306574933691
1377.051902,0.9654547935615061
1377.171104,0.9651275598557356
1377.290306,0.9648853432376691
1377.409508,0.9647319386640811
1377.52871,0.9646528338884508
1377.647912,0.9644599226134436
1377.767114,0.9640221571888477
1377.886316,0.9642718712641365
1378.005518,0.9638149147044175
1378.12472,0.9639556419548037
1378.243922,0.9639884170038028
1378.363124,0.9636713169804226
1378.482326,0.9637763628788709
1378.601528,0.963435246427586
1378.72073,0.9635614647119851
1378.839932,0.9636558983627003
1378.959134,0.9632714763565438
1379.078336,0.963372625171781
1379.197538,0.9632541376260184
1379.31674,0.9631722645039772
1379.435942,0.963297485037521
1379.555144,0.963051875495384
1379.674346,0.9630643952511436
1379.793548,0.9630720997971238
1379.91275,0.9630345407176385
1380.031952,0.9629546121678396
1380.151154,0.9633389077199589
1380.270356,0.9630566907667996
1380.389558,0.9633562479763597
1380.50876,0.9634911272924083
1380.627962,0.9634005633830132
1380.747164,0.9635739910924477
1380.866366,0.9636298800046939
1380.985568,0.9635547198053394
1381.10477,0.9639527500922156
1381.223972,0.9639469663930661
1381.343174,0.9642439077853422
1381.462376,0.9641204924638948
1381.581578,0.964357695279791
1381.70078,0.9646267886135486
1381.819982,0.9644223094099239
1381.939184,0.9646422227656393
1382.058386,0.9645148983958275
1382.177588,0.9647386918112877
1382.29679,0.9648515728416411
1382.415992,0.9651130830509141
1382.535194,0.9650899206148713
1382.654396,0.965550378317436
1382.773598,0.9654625172307492
1382.8928,0.9654972745069967
1383.012002,0.9659386075983768
1383.131204,0.9658883800967081
1383.250406,0.96613954372539
1383.369608,0.966178190080061
1383.48881,0.9662525886650059
1383.608012,0.966487416574487
1383.727214,0.9662796441162631
1383.846416,0.9664864500875536
1383.965618,0.9668180117995167
1384.08482,0.966907930055748
1384.204022,0.9670384714376506
1384.323224,0.9672289967826542
1384.442426,0.9674069832923189
1384.561628,0.9677795066870385
1384.68083,0.9677282157324063
1384.800032,0.9681231294013354
1384.919234,0.9679924416004912
1385.038436,0.9682925657742308
1385.157638,0.968891155525061
1385.27684,0.9688824355439013
1385.396042,0.9691053041329816
1385.515244,0.9693214387139134
1385.634446,0.9695618602417516
1385.753648,0.9697742175414201
1385.87285,0.9699866213524301
1385.992052,0.9702301185520097
1386.111254,0.9703669306437513
1386.230456,0.9704455335485082
1386.349658,0.9706309063479548
1386.46886,0.97068429251591
1386.588062,0.9711386790829707
1386.707264,0.9712833895268144
1386.826466,0.9714456073976806
1386.945668,0.9715641309915753
1387.06487,0.9716690655840884
1387.184072,0.9717215371303489
1387.303274,0.9718537002462869
1387.422476,0.971159073209369
1387.541678,0.9683322665832886
1387.66088,0.971787616441545
1387.780082,0.9724797756038727
1387.899284,0.9728921944553466
1388.018486,0.9731325285074106
1388.137688,0.973444954190701
1388.25689,0.9736270054183939
1388.376092,0.9742405836886685
1388.495294,0.9744432468063093
1388.614496,0.9745475178121169
1388.733698,0.9747326994321981
1388.8529,0.9748642972292728
1388.972102,0.9751343720432402
1389.091304,0.9753820876322872
1389.210506,0.9756142561961069
1389.329708,0.9757206039458793
1389.44891,0.9759079602874702
1389.568112,0.9764077530991789
1389.687314,0.9764819629083515
1389.806516,0.9767612766897101
1389.925718,0.9769283171495764
1390.04492,0.9770797527746923
1390.164122,0.9771970093802809
1390.283324,0.9774980324143376
1390.402526,0.9780113536163804
1390.521728,0.9779331158376439
1390.64093,0.9782236051085691
1390.760132,0.9783116491949533
1390.879334,0.9787607973135415
1390.998536,0.9786824995817074
1391.117738,0.978923285092008
1391.23694,0.9791700048452344
1391.356142,0.9793168913621746
1391.475344,0.9794285398516328
1391.594546,0.9798194098124052
1391.713748,0.9799056377144407
1391.83295,0.9803339500575527
1391.952152,0.9803810072165183
1392.071354,0.9805163091311315
1392.190556,0.9808418945899586
1392.309758,0.9809782410891689
1392.42896,0.9809939368665921
1392.548162,0.9813589344964565
1392.667364,0.9815405026938787
1392.786566,0.9815709309210974
1392.905768,0.9819430168097385
1393.02497,0.9818860657663597
1393.144172,0.9823967792945675
1393.263374,0.9825765743559247
1393.382576,0.982666975559157
1393.501778,0.9825294118122657
1393.62098,0.982770161008732
1393.740182,0.9829392120143953
1393.859384,0.9832931338328255
1393.978586,0.9832990336093278
1394.097788,0.9832892006681564
1394.21699,0.9834927626006279
1394.336192,0.9827740920972383
1394.455394,0.9804319883543916
1394.574596,0.9818251907174282
1394.693798,0.9835075151027104
1394.813,0.983959048671169
1394.932202,0.9840958284849112
1395.051404,0.9843074318345804
1395.170606,0.9845062820190035
1395.289808,0.9845604313536075
1395.40901,0.9846618463008171
1395.528212,0.9845476321511949
1395.647414,0.9846756316631626
1395.766616,0.9839836479548756
1395.885818,0.9842149112845219
1396.00502,0.9848243289099033
1396.124222,0.9851168651750746
1396.243424,0.9850587449945915
1396.362626,0.9853010992542118
1396.481828,0.985199618467339
1396.60103,0.9854548182154628
1396.720232,0.9855533686247226
1396.839434,0.9856667137793359
1396.958636,0.9855642097714037
1397.077838,0.9857623280877915
1397.19704,0.9857564135315667
1397.316242,0.9856410867779302
1397.435444,0.9858264047215853
1397.554646,0.9855356288237461
1397.673848,0.9855494264191326
1397.79305,0.9855395709741457
1397.912252,0.9859033021801155
1398.031454,0.9859023162773063
1398.150656,0.9858983726759283
1398.269858,0.9859348515905731
1398.38906,0.985870767907962
1398.508262,0.9859811916175799
1398.627464,0.9860748642801647
1398.746666,0.9859920374703398
1398.865868,0.9858806266649347
1398.98507,0.9858086600060032
1399.104272,0.9844472134141582
1399.223474,0.9837878546910085
1399.342676,0.9852597174770665
1399.461878,0.9858027451717877
1399.58108,0.9861024747629095
1399.700282,0.9862592775218858
1399.819484,0.9862346213481512
1399.938686,0.9864003226830601
1400.057888,0.9859614721909425
1400.17709,0.9863214138136422
1400.296292,0.9862237728269833
1400.415494,0.9862780166261796
1400.534696,0.9863628401829702
1400.653898,0.9862434974996859
1400.7731,0.9860482406182501
1400.892302,0.9861212108879226
1401.011504,0.9863016875826289
1401.130706,0.9861606565252656
1401.249908,0.9862237728269833
1401.36911,0.9861932003639013
1401.488312,0.9860807807470997
1401.607514,0.9859338656562144
1401.726716,0.985891471411474
1401.845918,0.9857997877679883
1401.96512,0.9857810577499564
1402.084322,0.985720926939442
1402.203524,0.9859733037995984
1402.322726,0.9857879582415123
1402.441928,0.9859279500707673
1402.56113,0.9856923414470524
1402.680332,0.9857968303730611
1402.799534,0.9858421780702473
1402.918736,0.9860719060600092
1403.037938,0.9858421780702473
1403.15714,0.9856982556188436
1403.276342,0.9855612530832094
1403.395544,0.9855563252892635
1403.514746,0.9852902610017306
1403.633948,0.9854725565618353
1403.75315,0.9851493745680274
1403.872352,0.9853414974274382
1403.991554,0.9852646437879697
1404.110756,0.9851296717775646
1404.229958,0.9850902673787867
1404.34916,0.9848243289099033
1404.468362,0.9847071417875352
1404.587564,0.9846736623138687
1404.706766,0.9844019298838703
1404.825968,0.9841243676777535
1404.94517,0.9834131029131181
1405.064372,0.9829578880368453
1405.183574,0.9837770330841258
1405.302776,0.983658003264572
1405.421978,0.9837485039638406
1405.54118,0.9836668562264396
1405.660382,0.9838291746486185
1405.779584,0.9834553905857218
1405.898786,0.9834357216745999
1406.017988,0.9832420039192554
1406.13719,0.9829175875896006
1406.256392,0.98297066657245
1406.375594,0.9829431437791069
1406.494796,0.9824478652553142
1406.613998,0.9825864001707972
1406.7332,0.9824124977687837
1406.852402,0.9821708540177325
1406.971604,0.9822150527006263
1407.090806,0.9820559467500187
1407.210008,0.9819263239203426
1407.32921,0.98191159513595
1407.448412,0.9819057036840536
1407.567614,0.9815385396148365
1407.686816,0.9817633376788042
1407.806018,0.9817417391229603
1407.92522,0.9817044336456822
1408.044422,0.9819155227901859
1408.163624,0.9818752650790402
1408.282826,0.9818497366540191
1408.402028,0.9819263239203426
1408.52123,0.9816582946215764
1408.640432,0.9817093421801217
1408.759634,0.9817947546082781
1408.878836,0.981714250739104
1408.998038,0.9814030966421496
1409.11724,0.9813991710376143
1409.236442,0.9811538519110234
1409.355644,0.9811303045011476
1409.474846,0.980984126976273
1409.594048,0.9809262506201507
1409.71325,0.980877205533757
1409.832452,0.9807183162968363
1409.951654,0.9803829679804935
1410.070856,0.9802604277684187
1410.190058,0.9801682876188634
1410.30926,0.9800261735206798
1410.428462,0.9799791333933229
1410.547664,0.9802604277684187
1410.666866,0.9800741959797229
1410.786068,0.9797243719390648
1410.90527,0.9798262685722796
1411.024472,0.979545098782994
1411.143674,0.9794931842685053
1411.262876,0.9793599822533872
1411.382078,0.9793237466044075
1411.50128,0.978997686088877
1411.620482,0.9790192242748902
1411.739684,0.9789350322419118
1411.858886,0.9788038637360776
1411.978088,0.9786061653238147
1412.09729,0.9784946105797091
1412.216492,0.978434924228916
1412.335694,0.978427096780832
1412.454896,0.9783087142644081
1412.574098,0.9779477849443995
1412.6933,0.9781297001499888
1412.812502,0.9780240678466197
1412.931704,0.9779164911159852
1413.050906,0.9776221825478209
1413.170108,0.9778059927957617
1413.28931,0.9774061519177416
1413.408512,0.977421790541281
1413.527714,0.9773563054750889
1413.646916,0.9773465319609018
1413.766118,0.977070959096489
1413.88532,0.9770377392486203
1414.004522,0.976600124374488
1414.123724,0.9764741510838956
1414.242926,0.9764155643924489
1414.362128,0.9764966102476499
1414.48133,0.9764253285969138
1414.600532,0.9762798520612239
1414.719734,0.9761617293456929
1414.838936,0.9759011289556578
1414.958138,0.9759186953340759
1415.07734,0.9759294304987679
1415.196542,0.9757508517534402
1415.315744,0.9755401123301385
1415.434946,0.9756269392638771
1415.554148,0.9756962112356908
1415.67335,0.9759694444256982
1415.792552,0.9757206039458793
1415.911754,0.9757332883961793
1416.030956,0.9756084025281306
1416.150158,0.9757010897289432
1416.26936,0.9757996405157368
1416.388562,0.9761841813236646
1416.507764,0.9761519677772074
1416.626966,0.9763569812160983
1416.746168,0.9766470023055193
1416.86537,0.9766411424410851
1416.984572,0.9766274695608013
1417.103774,0.9770856152707964
1417.222976,0.9767808121105975
1417.342178,0.9774110389607188
1417.46138,0.9767642069779356
1417.580582,0.9778490172059748
1417.699784,0.9785631075998174
1417.818986,0.9788195247231849
1417.938188,0.979283595153907
1418.05739,0.9795784038825361
1418.176592,0.9798331273801654
1418.295794,0.9803996346326153
1418.414996,0.9807712765158294
1418.534198,0.980984126976273
1418.6534,0.9812715974378431
1418.772602,0.9813471582599002
1418.891804,0.9809095750156331
1419.011006,0.980963526525912
1419.130208,0.9815336319344076
1419.24941,0.980017353324809
1419.368612,0.9785347296811788
1419.487814,0.975181179616471
1419.607016,0.9787676486631023
1419.726218,0.98224353735018
1419.84542,0.9831466340703877
1419.964622,0.9835921003861243
1420.083824,0.9837366990526226
1420.203026,0.9838321261405697
1420.322228,0.9840131679071114
1420.44143,0.9842345957795919
1420.560632,0.9843842108086045
1420.679834,0.9842857773092807
1420.799036,0.9842424696878538
1420.918238,0.9845948915717552
1421.03744,0.9845968607635076
1421.156642,0.9844600113111187
1421.275844,0.9847908454519424
1421.395046,0.9847888758722211
1421.514248,0.9846756316631626
1421.63345,0.9848725864843209
1421.752652,0.9848735713573997
1421.871854,0.9849533493476447
1421.991056,0.9851562706377855
1422.110258,0.9852912462924842
1422.22946,0.9853079963860466
1422.348662,0.9855711087450185
1422.467864,0.9855898347739813
1422.587066,0.98576627114499
1422.706268,0.9859555564398567
1422.82547,0.9858185181418939
1422.944672,0.986207993372854
1423.063874,0.986350017549395
1423.183076,0.9864466845877223
1423.302278,0.986652873490791
1423.42148,0.9867495702104551
1423.540682,0.9867406895042864
1423.659884,0.9864407659253709
1423.779086,0.9866370871711061
1423.898288,0.9870870962771345
1424.01749,0.9872035794268659
1424.136692,0.9870012234352812
1424.255894,0.9875916266798714
1424.375096,0.988187324015456
1424.494298,0.9885194107437713
1424.6135,0.9885836665937621
1424.732702,0.9890266512975607
1424.851904,0.9890444539375073
1424.971106,0.9890602787753687
1425.090308,0.9892838316588962
1425.20951,0.9893234038036002
1425.328712,0.9895519639075545
1425.447914,0.9898716408169382
1425.567116,0.9903965108782541
1425.686318,0.9906326495530591
1425.80552,0.990576878504859
1425.924722,0.9910907249029062
1426.043924,0.9908013686593021
1426.163126,0.9909512882475111
1426.282328,0.9914839685882031
1426.40153,0.991240985646278
1426.520732,0.9918871879387698
1426.639934,0.9919995751237771
1426.759136,0.9920083047584486
1426.878338,0.9923605302229587
1426.99754,0.9922690387998915
1427.116742,0.9927095055316492
1427.235944,0.9927522922333845
1427.355146,0.9928002433271089
1427.474348,0.9932237629400255
1427.59355,0.9932616054862894
1427.712752,0.9934040494135016
1427.831954,0.9935571447732107
1427.951156,0.9937670062027737
1428.070358,0.9938062607747914
1428.18956,0.9942515857249591
1428.308762,0.9940314827901736
1428.427964,0.9943139272537705
1428.547166,0.9943917850823688
1428.666368,0.9944312632198724
1428.78557,0.99466826442747
1428.904772,0.9947498305693192
1429.023974,0.9947513226951842
1429.143176,0.9950433250576457
1429.262378,0.9948903986512797
1429.38158,0.9951634340354112
1429.500782,0.9953856788429406
1429.619984,0.9952369793306516
1429.739186,0.9949074114225555
1429.858388,0.9947997682642394
1429.97759,0.9951798543675401
1430.096792,0.995254495655631
1430.215994,0.9955397764728743
1430.335196,0.9957493596536777
1430.454398,0.9958806080683607
1430.5736,0.995936976505989
1430.692802,0.9960984309754118
1430.812004,0.9959662574835265
1430.931206,0.9964407492031987
1431.050408,0.9963666167692187
1431.16961,0.9966753389656928
1431.288812,0.99612263646138
1431.408014,0.9965173784431689
1431.527216,0.9965308315185859
1431.646418,0.9964017891315792
1431.76562,0.9969111802498158
1431.884822,0.9967611564067657
1432.004024,0.9968613359369216
1432.123226,0.9972433066765425
1432.242428,0.9968027222136289
1432.36163,0.9971758953075411
1432.480832,0.9969571389145645
1432.600034,0.9969596313105272
1432.719236,0.9970543469744245
1432.838438,0.9968381093383851
1432.95764,0.9973341596800722
1433.076842,0.9972389188156464
1433.196044,0.9971462796232455
1433.315246,0.997413550638901
1433.434448,0.9973230893323403
1433.55365,0.9973453298852136
1433.672852,0.9973942010037107
1433.792054,0.9974856662455599
1433.911256,0.9975902082212863
1434.030458,0.9973514137102816
1434.14966,0.9976599422140157
1434.268862,0.9976465736603595
1434.388064,0.9978045136135874
1434.507266,0.9975424247947348
1434.626468,0.9976014810543307
1434.74567,0.9974940451603478
1434.864872,0.9979006068150618
1434.984074,0.9977963316501218
1435.103276,0.9976577473645571
1435.222478,0.9980212602917814
1435.34168,0.9976151482882414
1435.460882,0.9979840347930324
1435.580084,0.9976420842608792
1435.699286,0.9977519307012919
1435.818488,0.9979396254915984
1435.93769,0.9979760509526895
1436.056892,0.9979566904050989
1436.176094,0.997807606812374
1436.295296,0.99763230741636
1436.414498,0.9972991538654231
1436.5337,0.9969742867248246
1436.652902,0.9975466144817172
1436.772104,0.9971436870462889
1436.891306,0.9967117182794836
1437.010508,0.9969839574223086
1437.12971,0.9974309057856714
1437.248912,0.9976387920474332
1437.368114,0.9979677677858417
1437.487316,0.997872167053036
1437.606518,0.997872765776516
1437.72572,0.9984206484903054
1437.844922,0.9980298433115269
1437.964124,0.9982686006042808
1438.083326,0.9982350593427969
1438.202528,0.9982764869573766
1438.32173,0.9982202855732447
1438.440932,0.9985150036998012
1438.560134,0.9982684009505807
1438.679336,0.9982615129223777
1438.798538,0.998138135424267
1438.91774,0.9982746900613173
1439.036942,0.9981553035478418
1439.156144,0.9985863002163208
1439.275346,0.9985466571271226
1439.394548,0.9983383820182951
1439.51375,0.9982418473642796
1439.632952,0.9982186884220655
1439.752154,0.9981601945208121
1439.871356,0.9986909575445316
1439.990558,0.9984393191310021
1440.10976,0.9986733807383552
1440.228962,0.9985383692242633
1440.348164,0.9984395188188859
1440.467366,0.9985314793332859
1440.586568,0.998863346480541
1440.70577,0.9985751161123894
1440.824972,0.998568924965862
1440.944174,0.9984862468817948
1441.063376,0.9986049739547337
1441.182578,0.9988309838323928
1441.30178,0.9988373763711454
1441.420982,0.99870803530592
1441.540184,0.998738696113245
1441.659386,0.9987164244886512
1441.778588,0.998584502762598
1441.89779,0.9987980229537838
1442.016992,0.9983424752140524
1442.136194,0.9986062721420437
1442.255396,0.9986246466664962
1442.374598,0.998520295843345
1442.4938,0.9985899949924668
1442.613002,0.9985193971754831
1442.732204,0.9987245141244525
1442.851406,0.9987637647691276
1442.970608,0.9985969851468973
1443.08981,0.9989027024717003
1443.209012,0.9990381428813992
1443.328214,0.9989908095755244
1443.447416,0.9986903583301369
1443.566618,0.998679872136427
1443.68582,0.9987092337562815
1443.805022,0.9984764617645225
1443.924224,0.9989267763169185
1444.043426,0.9985010245876034
1444.162628,0.9985480550934213
1444.28183,0.9984431132076236
1444.401032,0.9987753504959961
1444.520234,0.9983408778673699
1444.639436,0.9985244896373945
1444.758638,0.998498029089023
1444.87784,0.998391495033012
1444.997042,0.9985104105413485
1445.116244,0.9981805571964788
1445.235446,0.9984639808867561
1445.354648,0.998433528199745
1445.47385,0.9986190543841332
1445.593052,0.9983489644612312
1445.712254,0.998473566186982
1445.831456,0.9981220655296497
1445.950658,0.9981912377855819
1446.06986,0.9983423753798099
1446.189062,0.9983273005237571
1446.308264,0.9985001259370857
1446.427466,0.9983571509563044
1446.546668,0.9983102292728777
1446.66587,0.9983208114173933
1446.785072,0.998273092823091
1446.904274,0.9985167011767504
1447.023476,0.9981377361690927
1447.142678,0.998101304806599
1447.26188,0.9983202124250861
1447.381082,0.9982566214529486
1447.500284,0.9977784712556363
1447.619486,0.998165884050136
1447.738688,0.997968665957237
1447.85789,0.9979135796072733
1447.977092,0.9979288478018428
1448.096294,0.9978132943319423
1448.215496,0.9979855317702073
1448.334698,0.9982348596958049
1448.4539,0.9981669820332123
1448.573102,0.9981889419483753
1448.692304,0.9979087896335872
1448.811506,0.9979772485246692
1448.930708,0.9982150948412557
1449.04991,0.9980126773458496
1449.169112,0.9982032161523053
1449.288314,0.9981903394138721
1449.407516,0.9977712872765057
1449.526718,0.9978665789845472
1449.64592,0.9981473183373543
1449.765122,0.9980118789360272
1449.884324,0.9979461121202456
1450.003526,0.9977331731413163
1450.122728,0.997954694493714
1450.24193,0.9976830881931673
1450.361132,0.9979371306456533
1450.480334,0.9977973294469524
1450.599536,0.9978200794854133
1450.718738,0.9979322407656933
1450.83794,0.9979304444892766
1450.957142,0.9978615896641256
1451.076344,0.9977446471387827
1451.195546,0.997636597244505
1451.314748,0.9979043988445725
1451.43395,0.9977292819895288
1451.553152,0.9974237243090032
1451.672354,0.997567064396925
1451.791556,0.9973868203139318
1451.910758,0.9975121997171756
1452.02996,0.9973933033493337
1452.149162,0.9972024205391403
1452.268364,0.9971445844760111
1452.387566,0.9975191823270128
1452.506768,0.9972606588610422
1452.62597,0.9975193818308692
1452.745172,0.9973937023067349
1452.864374,0.9973547049753775
1452.983576,0.9973826312980835
1453.102778,0.9974331998793929
1453.22198,0.9972438052983205
1453.341182,0.9972760167934445
1453.460384,0.997356899158142
1453.579586,0.997153060241001
1453.698788,0.9971274337366549
1453.81799,0.9971799837370932
1453.937192,0.9974204328161439
1454.056394,0.996810796348379
1454.175596,0.9976403882707775
1454.294798,0.9969187568035767
1454.414,0.9971361087830648
1454.533202,0.9966845084209908
1454.652404,0.9969451755006781
1454.771606,0.9967197916770988
1454.890808,0.996907691066791
1455.01001,0.9966964687068534
1455.129212,0.9967309550012801
1455.248414,0.9965603292677634
1455.367616,0.996124728321113
1455.486818,0.9964708421682261
1455.60602,0.9966007904384879
1455.725222,0.9965271443613306
1455.844424,0.9966216196126721
1455.963626,0.9966418512369006
1456.082828,0.996253635201053
1456.20203,0.9966929802753177
1456.321232,0.9962634981608631
1456.440434,0.9955428626509649
1456.559636,0.9953801046987466
1456.678838,0.99559463222582
1456.79804,0.9951155678254257
1456.917242,0.9955790015127955
1457.036444,0.9954091702221585
1457.155646,0.9955696431141658
1457.274848,0.9957419911356798
1457.39405,0.9959449440336712
1457.513252,0.9954773580857263
1457.632454,0.9959164604155895
1457.751656,0.9963377225563005
1457.870858,0.9962865121134807
1457.99006,0.9955496323654479
1458.109262,0.9956873264009272
1458.228464,0.9953304364707548
1458.347666,0.9948912940530414
1458.466868,0.9953190897684553
1458.58607,0.9954677020021849
1458.705272,0.9955482385969383
1458.824474,0.9958956459790784
1458.943676,0.9957339256582168
1459.062878,0.9953942391965881
1459.18208,0.995310330999004
1459.301282,0.9950098921635996
1459.420484,0.9954520732819493
1459.539686,0.9953266542222825
1459.658888,0.9955889573525898
1459.77809,0.9955095125236839
1459.897292,0.9954803445222802
1460.016494,0.9954188257379387
1460.135696,0.99526464730326
1460.254898,0.9953908548619281
1460.3741,0.9955676519768708
1460.493302,0.9954389334013054
1460.612504,0.9954177307778327
1460.731706,0.9955480394873105
1460.850908,0.995141341652402
1460.97011,0.9954080752726734
1461.089312,0.995608769769974
1461.208514,0.9949555661066023
1461.327716,0.9952761924401304
1461.446918,0.9954304722063316
1461.56612,0.9949171615629631
1461.685322,0.9954812404549934
1461.804524,0.9956957897791708
1461.923726,0.9951711963404696
1462.042928,0.9951544776048089
1462.16213,0.9953264551569715
1462.281332,0.9945641281118157
1462.400534,0.9950771571058392
1462.519736,0.994980738800858
1462.638938,0.9949710875345004
1462.75814,0.9945909817057966
1462.877342,0.9949811367932331
1462.996544,0.9946067958281277
1463.115746,0.99512641464423
1463.234948,0.9952029428079864
1463.35415,0.9949012430157267
1463.473352,0.9949997431144597
1463.592554,0.9950640221740562
1463.711756,0.9949437262058132
1463.830958,0.9945629346355781
1463.95016,0.9948384667279051
1464.069362,0.9947657466939369
1464.188564,0.9946040109329982
1464.307766,0.9947100413718857
1464.426968,0.9946046076955838
1464.54617,0.9943271517169455
1464.665372,0.9944900358442427
1464.784574,0.9940307869683792
1464.903776,0.9947659456471062
1465.022978,0.9938894458400647
1465.14218,0.9945512983173155
1465.261382,0.9942042604758285
1465.380584,0.9946854723372927
1465.499786,0.9943509164198586
1465.618988,0.9941739377083085
1465.73819,0.9940969916233818
1465.857392,0.9944620910668613
1465.976594,0.9943273505823957
1466.095796,0.9941355633349431
1466.214998,0.9941280079333724
1466.3342,0.9942314026226281
1466.453402,0.9937750557481245
1466.572604,0.9942772377467805
1466.691806,0.9938436285927071
1466.811008,0.9939307925010162
1466.93021,0.9937937388947936
1467.049412,0.9939507707107258
1467.168614,0.9937392804900761
1467.287816,0.9938519769142502
1467.407018,0.9938731461868104
1467.52622,0.993781018416347
1467.645422,0.9937948320685077
1467.764624,0.994136358643712
1467.883826,0.9938566480295188
1468.003028,0.9939280094986934
1468.12223,0.9939665746536211
1468.241432,0.9938128199177577
1468.360634,0.9938703633458971
1468.479836,0.9938920299559832
1468.599038,0.9940832731795549
1468.71824,0.9941897451995874
1468.837442,0.9941396392991085
1468.956644,0.9941009680193011
1469.075846,0.994519870992843
1469.195048,0.9940444052834458
1469.31425,0.9942790274474191
1469.433452,0.9945605476873993
1469.552654,0.9943518113360862
1469.671856,0.9947297368256892
1469.791058,0.9947343125930028
1469.91026,0.9949375575738335
1470.029462,0.9948904981403246
1470.148664,0.9949118885159803
1470.267866,0.9951419387373861
1470.387068,0.9950192453005455
1470.50627,0.995212297759617
1470.625472,0.9951391523438585
1470.744674,0.9951433319370755
1470.863876,0.9950189467948167
1470.983078,0.9949288021618506
1471.10228,0.9950209368347004
1471.221482,0.9952268279652344
1471.340684,0.9950086981524454
1471.459886,0.9948546827270729
1471.579088,0.9948055381196279
1471.69829,0.9946010271254412
1471.817492,0.994726752640955
1471.936694,0.9940135903845155
1472.055896,0.9947318257603299
1472.175098,0.9940296935351149
1472.2943,0.9946697564309857
1472.413502,0.9947886265692285
1472.532704,0.9947537101012235
1472.651906,0.9947455531542442
1472.771108,0.9947416736541519
1472.89031,0.9947276478954352
1473.009512,0.9946687617617266
1473.128714,0.9948069308483563
1473.247916,0.9949220366689987
1473.367118,0.994196605132496
1473.48632,0.9940357571347395
1473.605522,0.9935759231807023
1473.724724,0.994502268146912
1473.843926,0.9950587483487143
1473.963128,0.994678609031212
1474.08233,0.9946956181808542
1474.201532,0.9946332527207719
1474.320734,0.9950542705944218
1474.439936,0.9955365907506867
1474.559138,0.9953656717918673
1474.67834,0.995398618940876
1474.797542,0.9957409953941866
1474.916744,0.9953077431955075
1475.035946,0.9952884344125854
1475.155148,0.9954356484582453
1475.27435,0.9960324914419039
1475.393552,0.9952861452518188
1475.512754,0.9954373407002861
1475.631956,0.9955356947681583
1475.751158,0.9950985514947058
1475.87036,0.9952283208065961
1475.989562,0.9953964290663232
1476.108764,0.9953056530514415
1476.227966,0.9950799433257799
1476.347168,0.9951240263437008
1476.46637,0.9951973696871114
1476.585572,0.995191099963432
1476.704774,0.9954298749482274
1476.823976,0.9955535150165853
1476.943178,0.9956763739005756
1477.06238,0.9958879776121276
1477.181582,0.9955525194635682
1477.300784,0.9958165750039469
1477.419986,0.995994045329749
1477.539188,0.9959183526586619
1477.65839,0.9958382840419097
1477.777592,0.99587184435757
1477.896794,0.9960694449328195
1478.015996,0.9960303997758682
1478.135198,0.9959436493060855
1478.2544,0.9960617752276218
1478.373602,0.9962065135185446
1478.492804,0.9958168737489642
1478.612006,0.9959628712040077
1478.731208,0.9958865833699349
1478.85041,0.9959454420062677
1478.969612,0.9962399866197438
1479.088814,0.9961542140494579
1479.208016,0.996052213080478
1479.327218,0.9959242285942765
1479.44642,0.9962868109994792
1479.565622,0.9961784208909713
1479.684824,0.9958541179965055
1479.804026,0.9964933626637397
1479.923228,0.9961144682892505
1480.04243,0.9963383203591134
1480.161632,0.9961172574136665
1480.280834,0.9960798041089144
1480.400036,0.9960395632976982
1480.519238,0.9961903751037471
1480.63844,0.9963699047844793
1480.757642,0.9962925894797405
1480.876844,0.9962249435095216
1480.996046,0.9960862786486833
1481.115248,0.9960748237223448
1481.23445,0.9959431513343853
1481.353652,0.9959585885728692
1481.472854,0.996133992324164
1481.592056,0.9958298194524698
1481.711258,0.9960090849533824
1481.83046,0.9961575013637883
1481.949662,0.9961308047004888
1482.068864,0.9961744361852571
1482.188066,0.9959597837238926
1482.307268,0.9960935501050582
1482.42647,0.996366517132562
1482.545672,0.9961035110903641
1482.664874,0.9959354826016447
1482.784076,0.9962445693342225
1482.903278,0.996335729882848
1483.02248,0.9960126705925423
1483.141682,0.9960276108946532
1483.260884,0.9960159574397786
1483.380086,0.9960411569622744
1483.499288,0.9962953791028966
1483.61849,0.9960961399516552
1483.737692,0.9963901312988448
1483.856894,0.9959453424117284
1483.976096,0.9961759304480321
1484.095298,0.9964440374630966
1484.2145,0.9959832886521456
1484.333702,0.9961860914943439
1484.452904,0.996031595013065
1484.572106,0.9958494374931501
1484.691308,0.9962301238926968
1484.81051,0.9960510178185394
1484.929712,0.9963064380429817
1485.048914,0.9958477445505454
1485.168116,0.9963271614324154
1485.287318,0.9958921603504173
1485.40652,0.9960754213674183
1485.525722,0.9954549600971477
1485.644924,0.9960085869489643
1485.764126,0.9956459066696853
1485.883328,0.9961567044381061
1486.00253,0.9960625720773607
1486.121732,0.9957473681569499
1486.240934,0.9958905669242355
1486.360136,0.9955389800413716
1486.479338,0.9958875792570162
1486.59854,0.9953745305857679
1486.717742,0.9955442564119482
1486.836944,0.9958450557652649
1486.956146,0.9957864022188443
1487.075348,0.9953811000793491
1487.19455,0.9952335955306744
1487.313752,0.9951041240621974
1487.432954,0.9948045433145872
1487.552156,0.9952837565679366
1487.671358,0.9951862235389894
1487.79056,0.9957597155008684
1487.909762,0.9956629323602586
1488.028964,0.9955437586399445
1488.148166,0.9957457749624354
1488.267368,0.9957906841095798
1488.38657,0.9957411945424055
1488.505772,0.9956648241216273
1488.624974,0.9956808544543394
1488.744176,0.9958128904894358
1488.863378,0.9955568003486057
1488.98258,0.9952004548037393
1489.101782,0.9953267537549528
1489.220984,0.9951575625884711
1489.340186,0.9952551923340218
1489.459388,0.9951012382644221
1489.57859,0.9953420819049872
1489.697792,0.9952965958112092
1489.816994,0.9951872187257106
1489.936196,0.9950309865969136
1490.055398,0.9951220360976384
1490.1746,0.994855976039001
1490.293802,0.9953120230280049
1490.413004,0.9953090370964147
1490.532206,0.9950480017722637
1490.651408,0.9947416736541519
1490.77061,0.9943092539892947
1490.889812,0.9941171719971419
1491.009014,0.995107507421971
1491.128216,0.9950525790035996
1491.247418,0.9950529770247107
1491.36662,0.9954128532429019
1491.485822,0.9953532297987325
1491.605024,0.995246334602227
1491.724226,0.9954881092992501
1491.843428,0.9952876381821564
1491.96263,0.9954309699216921
1492.081832,0.9948847277921694
1492.201034,0.9951145727103554
1492.320236,0.9950209368347004
1492.439438,0.9951363659581329
1492.55864,0.9951656233973744
1492.677842,0.9950271059836331
1492.797044,0.9950726792687075
1492.916246,0.995152984874212
1493.035448,0.995044021588217
1493.15465,0.9946100780359696
1493.273852,0.9948802508209675
1493.393054,0.9948057370807555
1493.512256,0.9950757639987945
1493.631458,0.9949121869895916
1493.75066,0.994760275497376
1493.869862,0.9949453181170486
1493.989064,0.9945965514308894
1494.108266,0.9947399825947442
1494.227468,0.99479618699152
1494.34667,0.9945485135775788
1494.465872,0.9947846474226805
1494.585074,0.994568006919479
1494.704276,0.9947474431725907
1494.823478,0.9945752672924298
1494.94268,0.994727747368205
1495.061882,0.9947096434879487
1495.181084,0.9949366621304346
1495.300286,0.9944442903547481
1495.419488,0.994781066204396
1495.53869,0.9948782610624557
1495.657892,0.99425804838127
1495.777094,0.9945440381193374
1495.896296,0.9942583466587293
1496.015498,0.9943363990024563
1496.1347,0.9937408704741969
1496.253902,0.9946791063706407
1496.373104,0.9940702507739732
1496.492306,0.9946402151779095
1496.611508,0.9951661209803104
1496.73071,0.9949008450553091
1496.849912,0.994703277366602
1496.969114,0.9948837329079391
1497.088316,0.9952346902882315
1497.207518,0.9948676159220139
1497.32672,0.9950637236548943
1497.445922,0.99491397783314
1497.565124,0.9949535761974599
1497.684326,0.995068400465386
1497.803528,0.995401406060911
1497.92273,0.9947110360824244
1498.041932,0.9949003476050109
1498.161134,0.9947615686865746
1498.280336,0.9947174022534271
1498.399538,0.9946431991030309
1498.51874,0.9946913409988919
1498.637942,0.9939970898958695
1498.757144,0.9939568338289196
1498.876346,0.9938280253702239
1498.995548,0.9940782033677897
1499.11475,0.9944086898864056
1499.233952,0.9946068952888123
1499.353154,0.994681593071515
1499.472356,0.9948850262576325
1499.591558,0.9950345687149131
1499.71076,0.9950063101344354
1499.829962,0.9947955901139869
1499.949164,0.9945806380133742
1500.068366,0.9951514921458542
1500.187568,0.9952340931475965
1500.30677,0.9948951741366544
1500.425972,0.9949346722591002
1500.545174,0.9946098791139738
1500.664376,0.9947416736541519
1500.783578,0.9946952203026864
1500.90278,0.9947595791654268
1501.021982,0.9949004470950507
1501.141184,0.994849608981129
1501.260386,0.9952034404095821
1501.379588,0.995047703257908
1501.49879,0.9950775551367816
1501.617992,0.9947982760657061
1501.737194,0.9948284189101327
1501.856396,0.9949964596207252
1501.975598,0.9950081011474056
1502.0948,0.9950990490441061
1502.214002,0.9955396769189017
1502.333204,0.9950578527962438
1502.452406,0.995446797399942
1502.571608,0.9953672643782163
1502.69081,0.995540075134852
1502.810012,0.9953477553710234
1502.929214,0.9957568278018807
1503.048416,0.9957403979497685
1503.167618,0.9958341015298999
1503.28682,0.9955672537498896
1503.406022,0.995804226954975
1503.525224,0.9959085927066297
1503.644426,0.9959791055311178
1503.763628,0.9961681603060782
1503.88283,0.9958146829542518
1504.002032,0.9961163609085383
1504.121234,0.9961630798614158
1504.240436,0.9962541333279952
1504.359638,0.9960915579199502
1504.47884,0.9964181302549178
1504.598042,0.9962382930132061
1504.717244,0.9963747870089741
1504.836446,0.9962033256628019
1504.955648,0.9963368258527537
1505.07485,0.9959349846340279
1505.194052,0.9957929744307872
1505.313254,0.9954751680379476
1505.432456,0.9954099665498132
1505.551658,0.9950949691463687
1505.67086,0.9947815635950534
1505.790062,0.9955298211248864
1505.909264,0.995960281703909
1506.028466,0.995879910952179
1506.147668,0.9960521134752617
1506.26687,0.9964338737857493
1506.386072,0.9964543008895391
1506.505274,0.9963141096320901
1506.624476,0.996253635201053
1506.743678,0.9956522788238789
1506.86288,0.9955469443850693
1506.982082,0.9945755656650548
1507.101284,0.9956682093877842
1507.220486,0.9960952434655327
1507.339688,0.9963307482166528
1507.45889,0.9965238558271803
1507.578092,0.9965616247970336
1507.697294,0.9967313536937419
1507.816496,0.9964312830610454
1507.935698,0.9966808206951319
1508.0549,0.9968163785044686
1508.174102,0.9966091619202877
1508.293304,0.9966145436242927
1508.412506,0.9965665079609588
1508.531708,0.9964977472441815
1508.65091,0.9964933626637397
1508.770112,0.9965208662600972
1508.889314,0.9970351040112231
1509.008516,0.9970936316895991
1509.127718,0.9972740222434054
1509.24692,0.9971944429516864
1509.366122,0.9970312155818999
1509.485324,0.9968064103905242
1509.604526,0.9967299582708234
1509.723728,0.9968875537348192
1509.84293,0.9967535810507633
1509.962132,0.997044177071952
1510.081334,0.9975471132551491
1510.200536,0.9975509039413818
1510.319738,0.9973685683021265
1510.43894,0.9971570488612193
1510.558142,0.9970409865356902
1510.677344,0.9976545548648735
1510.796546,0.9975728503026776
1510.915748,0.9973790407270738
1511.03495,0.9976490677799112
1511.154152,0.9976756055980657
1511.273354,0.9978154895236045
1511.392556,0.9974918506758624
1511.511758,0.9978442270235208
1511.63096,0.997912781276729
1511.750162,0.9977682939671337
1511.869364,0.9976968563147842
1511.988566,0.9978413332794585
1512.107768,0.9970042961024939
1512.22697,0.9970402886072439
1512.346172,0.9970155623146938
1512.465374,0.9973834292045076
1512.584576,0.9976211339970882
1512.703778,0.9977563208194452
1512.82298,0.9978515113129658
1512.942182,0.9977507333996934
1513.061384,0.9979818392305709
1513.180586,0.9980528980671888
1513.299788,0.9980998076557647
1513.41899,0.998089427471742
1513.538192,0.9981253593379007
1513.657394,0.9979412221962766
1513.776596,0.9981688785522799
1513.895798,0.9979645742940945
1514.015,0.9978754600366208
1514.134202,0.9982192873534582
1514.253404,0.9981357398956167
1514.372606,0.9980691664620143
1514.491808,0.9980210606875494
1514.61101,0.9979782465024166
1514.730212,0.9980843372286421
1514.849414,0.9977612098373954
1514.968616,0.9978409341430049
1515.087818,0.9976831879614811
1515.20702,0.9979537963348931
1515.326222,0.9979915197013617
1515.445424,0.9978858379953705
1515.564626,0.9979725580426237
1515.683828,0.9981657842335525
1515.80303,0.9979094881699844
1515.922232,0.9977677950831115
1516.041434,0.998035232687232
1516.160636,0.9980554930080971
1516.279838,0.9978175849383327
1516.39904,0.9977291822166056
1516.518242,0.9978852392640473
1516.637444,0.997537736356356
1516.756646,0.997983236406124
1516.875848,0.9978365436525538
1516.99505,0.9977904446691317
1517.114252,0.9975592834041686
1517.233454,0.9974146477944101
1517.352656,0.9972600605048264
1517.471858,0.9973018465767737
1517.59106,0.9972402152270835
1517.710262,0.9975269630069795
1517.829464,0.9979146773128147
1517.948666,0.9978892308129874
1518.067868,0.9978456240064165
1518.18707,0.9980658728391995
1518.306272,0.9975362400508737
1518.425474,0.9984724678666633
1518.544676,0.9977831608254717
1518.663878,0.9978765577002305
1518.78308,0.9978664791978943
1518.902282,0.9981074930538724
1519.021484,0.9979288478018428
1519.140686,0.9977947351772684
1519.259888,0.9979533971534544
1519.37909,0.9976464738957072
1519.498292,0.99790220345731
1519.617494,0.997780865926841
1519.736696,0.9976871787022145
1519.855898,0.9974929479175016
1519.9751,0.9976549539267753
1520.094302,0.9969526526175335
1520.213504,0.9967551758577688
1520.332706,0.9971676187819577
1520.451908,0.9971697128361559
1520.57111,0.997436990132754
1520.690312,0.9976064690742059
1520.809514,0.9974158446927056
1520.928716,0.9970571387305045
1521.047918,0.9966931796139337
1521.16712,0.9961299081831679
1521.286322,0.9969983140946632
1521.405524,0.996708728148814
1521.524726,0.9972850920464896
1521.643928,0.9974121542609076
1521.76313,0.997449258683184
1521.882332,0.9973645788358322
1522.001534,0.9972226639537473
1522.120736,0.9969033046826005
1522.239938,0.9971007110795159
1522.35914,0.9970864526412956
1522.478342,0.9970985174603646
1522.597544,0.9965812572544211
1522.716746,0.9972988546757218
1522.835948,0.9968862577818418
1522.95515,0.9968294368845592
1523.074352,0.997367969881165
1523.193554,0.9973433351965486
1523.312756,0.9974510540934656
1523.431958,0.9973544057690108
1523.55116,0.9974476627656469
1523.670362,0.9969022080895684
1523.789564,0.9968730989700874
1523.908766,0.997006489514358
1524.027968,0.9972836958483381
1524.14717,0.9971210521415
1524.266372,0.9970362007504407
1524.385574,0.9973750512188899
1524.504776,0.9970157617178261
1524.623978,0.996841000173094
1524.74318,0.9971031041240942
1524.862382,0.9969433810009772
1524.981584,0.9968014263709323
1525.100786,0.9968331251602989
1525.219988,0.9966971663946257
1525.33919,0.9964600803412447
1525.458392,0.9963729935359716
1525.577594,0.9960110769735443
1525.696796,0.9963162018939172
1525.815998,0.9968441900693983
1525.9352,0.9966923822597089
1526.054402,0.9967979375720454
1526.173604,0.996714110390478
1526.292806,0.9967830853934245
1526.412008,0.9967877702849354
1526.53121,0.9967426168216751
1526.650412,0.9965895289131836
1526.769614,0.9967355399742185
1526.888816,0.996529536029347
1527.008018,0.9964061733090965
1527.12722,0.9961677618388938
1527.246422,0.9959453424117284
1527.365624,0.9962188665559009
1527.484826,0.9962367986568873
1527.604028,0.9964661587662739
1527.72323,0.9964064722309933
1527.842432,0.9963465900014913
1527.961634,0.9961260232841016
1528.080836,0.9961942602537861
1528.200038,0.9963321430806767
1528.31924,0.9956487940470014
1528.438442,0.9960450415303614
1528.557644,0.9959653611142981
1528.676846,0.9957128163227527
1528.796048,0.9958332052796118
1528.91525,0.9958105005413664
1529.034452,0.9956879238135022
1529.153654,0.9959832886521456
1529.272856,0.9958227490858516
1529.392058,0.995757723983429
1529.51126,0.9961506279007425
1529.630462,0.9959302041575748
1529.749664,0.9957237692239731
1529.868866,0.9958400765524341
1529.988068,0.995892658296622
1530.10727,0.9961236325845145
1530.226472,0.9957022618228386
1530.345674,0.9962513438203272
1530.464876,0.9958821018903931
1530.584078,0.995844757011793
1530.70328,0.9958307156997106
1530.822482,0.9959060033476548
1530.941684,0.9957782368038243
1531.060886,0.9962553288336725
1531.180088,0.9960571933539941
1531.29929,0.9958670641841895
1531.418492,0.9960043041212485
1531.537694,0.9955209609489062
1531.656896,0.9956147434405136
1531.776098,0.9956248987626888
1531.8953,0.9957447792171583
1532.014502,0.9958907661023688
1532.133704,0.9960840872612807
1532.252906,0.9961254256086669
1532.372108,0.9959211412339533
1532.49131,0.9963071354577324
1532.610512,0.9961682599228993
1532.729714,0.9961789189803063
1532.848916,0.9960187462883637
1532.968118,0.9961195484859934
1533.08732,0.9955343010191612
1533.206522,0.9961411645147286
1533.325724,0.9956127522130179
1533.444926,0.9958864837812815
1533.564128,0.9958923595288692
1533.68333,0.995789190424674
1533.802532,0.9954534669158275
1533.921734,0.9966081653116241
1534.040936,0.9958235457443695
1534.160138,0.9958587985218593
1534.27934,0.9959299053785583
1534.398542,0.9960990286346497
1534.517744,0.9961827044673908
1534.636946,0.9956652223876366
1534.756148,0.996368609504445
1534.87535,0.9960271128809722
1534.994552,0.9959400639154017
1535.113754,0.9958217532636003
1535.232956,0.9959408606677715
1535.352158,0.995970141759505
1535.47136,0.9959183526586619
1535.590562,0.9956730881739632
1535.709764,0.9958766245538954
1535.828966,0.9959064017101358
1535.948168,0.9958815043613112
1536.06737,0.9958671637709009
1536.186572,0.9960987298049859
1536.305774,0.9960450415303614
1536.424976,0.9958848903641823
1536.544178,0.996061177590736
1536.66338,0.9959301045645593
1536.782582,0.9957459741116104
1536.901784,0.9957225743561668
1537.020986,0.9957645947354284
1537.140188,0.9959490274163126
1537.25939,0.9957292457197642
1537.378592,0.9959698429685073
1537.497794,0.9959177551078295
1537.616996,0.9957584210140797
1537.736198,0.9958108988656463
1537.8554,0.9961021165464248
1537.974602,0.9954435124309308
1538.093804,0.9957599146528314
1538.213006,0.9955378849490959
1538.332208,0.99563654764215
1538.45141,0.9954930867522402
1538.570612,0.995342977713264
1538.689814,0.9953403898248862
1538.809016,0.9950510864258505
1538.928218,0.9943801507665442
1539.04742,0.9956694041903523
1539.166622,0.9945924735933881
1539.285824,0.9952737042527595
1539.405026,0.9956708976955787
1539.524228,0.9958023349287412
1539.64343,0.9956945949449401
1539.762632,0.9953270523530238
1539.881834,0.9953926465670795
1540.001036,0.9955564021259652
1540.120238,0.9954208165775811
1540.23944,0.9943905918129426
1540.358642,0.9948062344837484
1540.477844,0.9957019631122048
1540.597046,0.9957409953941866
1540.716248,0.9957281504181963
1540.83545,0.9961899766276767
1540.954652,0.9964394538310667
1541.073854,0.9964630697259698
1541.193056,0.9964953556524581
1541.312258,0.9962137858526373
1541.43146,0.9957089330503414
1541.550662,0.9959851810221918
1541.669864,0.9961134721752803
1541.789066,0.9961278163125572
1541.908268,0.9958404748885444
1542.02747,0.9950023301171549
1542.146672,0.9961097865622517
1542.265874,0.9956112587950097
1542.385076,0.9958204586961626
1542.504278,0.9962271352068082
1542.62348,0.9961042083630659
1542.742682,0.9963266632689592
1542.861884,0.9966631796007297
1542.981086,0.9965835493939488
1543.100288,0.9963128144245895
1543.21949,0.996469646403933
1543.338692,0.996140267988084
1543.457894,0.9963341357469555
1543.577096,0.9964564930914125
1543.696298,0.996603879905727
1543.8155,0.9962859143417528
1543.934702,0.9967226821686859
1544.053904,0.9966797243468322
1544.173106,0.9961588959852665
1544.292308,0.9966268020585685
1544.41151,0.9962488531950809
1544.530712,0.9964050772629087
1544.649914,0.9966624819367482
1544.769116,0.9966123510747086
1544.888318,0.9966243104946778
1545.00752,0.9958960443374164
1545.126722,0.9963290544558205
1545.245924,0.9958501345880003
1545.365126,0.9959813962856949
1545.484328,0.9965851439289034
1545.60353,0.9963840533375816
1545.722732,0.9965614254847285
1545.841934,0.9966857044431184
1545.961136,0.9973703635671651
1546.080338,0.9971463793378785
1546.19954,0.9969983140946632
1546.318742,0.9970105772493448
1546.437944,0.9969084885932629
1546.557146,0.9968738964688856
1546.676348,0.9974118550373061
1546.79555,0.9972002266962283
1546.914752,0.9973108223337838
1547.033954,0.9972550742169897
1547.153156,0.9970172572425904
1547.272358,0.9970822648869888
1547.39156,0.9971746986971847
1547.510762,0.9971462796232455
1547.629964,0.9971359093558629
1547.749166,0.9972826985651408
1547.868368,0.997132917952622
1547.98757,0.9972703323363494
1548.106772,0.9971296274194221
1548.225974,0.9971435873319252
1548.345176,0.9972904774005271
1548.464378,0.99739110908648
1548.58358,0.997286388517952
1548.702782,0.997059132846776
1548.821984,0.997445069405095
1548.941186,0.9972872860761056
1549.060388,0.9973815341777924
1549.17959,0.9974418775859799
1549.298792,0.9973424375879508
1549.417994,0.997276615159234
1549.537196,0.9971026055726667
1549.656398,0.9971889583973327
1549.7756,0.9973297714194238
1549.894802,0.997205811033134
1550.014004,0.9969745858171554
1550.133206,0.9971232458102278
1550.252408,0.9970378957134227
1550.37161,0.9972586643417191
1550.490812,0.9970791739367586
1550.610014,0.9975475122740742
1550.729216,0.9974360924398669
1550.848418,0.9976558518166379
1550.96762,0.998059984267921
1551.086822,0.9973910093473741
1551.206024,0.9975019253944315
1551.325226,0.997694860923067
1551.444428,0.9976118561636841
1551.56363,0.9977672961993387
1551.682832,0.9977510327249584
1551.802034,0.9976786983972369
1551.921236,0.9974289109258547
1552.040438,0.997680993060882
1552.15964,0.9976854826354523
1552.278842,0.997668422359565
1552.398044,0.9980017990669533
1552.517246,0.9979131804419213
1552.636448,0.9974731977526601
1552.75565,0.9976023788960676
1552.874852,0.9978320533982105
1552.994054,0.9974256194158797
1553.113256,0.9975158905191426
1553.232458,0.9977143161625429
1553.35166,0.9978495156119388
1553.470862,0.9977158127351397
1553.590064,0.9976484691906502
1553.709266,0.9976297135757327
1553.828468,0.9971257386214584
1553.94767,0.9972092015386553
1554.066872,0.9972236611769097
1554.186074,0.9966530136881441
1554.305276,0.997025233412553
1554.424478,0.9968626318575007
1554.54368,0.9973547049753775
1554.662882,0.9971953404270889
1554.782084,0.9974461665952749
1554.901286,0.9974874617213751
1555.020488,0.9976226304299115
1555.13969,0.9977021441221353
1555.258892,0.9978286607749963
1555.378094,0.9978684749328484
1555.497296,0.9976694200284862
1555.616498,0.997306334445181
1555.7357,0.9979768493338496
1555.854902,0.9976641323945723
1555.974104,0.9978638847484211
1556.093306,0.9975901084622705
1556.212508,0.9971694136852869
1556.33171,0.9976466734250219
1556.450912,0.9972942671115417
1556.570114,0.9972387193678826
1556.689316,0.9974129521909502
1556.808518,0.9973598912333276
1556.92772,0.9974017812284431
1557.046922,0.9975326489268735
1557.166124,0.9972037169031296
1557.285326,0.9968078059204756
1557.404528,0.99629986244219
1557.52373,0.9964881809117264
1557.642932,0.9970650155130137
1557.762134,0.9967937510294993
1557.881336,0.9967366363839155
1558.000538,0.9966470337880017
1558.11974,0.9968661208828179
1558.238942,0.9966231145462228
1558.358144,0.99617334039398
1558.477346,0.9959756196103489
1558.596548,0.9960423522123799
1558.71575,0.9965066161135984
1558.834952,0.9966429475435399
1558.954154,0.9965054203063766
1559.073356,0.9967903619365073
1559.192558,0.9969307199004367
1559.31176,0.9967983362913001
1559.430962,0.9964322794928268
1559.550164,0.9965009360420748
1559.669366,0.9970623234411061
1559.788568,0.9960877727792219
1559.90777,0.9963144085263679
1560.026972,0.9959503221508899
1560.146174,0.9958200603680588
1560.265376,0.9970942299459576
1560.384578,0.9961815090488627
1560.50378,0.9965963057450214
1560.622982,0.9969594319186209
1560.742184,0.9968953294880638
1560.861386,0.9969486648148986
1560.980588,0.9969167629680569
1561.09979,0.9973978913690815
1561.218992,0.9971038020965114
1561.338194,0.9967077314405841
1561.457396,0.996774214063442
1561.576598,0.9969404898693645
1561.6958,0.9968155810516847
1561.815002,0.9971625332400701
1561.934204,0.9967747124506736
1562.053406,0.9970332096463251
1562.172608,0.9970338078664304
1562.29181,0.9971177616474574
1562.411012,0.9969475681719705
1562.530214,0.9969844559144119
1562.649416,0.9969464715302486
1562.768618,0.9968985195582223
1562.88782,0.9968776845968896
1563.007022,0.9968530620221701
1563.126224,0.9972768146145771
1563.245426,0.9971216504143109
1563.364628,0.9969490635944444
1563.48383,0.9971429890459522
1563.603032,0.9970504584700539
1563.722234,0.9967252736510285
1563.841436,0.9970675081786684
1563.960638,0.9969038031343773
1564.07984,0.996975682489803
1564.199042,0.9972138884329168
1564.318244,0.9967296592518808
1564.437446,0.9963747870089741
1564.556648,0.9967085288070882
1564.67585,0.9965110007523554
1564.795052,0.9963860461076811
1564.914254,0.9964339734291418
1565.033456,0.9962252423770495
1565.152658,0.9963664174959153
1565.27186,0.9967462051015545
1565.391062,0.996556940968404
1565.510264,0.9965466764847742
1565.629466,0.996437660241664
1565.748668,0.9964513115311204
1565.86787,0.9969266324928643
1565.987072,0.9965853432459522
1566.106274,0.9962981687338636
1566.225476,0.9966157395624626
1566.344678,0.9962455655792899
1566.46388,0.9962669850892087
1566.583082,0.9967973394934623
1566.702284,0.9961583979059431
1566.821486,0.9966664685946492
1566.940688,0.9961923674864896
1567.05989,0.9966253071194866
1567.179092,0.9961509267459756
1567.298294,0.9967342442188588
1567.417496,0.9963226779702767
1567.536698,0.9960640661723394
1567.6559,0.9965529547486126
1567.775102,0.996093251277038
1567.894304,0.9961438540995037
1568.013506,0.9961178550842003
1568.132708,0.9963290544558205
1568.25191,0.9961244294837394
1568.371112,0.9964148420805135
1568.490314,0.996153217895742
1568.609516,0.9961289120537578
1568.728718,0.9957271546905437
1568.84792,0.9955220560225655
1568.967122,0.9958180687299297
1569.086324,0.9958493379082113
1569.205526,0.9958685579859061
1569.324728,0.9959412590441954
1569.44393,0.9955712360268691
1569.563132,0.9955008516285998
1569.682334,0.9948289163244666
1569.801536,0.9959683490148634
1569.920738,0.9951955783334582
1570.03994,0.9955405729050141
1570.159142,0.9959240294094507
1570.278344,0.9957740545440125
1570.397546,0.9960516154493295
1570.516748,0.9959067004821012
1570.63595,0.996000519312084
1570.755152,0.9960259176491539
1570.874354,0.9959764163911632
1570.993556,0.9960095829580493
1571.112758,0.996028905731389
1571.23196,0.995935283414568
1571.351162,0.995950421745927
1571.470364,0.9957832157074555
1571.589566,0.9960410573581637
1571.708768,0.995840375304502
1571.82797,0.9961784208909713
1571.947172,0.9958635786555645
1572.066374,0.9957086343377063
1572.185576,0.9957969576106512
1572.304778,0.9957264576817794
1572.42398,0.9957869996908648
1572.543182,0.9955066255502837
1572.662384,0.9956364480785003
1572.781586,0.9957082360543322
1572.900788,0.9958891726784178
1573.01999,0.9958788154848794
1573.139192,0.9956362489512306
1573.258394,0.9955774085876674
1573.377596,0.9955022453307677
1573.496798,0.9957564294992292
1573.616,0.9956750795221309
1573.735202,0.9953361098704119
1573.854404,0.9958600931391389
1573.973606,0.9954801454262312
1574.092808,0.9957736562344703
1574.21201,0.9957499571034727
1574.331212,0.9956406297603637
1574.450414,0.9956207171468954
1574.569616,0.9956044886614683
1574.688818,0.9955183725977726
1574.80802,0.9955616785888791
1574.927222,0.9955732271713323
1575.046424,0.995338598213797
1575.165626,0.9953599982237078
1575.284828,0.9954725798058753
1575.40403,0.9954617292138913
1575.523232,0.9953218766658084
1575.642434,0.995147611062603
1575.761636,0.9948917914988129
1575.880838,0.9950540715835875
1576.00004,0.9942561592927727
1576.119242,0.9940072287178944
1576.238444,0.9945694987726083
1576.357646,0.9946067958281277
1576.476848,0.9948169784490981
1576.59605,0.995245140307342
1576.715252,0.9950488973158683
1576.834454,0.9953642782809023
1576.953656,0.9953880677714365
1577.072858,0.9954207170355044
1577.19206,0.9954712856923628
1577.311262,0.9957475673064434
1577.430464,0.9957267563997615
1577.549666,0.9954894034346333
1577.668868,0.9954932858508775
1577.78807,0.9956207171468954
1577.907272,0.9955811917890082
1578.026474,0.9956064798724369
1578.145676,0.9958148821172084
1578.264878,0.9951487057255772
1578.38408,0.9956437162511
1578.503282,0.99546600970853
1578.622484,0.995739800505709
1578.741686,0.9957476668812052
1578.860888,0.9959103853437099
1578.98009,0.9956500883912749
1579.099292,0.9956686076551476
1579.218494,0.9956271887025894
1579.337696,0.9956449110242764
1579.456898,0.9956051855848543
1579.5761,0.9957009674107395
1579.695302,0.9956640275900865
1579.814504,0.995724565803307
1579.933706,0.9957012661210746
1580.052908,0.9959279135207394
1580.17211,0.9959019201414117
1580.291312,0.995800841226359
1580.410514,0.9958982353111241
1580.529716,0.9959304033436355
1580.648918,0.9960518146596725
1580.76812,0.996232913340949
1580.887322,0.9964620732633982
1581.006524,0.9959374744746018
1581.125726,0.9962794385043561
1581.244928,0.9961301074091695
1581.36413,0.99620452110751
1581.483332,0.9962892020906949
1581.602534,0.9963736909973112
1581.721736,0.9963246706176254
1581.840938,0.9967649441063566
1581.96014,0.996129011666654
1582.079342,0.9963746873715004
1582.198544,0.9962529378237525
1582.317746,0.9964418452886257
1582.436948,0.9964414467119672
1582.55615,0.9965001388416448
1582.675352,0.9965431885775103
1582.794554,0.9963754844715691
1582.913756,0.9966277986858689
1583.032958,0.9964519094020867
1583.15216,0.9965059185592112
1583.271362,0.9967058376976934
1583.390564,0.9966694585985401
1583.509766,0.9967046416514058
1583.628968,0.9968312311791604
1583.74817,0.9966790266712693
1583.867372,0.9966775316538505
1583.986574,0.996688495166998
1584.105776,0.9968845630766441
1584.224978,0.9967639473419109
1584.34418,0.9971690148176012
1584.463382,0.9969535498753246
1584.582584,0.9970774789036037
1584.701786,0.9969821628528003
1584.820988,0.9972954638653803
1584.94019,0.9970363004540658
1585.059392,0.9972536780608631
1585.178594,0.9972950649472745
1585.297796,0.9972507860293901
1585.416998,0.997338547960029
1585.5362,0.9973480227212397
1585.655402,0.9974489594484514
1585.774604,0.997315310242582
1585.893806,0.9976208347107929
1586.013008,0.9974958406512451
1586.13221,0.9976119559248746
1586.251412,0.997671315602185
1586.370614,0.997718706115192
1586.489816,0.9978491164722124
1586.609018,0.9980254519898772
1586.72822,0.9975958945016791
1586.847422,0.9979572891792928
1586.966624,0.9979742545974145
1587.085826,0.9981021032879622
1587.205028,0.9978255675109425
1587.32423,0.998257020755677
1587.443432,0.99789711416905
1587.562634,0.9980309411449583
1587.681836,0.9983830087413711
1587.801038,0.9982135975197364
1587.92024,0.9981108866251177
1588.039442,0.9981390337489932
1588.158644,0.9981699765386501
1588.277846,0.9985502519015589
1588.397048,0.9987907317548291
1588.51625,0.998693154667055
1588.635452,0.9984795570463517
1588.754654,0.9984136595702272
1588.873856,0.9983105287659914
1588.993058,0.9984495032639963
1589.11226,0.998404474206812
1589.231462,0.9984756629836726
1589.350664,0.9985643315593721
1589.469866,0.9986089683826184
1589.589068,0.9987111313056283
1589.70827,0.9985926911890932
1589.827472,0.9989248783578466
1589.946674,0.9987826415826672
1590.065876,0.998777148293245
1590.185078,0.9987648634098731
1590.30428,0.9991497017086468
1590.423482,0.9991164006040549
1590.542684,0.9988883183763504
1590.661886,0.9988789288702884
1590.781088,0.9990987363822443
1590.90029,0.9990326082254187
1591.019492,0.9991890489986431
1591.138694,0.9992094326631554
1591.257896,0.9992855153657901
1591.377098,0.9992549876596087
1591.4963,0.9990250855382018
1591.615502,0.9991856417697954
1591.734704,0.999053028660627
1591.853906,0.9994145014711976
1591.973108,0.9993492718154796
1592.09231,0.9994281435722498
1592.211512,0.999499635224228
1592.330714,0.9993708979677158
1592.449916,0.9996227011951025
1592.569118,0.9994210576518315
1592.68832,0.9993626431981908
1592.807522,0.9994757274788912
1592.926724,0.9995044828092142
1593.045926,0.9996091963836345
1593.165128,0.9996546996299001
1593.28433,0.999585425959576
1593.403532,0.9996178030558671
1593.522734,0.9991746707716797
1593.641936,1.0000739917372536
1593.761138,0.9996759025309351
1593.88034,0.9999489243044077
1593.999542,0.9993690591269553
1594.118744,0.999913321756776
1594.237946,0.9997878725022199
1594.357148,0.9996087165713355
1594.47635,0.9995973210969209
1594.595552,0.9998334038786753
1594.714754,0.9998064987237874
1594.833956,1.0000733976934788
1594.953158,0.9998609596670032
1595.07236,0.9997696465354344
1595.191562,0.9999222310241636
1595.310764,0.9999714594072905
1595.429966,0.9998433422721036
1595.549168,1.0000307154717105
1595.66837,0.9999466714220192
1595.787572,1.0000200712014238
1595.906774,1.0000195261906335
1596.025976,1.0000226462564226
1596.145178,0.9998461118419975
1596.26438,0.99992711665612
1596.383582,0.9998412925953528
1596.502784,0.9997871926466978
1596.621986,1.0000805292423054
1596.741188,1.0000349696114226
1596.86039,1.0002452300639773
1596.979592,0.9999373419630968
1597.098794,1.0000302924588074
1597.217996,0.99978548301206
1597.337198,1.000174355198101
1597.4564,0.9999133687527032
1597.575602,1.000203240650583
1597.694804,0.9997988002433864
1597.814006,1.0001457006133034
1597.933208,1.0000991779178046
1598.05241,0.9999970296044116
1598.171612,1.00005772666612
1598.290814,1.0000347306030934
1598.410016,1.0000452930256982
1598.529218,0.9998571402054325
1598.64842,1.0000269703636937
1598.767622,0.9998096981097023
1598.886824,1.0002325770418474
1599.006026,0.9997836634041368
1599.125228,1.0001031653211758
1599.24443,0.9998082683828563
1599.363632,1.000102665269718
1599.482834,0.9996616172643564
1599.602036,0.9996677152188205
1599.721238,0.9998516610033171
1599.84044,0.9999092991135742
1599.959642,0.999670094430814
1600.078844,0.9998677487459682
1600.198046,0.999832973950404
1600.317248,0.99983197411793
1600.43645,0.9997564096729425
1600.555652,0.9999363130281013
1600.674854,0.9998068586541917
1600.794056,0.999921307096449
1600.913258,0.9997854630163506
1601.03246,0.9999952351113521
1601.151662,0.9999247048348232
1601.270864,0.9997756851623362
1601.390066,0.9999650556105694
1601.509268,0.9997149206428444
1601.62847,0.9998249153291103
1601.747672,0.999644553186192
1601.866874,0.9999210321181273
1601.986076,0.9997712261727238
1602.105278,1.0000085194362902
1602.22448,0.9997193893785273
1602.343682,0.9996440433675999
1602.462884,0.9996202921072956
1602.582086,0.9998212559766168
1602.701288,0.9997144807683761
1602.82049,0.9999351761011598
1602.939692,0.9995737108870343
1603.058894,0.999568822983539
1603.178096,0.9995874751117997
1603.297298,0.9994508308486085
1603.4165,0.9995845463247882
1603.535702,0.9997476618426296
1603.654904,0.9997497813099194
1603.774106,0.9996707642100016
1603.893308,0.9997193393925591
1604.01251,0.9995823772286762
1604.131712,0.9998492213682406
1604.250914,0.999556578340456
1604.370116,0.99985007124044
1604.489318,0.9998795872501972
1604.60852,0.9997432629625951
1604.727722,0.9996145543032864
1604.846924,1.0002315668074548
1604.966126,0.9997604686922056
1605.085328,0.9996489216424346
1605.20453,0.9995136483073453
1605.323732,0.9997994501128178
1605.442934,0.9995422148156274
1605.562136,0.9995963115041364
1605.681338,0.9997824036775146
1605.80054,0.9996062875251055
1605.919742,0.9996910977201368
1606.038944,0.9996550395125556
1606.158146,0.9996948065809892
1606.277348,0.9994912894371176
1606.39655,0.9998979652059037
1606.515752,0.9995261223155139
1606.634954,0.9997584191853455
1606.754156,0.9994245456374092
1606.873358,0.9998762376591904
1606.99256,0.9996143943649706
1607.111762,0.9995749303677054
1607.230964,0.999229297144129
1607.350166,0.9995785088523617
1607.469368,0.9995987305301373
1607.58857,0.9999269456685976
1607.707772,0.9997913217763301
1607.826974,0.9996174831782213
1607.946176,0.999704013812557
1608.065378,0.9997778446801484
1608.18458,0.9996831502075013
1608.303782,0.9999051165017239
1608.422984,0.9997025742398137
1608.542186,0.9999728953673372
1608.661388,0.9994998051391805
1608.78059,0.9994195485271739
1608.899792,0.9997273171847187
1609.018994,0.999638495358555
1609.138196,0.9994384977014515
1609.257398,0.9993600848330989
1609.3766,0.9995631554443801
1609.495802,0.9995285111858009
1609.615004,0.9995678134195376
1609.734206,0.9995540294744311
1609.853408,1.000009042040879
1609.97261,0.999713351091651
1610.091812,0.9997974405179426
1610.211014,0.9996086465987277
1610.330216,0.999837963129392
1610.449418,0.9995906737968379
1610.56862,0.9997181297328903
1610.687822,0.9997753352409076
1610.807024,0.9997943211547945
1610.926226,0.999627389436565
1611.045428,0.9997450025173861
1611.16463,0.9995675135492386
1611.283832,0.999877817464894
1611.403034,0.9997263974360101
1611.522236,0.9996254801500746
1611.641438,0.9998923357962064
1611.76064,0.999826185107559
1611.879842,0.999878907332309
1611.999044,0.9995503111403575
1612.118246,0.9997733856809047
1612.237448,0.9996504111204375
1612.35665,0.9998967153342284
1612.475852,0.9996809709006093
1612.595054,0.9998490513938875
1612.714256,0.999595271924513
1612.833458,0.999759808850514
1612.95266,0.999693047119678
1613.071862,0.9996110056779175
1613.191064,0.9997293866224072
1613.310266,0.9997271072420042
1613.429468,0.9996589581679911
1613.54867,0.9996677652022075
1613.667872,0.9998826868817221
1613.787074,0.9994763671435615
1613.906276,0.999551570574543
1614.025478,0.9999541370517372
1614.14468,0.9997950310090145
1614.263882,0.9995076412483702
1614.383084,0.9998433922642719
1614.502286,0.9998348936315569
1614.621488,0.9998055589061203
1614.74069,0.9995165668914595
1614.859892,0.9996656659021048
1614.979094,0.9995351280864468
1615.098296,0.9996528902565311
1615.217498,0.9995431243994568
1615.3367,0.9995882248026872
1615.455902,0.9995341585378429
1615.575104,0.9996104159075981
1615.694306,0.9994408164014559
1615.813508,0.9996055778048933
1615.93271,0.9992144886756764
1616.051912,0.999078524819248
1616.171114,0.9995154074529145
1616.290316,0.9995210547309201
1616.409518,0.9990355653663157
1616.52872,0.9985035208432852
1616.647922,0.9982424463095677
1616.767124,0.997732374955097
1616.886326,0.9986988472342604
1617.005528,0.9988680411493019
1617.12473,0.9993873477480777
1617.243932,0.9990852286586409
1617.363134,0.9992085733434128
1617.482336,0.9993668705111123
1617.601538,0.9995868653636258
1617.72074,0.9992882434189708
1617.839942,0.9995596769706517
1617.959144,0.9994611552290166
1618.078346,0.9997114316438597
1618.197548,0.9995934226749705
1618.31675,0.9995807579065368
1618.435952,0.9995427945502802
1618.555154,0.9993911354333033
1618.674356,0.9995886346339433
1618.793558,0.9993480725970729
1618.91276,0.9995934026831023
1619.031962,0.9996058377023773
1619.151164,0.9997165001936669
1619.270366,0.9993775038311837
1619.389568,0.9994647433010044
1619.50877,0.9998296245155516
1619.627972,0.999613244809078
1619.747174,0.9993215102783181
1619.866376,0.9995824871827438
1619.985578,0.9993736762226739
1620.10478,0.9996471822548242
1620.223982,0.9992678481540571
1620.343184,0.9991795167805845
1620.462386,0.9996412943502606
1620.581588,0.9996963161212868
1620.70079,0.9995100100842871
1620.819992,0.9993984010332683
1620.939194,0.9992491820049959
1621.058396,0.9994974863023224
1621.177598,0.9995859657358518
1621.2968,0.9993061608178043
1621.416002,0.9993573266030712
1621.535204,0.9992259097625533
1621.654406,0.9994124126970724
1621.773608,0.9994169100630486
1621.89281,0.9993205609233342
1622.012012,0.9992029977751294
1622.131214,0.9995189157581517
1622.250416,0.9993761646662258
1622.369618,0.9995890044818065
1622.48882,0.9989013040088958
1622.608022,0.9990095807891913
1622.727224,0.9987792457274587
1622.846426,0.9989209825584178
1622.965628,0.9990431280941704
1623.08483,0.9988700388873819
1623.204032,0.9985001259370857
1623.323234,0.9984864465790642
1623.442436,0.9982564218016443
1623.561638,0.998827587812821
1623.68084,0.9982621118794652
1623.800042,0.998391694711331
1623.919244,0.9985031214419567
1624.038446,0.9988232928634275
1624.157648,0.9986787735891718
1624.27685,0.9986578015551336
1624.396052,0.9986547057207473
1624.515254,0.9986733807383552
1624.634456,0.9988126055113713
1624.753658,0.9986825685757219
1624.87286,0.9988761320132031
1624.992062,0.9987408933407933
1625.111264,0.9987411929631063
1625.230466,0.9986659905826814
1625.349668,0.9987837402441772
1625.46887,0.9985451593082604
1625.588072,0.9989422598019481
1625.707274,0.9986350324168273
1625.826476,0.9987777475597137
1625.945678,0.9987093336272098
1626.06488,0.998714626800705
1626.184082,0.9986795725325103
1626.303284,0.9984782590237712
1626.422486,0.9982647073643303
1626.541688,0.9982235797056225
1626.66089,0.9985577410565325
1626.780092,0.9983026421439664
1626.899294,0.9983809121392542
1627.018496,0.9984476062117423
1627.137698,0.9982453412168596
1627.2569,0.998083139528156
1627.376102,0.9982419471884694
1627.495304,0.9978325523143619
1627.614506,0.997660141746024
1627.733708,0.9972005258563412
1627.85291,0.9979850327775662
1627.972112,0.9972984557562597
1628.091314,0.9976089630934961
1628.210516,0.9976668260913663
1628.329718,0.9977423523287334
1628.44892,0.9978125958628807
1628.568122,0.9979904219112938
1628.687324,0.9977028425138806
1628.806526,0.9979029019890969
1628.925728,0.9979300453171785
1629.04493,0.997654255568552
1629.164132,0.9977880499749382
1629.283334,0.9975165887805104
1629.402536,0.9975100051927502
1629.521738,0.9975947971467987
1629.64094,0.9975357412828784
1629.760142,0.9975345442407071
1629.879344,0.9974315042443944
1629.998546,0.9973414402460119
1630.117748,0.9974276142691133
1630.23695,0.9974500566429102
1630.356152,0.9975809306754905
1630.475354,0.997106893123089
1630.594556,0.997315409974118
1630.713758,0.9970548455017226
1630.83296,0.9974324019331522
1630.952162,0.9970132691815375
1631.071364,0.9972933695471052
1631.190566,0.9968532613928024
1631.309768,0.9971621343751366
1631.42897,0.9969023077797942
1631.548172,0.996955045306771
1631.667374,0.9967204893811972
1631.786576,0.9968389068091916
1631.905778,0.9967728185805191
1632.02498,0.9967835837850918
1632.144182,0.9971132746276258
1632.263384,0.9968361156641602
1632.382586,0.996711120252632
1632.501788,0.9968220603740193
1632.62099,0.996999510493358
1632.740192,0.9967816898980818
1632.859394,0.9967437132391567
1632.978596,0.996481903055962
1633.097798,0.9968454859676877
1633.217,0.9962431745928018
1633.336202,0.9968026225333616
1633.455404,0.9964383577482703
1633.574606,0.996355955703456
1633.693808,0.9963724953495994
1633.81301,0.9965338211155649
1633.932212,0.9961761296832381
1634.051414,0.996346191462935
1634.170616,0.9960681500433827
1634.289818,0.9962151805529138
1634.40902,0.996014861822828
1634.528222,0.9959195477614021
1634.647424,0.9957509528539277
1634.766626,0.9953284458118725
1634.885828,0.9954075775687602
1635.00503,0.9956875255384123
1635.124232,0.9952246384686214
1635.243434,0.9950560616937207
1635.362636,0.9952669364145813
1635.481838,0.9947951921958303
1635.60104,0.9951169609881958
1635.720242,0.9940522582652669
1635.839444,0.994585312553358
1635.958646,0.9946637884303511
1636.077848,0.9948256333944595
1636.19705,0.9948669195149265
1636.316252,0.9951777644920403
1636.435454,0.9951304946708941
1636.554656,0.9951681113145427
1636.673858,0.9951733857195099
1636.79306,0.9949755649144684
1636.912262,0.9951642301664768
1637.031464,0.9947937000041612
1637.150666,0.9950252154339277
1637.269868,0.9949791468329495
1637.38907,0.9949658142017108
1637.508272,0.9949746694368629
1637.627474,0.9945039588022049
1637.746676,0.9942896662899305
1637.865878,0.9946669713595667
1637.98508,0.9942806182951358
1638.104282,0.9944743230258078
1638.223484,0.9944763119764429
1638.342686,0.9949188529235753
1638.461888,0.9945391648654902
1638.58109,0.9945450326638728
1638.700292,0.9946565274111984
1638.819494,0.9946253951491127
1638.938696,0.9943533028649219
1639.057898,0.9943497231994749
1639.1771,0.9940389380542517
1639.296302,0.9942070442516551
1639.415504,0.9940541469663519
1639.534706,0.9942147990968442
1639.653908,0.9940209461123005
1639.77311,0.9939623006065393
1639.892312,0.9940799927101662
1640.011514,0.9941497795751447
1640.130716,0.9941072308751276
1640.249918,0.9939821800513452
1640.36912,0.9936007628892769
1640.488322,0.9936498479793554
1640.607524,0.9937093693878978
1640.726726,0.9936338503455842
1640.845928,0.9936671376371298
1640.96513,0.9935087597184459
1641.084332,0.9938014905161883
1641.203534,0.9935967884941741
1641.322736,0.993545122804492
1641.441938,0.9934412034197252
1641.56114,0.993453720857748
1641.680342,0.9932157178601282
1641.799544,0.9934731927415007
1641.918746,0.9932030047803035
1642.037948,0.9931454999911065
1642.15715,0.9930797559351593
1642.276352,0.9932484945196295
1642.395554,0.9930262303788411
1642.514756,0.9928909894163821
1642.633958,0.9931404349619724
1642.75316,0.9927511009313486
1642.872362,0.9934586881387705
1642.991564,0.9931094494637778
1643.110766,0.9932969662288622
1643.229968,0.9929720126268206
1643.34917,0.9930794580112772
1643.468372,0.9928976418082966
1643.587574,0.9928878121702995
1643.706776,0.9924775364268521
1643.825978,0.9928708339338758
1643.94518,0.9925393697034581
1644.064382,0.9928343962429061
1644.183584,0.9924986764235182
1644.302786,0.9923908969197915
1644.421988,0.9925154497928843
1644.54119,0.9925384764184273
1644.660392,0.9924695966383199
1644.779594,0.9921484854354425
1644.898796,0.9922503843173147
1645.017998,0.9920436208827212
1645.1372,0.992117034826949
1645.256402,0.9920183240929241
1645.375604,0.9918337266601344
1645.494806,0.9916228852230853
1645.614008,0.9920183240929241
1645.73321,0.9912264145108871
1645.852412,0.9908965892461061
1645.971614,0.9913882950015591
1646.090816,0.9906187807930469
1646.210018,0.9910993474297208
1646.32922,0.9912246303049468
1646.448422,0.9912484199815491
1646.567624,0.9911443443615168
1646.686826,0.9912204671702421
1646.806028,0.9916164396952794
1646.92523,0.9913030392742378
1647.044432,0.9910423608556232
1647.163634,0.9913259386389317
1647.282836,0.9908904457062978
1647.402038,0.9915160931892011
1647.52124,0.9910665425842441
1647.640442,0.9909210646941311
1647.759644,0.9909783415869566
1647.878846,0.9914029676569025
1647.998048,0.991221954002058
1648.11725,0.9911410735905771
1648.236452,0.9906432493791183
1648.355654,0.9918483067230794
1648.474856,0.9911343338541918
1648.594058,0.9915795522498334
1648.71326,0.9914312230441181
1648.832462,0.9916587826212694
1648.951664,0.9916921029161433
1649.070866,0.9917211599204417
1649.190068,0.9919474965131586
1649.30927,0.9921342978135426
1649.428472,0.9920788390563815
1649.547674,0.9920760612395211
1649.666876,0.9929282235266205
1649.786078,0.9926177834109653
1649.90528,0.9927498103557562
1650.024482,0.9927009682666119
1650.143684,0.9929395429728893
1650.262886,0.9929873045135622
1650.382088,0.9929650618470599
1650.50129,0.9929812473094791
1650.620492,0.9933274609138164
1650.739694,0.9932450181559823
1650.858896,0.9933446456275375
1650.978098,0.9937287469095311
1651.0973,0.9934403093230445
1651.216502,0.9935610196536313
1651.335704,0.9937440504500704
1651.454906,0.9938792088314932
1651.574108,0.9941354639213918
1651.69331,0.9942113193511368
1651.812512,0.9944029223327302
1651.931714,0.9941487854258623
1652.050916,0.993944608235051
1652.170118,0.9939990778920373
1652.28932,0.9934631587129259
1652.408522,0.9946911420606437
1652.527724,0.9932820668861141
1652.646926,0.9941572357264521
1652.766128,0.9941796045159038
1652.88533,0.9942291158930318
1653.004532,0.9939680656046013
1653.123734,0.9942239459150711
1653.242936,0.9944819805075764
1653.362138,0.9928057037434633
1653.48134,0.9935790032708384
1653.600542,0.9940688590765963
1653.719744,0.9941258208541607
1653.838946,0.994897860357251
1653.958148,0.9948597564988929
1654.07735,0.9950342702045873
1654.196552,0.994678310627674
1654.315754,0.9949547701424678
1654.434956,0.9943014984073604
1654.554158,0.9946612023078631
1654.67336,0.9948268271859358
1654.792562,0.995097158357709
1654.911764,0.9951053181878627
1655.030966,0.995427585462148
1655.150168,0.995575118762261
1655.26937,0.995542165771205
1655.388572,0.9957921777967264
1655.507774,0.9956488936118857
1655.626976,0.9959922525420809
1655.746178,0.9960678512229825
1655.86538,0.9962769478088732
1655.984582,0.9962758519048334
1656.103784,0.996338021457662
1656.222986,0.9961308047004888
1656.342188,0.9962087051752851
1656.46139,0.9961862907315822
1656.580592,0.9965325256224395
1656.699794,0.996593315960589
1656.818996,0.996817674366603
1656.938198,0.996779197946972
1657.0574,0.9968261473528451
1657.176602,0.9968774852213727
1657.295804,0.9967737156764596
1657.415006,0.9969363027281001
1657.534208,0.9970953267502138
1657.65341,0.9972849923179854
1657.772612,0.996836713766009
1657.891814,0.9974497574079381
1658.011016,0.9972668418962946
1658.130218,0.997389214045173
1658.24942,0.9972383204724746
1658.368622,0.9976984526310314
1658.487824,0.9976089630934961
1658.607026,0.9976803944524658
1658.726228,0.9977446471387827
1658.84543,0.997992717291904
1658.964632,0.9978478192692042
1659.083834,0.99791188315563
1659.203036,0.9976524597925082
1659.322238,0.9980418197415051
1659.44144,0.9982547247671697
1659.560642,0.9976417849682988
1659.679844,0.9980584871790674
1659.799046,0.9981845499266931
1659.918248,0.9981035006318849
1660.03745,0.9983066353625214
1660.156652,0.9981695772707394
1660.275854,0.9982498333310024
1660.395056,0.9983163189838499
1660.514258,0.9983653375185071
1660.63346,0.9984910396272825
1660.752662,0.9985395674710253
1660.871864,0.9985410652814999
1660.991066,0.9983738236599421
1661.110268,0.998885821158676
1661.22947,0.9985875983793548
1661.348672,0.9985017235385653
1661.467874,0.9986346329628942
1661.587076,0.9989968035383637
1661.706278,0.9987160250021613
1661.82548,0.998869939000383
1661.944682,0.9988365773015639
1662.063884,0.9986719825966008
1662.183086,0.9985517497280602
1662.302288,0.9989123918749078
1662.42149,0.9986542063935193
1662.540692,0.9984228450181483
1662.659894,0.9983960876444522
1662.779096,0.9984318308641897
1662.898298,0.9975592834041686
1663.0175,0.9982845730296696
1663.136702,0.9989280749225719
1663.255904,0.998525088752268
1663.375106,0.9991995305467428
1663.494308,0.9988888178206344
1663.61351,0.9991168801800423
1663.732712,0.9990817118848255
1663.851914,0.9993946632902381
1663.971116,0.9990633589223508
1664.090318,0.9992588048209524
1664.20952,0.9990379530641702
1664.328722,0.9988530582410567
1664.447924,0.9989669339804901
1664.567126,0.9991432771967197
1664.686328,0.9989570442567979
1664.80553,0.999163220295564
1664.924732,0.9992010493311835
1665.043934,0.9989725282109841
1665.163136,0.9989668340838017
1665.282338,0.9990536980263804
1665.40154,0.9989398623434016
1665.520742,0.9990141862339743
1665.639944,0.999010330046658
1665.759146,0.998891414934937
1665.878348,0.99894355842773
1665.99755,0.998625245841464
1666.116752,0.9989631379133534
1666.235954,0.9988198968700049
1666.355156,0.9991491122104967
1666.474358,0.9988743340377837
1666.59356,0.9990643679768528
1666.712762,0.9988463659479858
1666.831964,0.9991317071845602
1666.951166,0.9987609682345014
1667.070368,0.9991258323073942
1667.18957,0.9989060987466624
1667.308772,0.9989854150397179
1667.427974,0.9988620479590347
1667.547176,0.9988038159991167
1667.666378,0.9987161248737687
1667.78558,0.9990740989111865
1667.904782,0.9990809725646324
1668.023984,0.9986754779546568
1668.143186,0.9986999458035966
1668.262388,0.9987448883123566
1668.38159,0.998654006662698
1668.500792,0.9983536567123911
1668.619994,0.9990191413566267
1668.739196,0.9987315052205201
1668.858398,0.9987167241036234
1668.9776,0.9982959535386708
1669.096802,0.9982466389366468
1669.216004,0.9977525293526299
1669.335206,0.9979176710613372
1669.454408,0.9974359926962626
1669.57361,0.9978431293954748
1669.692812,0.9978608911612573
1669.812014,0.9983189146096535
1669.931216,0.9985185983602849
1670.050418,0.9984643802724283
1670.16962,0.998711830403665
1670.288822,0.9986625951240856
1670.408024,0.9986379284626206
1670.527226,0.9982929586553025
1670.646428,0.9987369982589047
1670.76563,0.9985210946599011
1670.884832,0.9985156028089831
1671.004034,0.9984098656055295
1671.123236,0.9986357314615947
1671.242438,0.9984241429686905
1671.36164,0.9979231596236215
1671.480842,0.9981917368813256
1671.600044,0.9982948554137259
1671.719246,0.9979726578398845
1671.838448,0.9982777847176532
1671.95765,0.9983644389901077
1672.076852,0.9983509611611568
1672.196054,0.9982425461338174
1672.315256,0.9984978293894371
1672.434458,0.9985943887981111
1672.55366,0.9983285983500914
1672.672862,0.9982479366581208
1672.792064,0.9982408491229313
1672.911266,0.9982609139656498
1673.030468,0.99842733793106
1673.14967,0.9981083913510203
1673.268872,0.9982936574606182
1673.388074,0.9985791104208425
1673.507276,0.998337084179242
1673.626478,0.9985185983602849
1673.74568,0.9984574908919729
1673.864882,0.9984661775099304
1673.984084,0.9983968863616418
1674.103286,0.9986388272371607
1674.222488,0.9982659052826979
1674.34169,0.9986848655482712
1674.460892,0.9983350875070703
1674.580094,0.998604574512824
1674.699296,0.9980855349305654
1674.818498,0.9985601375979869
1674.9377,0.9983751215467564
1675.056902,0.9977952340747607
1675.176104,0.9985756154000722
1675.295306,0.99773097813075
1675.414508,0.9980209608854482
1675.53371,0.9987420918305845
1675.652912,0.9983647384994844
1675.772114,0.9985060171052077
1675.891316,0.9984666767431439
1676.010518,0.998694452969
1676.12972,0.9985041199455774
1676.248922,0.998725512849466
1676.368124,0.9986254455665331
1676.487326,0.9986739799425634
1676.606528,0.9987326038257801
1676.72573,0.9988175995868841
1676.844932,0.9990278628318
1676.964134,0.9988378757899584
1677.083336,0.9990513402624353
1677.202538,0.9988383752090212
1677.32174,0.9988810265182416
1677.440942,0.9989848156486488
1677.560144,0.9991839831230067
1677.679346,0.9988731353893021
1677.798548,0.9990356552795205
1677.91775,0.9988901163769417
1678.036952,0.9991187385391677
1678.156154,0.999226719135868
1678.275356,0.9988286865237719
1678.394558,0.9989096948150907
1678.51376,0.9991341550602415
1678.632962,0.9990252453822283
1678.752164,0.9991162407454436
1678.871366,0.9990958290091517
1678.990568,0.9992396292284783
1679.10977,0.9991354339527785
1679.228972,0.9990347361671406
1679.348174,0.9993535190589102
1679.467376,0.9988985070891602
1679.586578,0.9990688238138705
1679.70578,0.999094680049609
1679.824982,0.9992498015396808
1679.944184,0.9992204739883895
1680.063386,0.9990082021569211
1680.182588,0.9991906377104941
1680.30179,0.9990965183855116
1680.420992,0.9989314712838003
1680.540194,0.9990202302880843
1680.659396,0.9992759222708896
1680.778598,0.9993397680490951
1680.8978,0.9994477825282232
1681.017002,0.9995867554090767
1681.136204,0.9996172532662266
1681.255406,0.9990632390347548
1681.374608,0.9998054289314061
1681.49381,0.9995249528706349
1681.613012,0.9997101020285398
1681.732214,0.9995288710161297
1681.851416,0.99961181536316
1681.970618,0.9994915692947178
1682.08982,0.9997879424873735
1682.209022,0.9993841697013649
1682.328224,0.9996311180536815
1682.447426,0.9996572487526342
1682.566628,0.9997633979946703
1682.68583,0.9997493214251258
1682.805032,0.9997686767593477
1682.924234,0.9994091546179176
1683.043436,0.9994096243403306
1683.162638,0.9994083550909137
1683.28184,0.9988713374192766
1683.401042,0.9995695826561332
1683.520244,0.9995169666981663
1683.639446,0.9994345899045652
1683.758648,0.9995626456673009
1683.87785,0.999371867357957
1683.997052,0.9997564696583289
1684.116254,0.9995989004619359
1684.235456,0.9994097142872009
1684.354658,0.9995208248411039
1684.47386,0.9992786502978811
1684.593062,0.9993058210537674
1684.712264,0.9986452185461071
1684.831466,0.9991445061437064
1684.950668,0.9976310104952034
1685.06987,0.9990089514133537
1685.189072,0.9990509006799423
1685.308274,0.9995521003370158
1685.427476,0.9993422963819066
1685.546678,0.9998049490249153
1685.66588,0.9994710899222748
1685.785082,0.9994561679302952
1685.904284,0.9999858171005783
1686.023486,0.9997285468500752
1686.142688,0.9997408035971933
1686.26189,1.0000561345754864
1686.381092,0.9999507162144856
1686.500294,0.9999982421015451
1686.619496,1.0000556625491022
1686.738698,1.0001057255885561
1686.8579,1.0000703724760265
1686.977102,1.000018533171737
1687.096304,1.0000161091297506
1687.215506,0.999986430092072
1687.334708,0.999956655939381
1687.45391,0.9998012397554352
1687.573112,1.0000746157836191
1687.692314,0.9997943411506811
1687.811516,0.9999596268150189
1687.930718,0.9997926215058932
1688.04992,0.9999148936217533
1688.169122,0.9998069586348826
1688.288324,0.9995994602374769
1688.407526,0.9997331556092993
1688.526728,0.9995375469643837
1688.64593,0.9996249103637133
1688.765132,0.9997753352409076
1688.884334,0.9998317441566024
1689.003536,0.999874817835941
1689.122738,0.9996563490615151
1689.24194,0.999705573352035
1689.361142,0.9996647562067628
1689.480344,0.999787342614788
1689.599546,0.9997386641541628
1689.718748,0.9995258424482388
1689.83795,0.9996271495260204
1689.957152,0.9990060742717167
1690.076354,0.9992559669299765
1690.195556,0.9993227294513043
1690.314758,0.9991725125567217
1690.43396,0.9991558464982075
1690.553162,0.9994143015883173
1690.672364,0.9998265350467851
1690.791566,0.9994445743059904
1690.910768,0.9993014441038568
1691.02997,0.9992058155315562
1691.149172,0.9996511908480622
1691.268374,0.9995210547309201
1691.387576,0.9994496015248426
1691.506778,0.9993115470925272
1691.62598,0.9992165870283058
1691.745182,0.9993390685115023
1691.864384,0.9992986360707441
1691.983586,0.9989967036386884
1692.102788,0.9992192849167331
1692.22199,0.9989516499033236
1692.341192,0.9988841230542234
1692.460394,0.9989358665919437
1692.579596,0.9993983510633495
1692.698798,0.9989213821268907
1692.818,0.9995748703932115
1692.937202,0.9988806269659108
1693.056404,0.9992522097346044
1693.175606,0.998653307605138
1693.294808,0.9989668340838017
1693.41401,0.9988227934519059
1693.533212,0.9987757500062162
1693.652414,0.9987427909502934
1693.771616,0.9985993817825376
1693.890818,0.9987656624220835
1694.01002,0.9986060724208092
1694.129222,0.998603276327721
1694.248424,0.9985184985084301
1694.367626,0.9987180224362087
1694.486828,0.99842733793106
1694.60603,0.9986660904492853
1694.725232,0.9982028168710988
1694.844434,0.9983726256120725
1694.963636,0.9980810435557638
1695.082838,0.9980436162183974
1695.20204,0.9975216761280858
1695.321242,0.9975900087032646
1695.440444,0.9975105039478775
1695.559646,0.9973375506219797
1695.678848,0.9969830601371507
1695.79805,0.9967412213829884
1695.917252,0.9966392599714561
1696.036454,0.995789190424674
1696.155656,0.9968648249577031
1696.274858,0.997100212529285
1696.39406,0.9972919733373652
1696.513262,0.9971113801142037
1696.632464,0.9976954595401631
1696.751666,0.9970985174603646
1696.870868,0.9973194989756814
1696.99007,0.9971043006485371
1697.109272,0.9974911524318113
1697.228474,0.9970165593307546
1697.347676,0.9972407138473158
1697.466878,0.9971626329563283
1697.58608,0.9971397981934926
1697.705282,0.9971593423250691
1697.824484,0.9972719279701577
1697.943686,0.9971827758449565
1698.062888,0.9972459992371054
1698.18209,0.9970023020958956
1698.301292,0.9969863501866777
1698.420494,0.9970218435325221
1698.539696,0.9970208465111772
1698.658898,0.996945574278828
1698.7781,0.9967939503882695
1698.897302,0.9966641762644077
1699.016504,0.9966477314411695
1699.135706,0.9966134473488977
1699.254908,0.9965045234519019
1699.37411,0.9965416937638486
1699.493312,0.9961808117220504
1699.612514,0.9961784208909713
1699.731716,0.9956831445229383
1699.850918,0.9950055141297057
1699.97012,0.995068599479086
1700.089322,0.995329938805661
1700.208524,0.9954292776904816
1700.327726,0.9957589188934146
1700.446928,0.9950848192294481
1700.56613,0.9951719924777451
1700.685332,0.9948795544050357
1700.804534,0.9955044354381166
1700.923736,0.9954462001320428
1701.042938,0.9953382996122623
1701.16214,0.9955025439814861
1701.281342,0.9956349546249482
1701.400544,0.9958496366630575
1701.519746,0.9959881689822168
1701.638948,0.9959230334859193
1701.75815,0.9956623349626784
1701.877352,0.9957735566571096
1701.996554,0.9957820207683137
1702.115756,0.9959867745997563
1702.234958,0.9959259216669043
1702.35416,0.9959998221119646
1702.473362,0.9959634687819098
1702.592564,0.9956636293245552
1702.711766,0.9954347525665649
1702.830968,0.9959770139771923
1702.95017,0.9954489873853053
1703.069372,0.9954358475453949
1703.188574,0.995419721615285
1703.307776,0.9959755200127919
1703.426978,0.995428481347378
1703.54618,0.9957537409604991
1703.665382,0.9955217573659936
1703.784584,0.9957592176211352
1703.903786,0.9955831829533829
1704.022988,0.9954846250969649
1704.14219,0.9953561163272845
1704.261392,0.9953467600237657
1704.380594,0.9946978065136214
1704.499796,0.9946284784926169
1704.618998,0.9949169625795506
1704.7382,0.9950785502148344
1704.857402,0.9956658197869492
1704.976604,0.9956158386173337
1705.095806,0.9954870142629322
1705.215008,0.9955169788730266
1705.33421,0.9955258390135661
1705.453412,0.9956088693308559
1705.572614,0.9954700911275367
1705.691816,0.9954755662280944
1705.811018,0.9954649146965215
1705.93022,0.9955391791491875
1706.049422,0.9956633306255112
1706.168624,0.9951705992379309
1706.287826,0.9949946686287098
1706.407028,0.9948707995034786
1706.52623,0.9955030417328825
1706.645432,0.9955678510904211
1706.764634,0.9960101805639784
1706.883836,0.9959292082278686
1707.003038,0.9957164008953436
1707.12224,0.9955515239115464
1707.241442,0.9955382831643296
1707.360644,0.9956332620469641
1707.479846,0.9956170333570569
1707.599048,0.9957714655348364
1707.71825,0.9954364448070826
1707.837452,0.9959279135207394
1707.956654,0.995693599250843
1708.075856,0.9957493596536777
1708.195058,0.9958159775141812
1708.31426,0.9958756286777688
1708.433462,0.9958070152107139
1708.552664,0.9958883759673983
1708.671866,0.9956991751506112
1708.791068,0.9958339023630995
1708.91027,0.9958377861228921
1709.029472,0.9960395632976982
1709.148674,0.9956623349626784
1709.267876,0.9961154644042169
1709.387078,0.9960834896110077
1709.50628,0.9957536413851299
1709.625482,0.9961644744907039
1709.744684,0.9959765159888099
1709.863886,0.9963034491281508
1709.983088,0.9960746245073999
1710.10229,0.9960458383667135
1710.221492,0.99580352989226
1710.340694,0.9960083877472669
1710.459896,0.9962415806049976
1710.579098,0.9963586458681681
1710.6983,0.9961038099214622
1710.817502,0.9965517588857844
1710.936704,0.9965674048712195
1711.055906,0.99675447812939
1711.175108,0.9966172344871932
1711.29431,0.9967161038206922
1711.413512,0.9964042801391657
1711.532714,0.9967796963366956
1711.651916,0.9968368134496853
1711.771118,0.9968975226602012
1711.89032,0.9970577369649672
1712.009522,0.9969794710045946
1712.128724,0.9968416979620383
1712.247926,0.9965745801823658
1712.367128,0.9971672199149899
1712.48633,0.9973109220648709
1712.605532,0.9974380873140466
1712.724734,0.9969636191570281
1712.843936,0.9972975581880534
1712.963138,0.9970851564297497
1713.08234,0.9976914687663065
1713.201542,0.9968002302099384
1713.320744,0.9972148856473038
1713.439946,0.9969716945950489
1713.559148,0.9974223279167665
1713.67835,0.997491052682701
1713.797552,0.9974723000271861
1713.916754,0.9972004261362937
1714.035956,0.9970014047942275
1714.155158,0.9969770782567355
1714.27436,0.9976125544922277
1714.393562,0.9976067683561916
1714.512764,0.9977031418247784
1714.631966,0.9974957409016659
1714.751168,0.9973512142400188
1714.87037,0.9974563405980614
1714.989572,0.9973486211302328
1715.108774,0.9968883512451813
1715.227976,0.9965542502682958
1715.347178,0.9971800834550965
1715.46638,0.9975017258940663
1715.585582,0.9977778725887332
1715.704784,0.9975734488465674
1715.823986,0.997887135247803
1715.943188,0.9976697193293571
1716.06239,0.9981328453061681
1716.181592,0.9978233722971087
1716.300794,0.9980669707122635
1716.419996,0.9977387604627304
1716.539198,0.9977529284537214
1716.6584,0.9975707554018917
1716.777602,0.9976964572361215
1716.896804,0.9975339457201601
1717.016006,0.9975592834041686
1717.135208,0.9971464790525214
1717.25441,0.9964943591576007
1717.373612,0.9958359936164903
1717.492814,0.9952597705184364
1717.612016,0.9964763227729296
1717.731218,0.9973364535512774
1717.85042,0.997805012515969
1717.969622,0.997541327498671
1718.088824,0.998076951431874
1718.208026,0.9978182834108866
1718.327228,0.997902502828016
1718.44643,0.9971003122393113
1718.565632,0.9968152820070553
1718.684834,0.9965542502682958
1718.804036,0.9971270348857612
1718.923238,0.9974585350044246
1719.04244,0.9983545552310864
1719.161642,0.9977681941903094
1719.280844,0.9980219589069081
1719.400046,0.9980086853031244
1719.519248,0.9982203853952782
1719.63845,0.9977158127351397
1719.757652,0.9980595850440072
1719.876854,0.9978161879946916
1719.996056,0.9977576179035054
1720.115258,0.9977526291278879
1720.23446,0.9979191679389665
1720.353662,0.9978877339802639
1720.472864,0.998092521553763
1720.592066,0.9981512111194867
1720.711268,0.9980212602917814
1720.83047,0.9981273555906157
1720.949672,0.997733871554782
1721.068874,0.9981146794536933
1721.188076,0.9980670705189655
1721.307278,0.9981051974092783
1721.42648,0.9980238551504315
1721.545682,0.9980214598960534
1721.664884,0.9981613923137641
1721.784086,0.9981075928646266
1721.903288,0.9982310664105454
1722.02249,0.9980641761286578
1722.141692,0.9982368561675208
1722.260894,0.9981083913510203
1722.380096,0.9980654736129302
1722.499298,0.9978489169024091
1722.6185,0.9983200127610636
1722.737702,0.9980566906754074
1722.856904,0.9980456123076259
1722.976106,0.9980530976777884
1723.095308,0.9980870320599906
1723.21451,0.9981340430663012
1723.333712,0.9977614093896572
1723.452914,0.9979359331218149
1723.572116,0.9980974122191008
1723.691318,0.9982353588133596
1723.81052,0.9980614813590203
1723.929722,0.9980422189583128
1724.048924,0.9980065894870858
1724.168126,0.9980291446908811
1724.287328,0.9981558026256183
1724.40653,0.9980173680164562
1724.525732,0.9984521990812945
1724.644934,0.9983112275836061
1724.764136,0.9981200692875148
1724.883338,0.9981607934171084
1725.00254,0.9982084068225251
1725.121742,0.9982011199277525
1725.240944,0.9982895644650133
1725.360146,0.9985306805084219
1725.479348,0.998175865758885
1725.59855,0.9981064949468783
1725.717752,0.9982203853952782
1725.836954,0.9982190877096208
1725.956156,0.9983308945085081
1726.075358,0.9982467387613156
1726.19456,0.9983490642961327
1726.313762,0.9983234070548773
1726.432964,0.9980905253707161
1726.552166,0.998439418974939
1726.671368,0.9982234798832694
1726.79057,0.9984155565579825
1726.909772,0.9982770859234484
1727.028974,0.9982888656625627
1727.148176,0.9985381695166095
1727.267378,0.9982431450795247
1727.38658,0.9984779594803385
1727.505782,0.9984425141419354
1727.624984,0.9981589967292973
1727.744186,0.9985021229393346
1727.863388,0.9985502519015589
1727.98259,0.9984648795047433
1728.101792,0.9983207115853171
1728.220994,0.9982295690650688
1728.340196,0.9982507317562567
1728.459398,0.9981534070545667
1728.5786,0.9981696770877021
1728.697802,0.9981930345314269
1728.817004,0.9980850358879226
1728.936206,0.9977879501961382
1729.055408,0.998399482196921
1729.17461,0.9981018038573761
1729.293812,0.998449403419051
1729.413014,0.9981246606503937
1729.532216,0.998584902196479
1729.651418,0.9980921223168343
1729.77062,0.9981900399568152
1729.889822,0.9979800428648771
1730.009024,0.9975226736502608
1730.128226,0.9977118218798704
1730.247428,0.9980908247979187
1730.36663,0.998122963839913
1730.485832,0.9982728931684924
1730.605034,0.9982459401642441
1730.724236,0.9981853484746525
1730.843438,0.9981051974092783
1730.96264,0.9983491641310441
1731.081842,0.9982812786960141
1731.201044,0.9982483359573754
1731.320246,0.9984170541824406
1731.439448,0.9983440725632906
1731.55865,0.9984089670370547
1731.677852,0.9980004018654126
1731.797054,0.9981830526509912
1731.916256,0.9983348878400727
1732.035458,0.9980849360794241
1732.15466,0.9984204488061957
1732.273862,0.9981880435787317
1732.393064,0.9980712624094646
1732.512266,0.9982386529954791
1732.631468,0.9982806797274266
1732.75067,0.9982523289587052
1732.869872,0.9981665827664994
1732.989074,0.9983620429183294
1733.108276,0.9982228809493612
1733.227478,0.9976258228274367
1733.34668,0.996483597076637
1733.465882,0.9963611367678965
1733.585084,0.9980480076199698
1733.704286,0.9983386815198546
1733.823488,0.9984393191310021
1733.94269,0.9985608365903278
1734.061892,0.9986505113797914
1734.181094,0.998552848135589
1734.300296,0.997964973480004
1734.419498,0.9977051372330574
1734.5387,0.9971389007680781
1734.657902,0.9981738694091498
1734.777104,0.9978228733855473
1734.896306,0.9982367563438401
1735.015508,0.9984383206921822
1735.13471,0.9985808080067731
1735.253912,0.9987835404874491
1735.373114,0.9989135905704972
1735.492316,0.9988076114608289
1735.611518,0.999067335202432
1735.73072,0.9990183421416333
1735.849922,0.9989775230861124
1735.969124,0.9988584520621345
1736.088326,0.9987713554025843
1736.207528,0.9988473647948511
1736.32673,0.998889716820975
1736.445932,0.9987333029388475
1736.565134,0.9986680877834636
1736.684336,0.9990532984049811
1736.803538,0.9989782223706234
1736.92274,0.99855204929363
1737.041942,0.9989529485413127
1737.161144,0.998881426070732
1737.280346,0.9990211893479657
1737.399548,0.9989636373950473
1737.51875,0.9987534775553298
1737.637952,0.9989209825584178
1737.757154,0.9989334691487408
1737.876356,0.9988918144915829
1737.995558,0.9987350007869057
1738.11476,0.9990319888253937
1738.233962,0.9988173998233841
1738.353164,0.9989461556843583
1738.472366,0.9988977079706741
1738.591568,0.9990278428512429
1738.71077,0.9990150953372975
1738.829972,0.9988736348259947
1738.949174,0.9989653356346744
1739.068376,0.9988140038499979
1739.187578,0.9986231487306496
1739.30678,0.998904900060063
1739.425982,0.9984324299234679
1739.545184,0.9986469162444217
1739.664386,0.9977597131967031
1739.783588,0.997788349311398
1739.90279,0.9973226904031843
1740.021992,0.997926851946143
1740.141194,0.9984408167911041
1740.260396,0.9986464169210884
1740.379598,0.9989951052452413
1740.4988,0.9991365829591882
1740.618002,0.9990287619572812
1740.737204,0.9987432903218137
1740.856406,0.9991006346716469
1740.975608,0.9991238940051597
1741.09481,0.9988415714969359
1741.214012,0.9990259447001447
1741.333214,0.9992466239303643
1741.452416,0.9989139901360133
1741.571618,0.9988226935696316
1741.69082,0.9988464658326274
1741.810022,0.998993706653073
1741.929224,0.9993181625568661
1742.048426,0.9991130535697191
1742.167628,0.9989450568441914
1742.28683,0.9988850220503387
1742.406032,0.9990933212817681
1742.525234,0.9988248909819746
1742.644436,0.999069473208817
1742.763638,0.9992008295069769
1742.88284,0.9987001455436058
1743.002042,0.9987886342964948
1743.121244,0.9986927551898731
1743.240446,0.9990173631041378
1743.359648,0.9988844227195053
1743.47885,0.9987045398339136
1743.598052,0.9989387635101573
1743.717254,0.9990164140380936
1743.836456,0.999260023917438
1743.955658,0.9992582052658494
1744.07486,0.9993758448659043
1744.194062,0.9990031172181133
1744.313264,0.9992921706294845
1744.432466,0.999041449703125
1744.551668,0.998856654118539
1744.67087,0.998825690042207
1744.790072,0.9991634900696699
1744.909274,0.9996294886562871
1745.028476,0.9991093968226349
1745.147678,0.9993428660071779
1745.26688,0.9992344232035717
1745.386082,0.9992083435254674
1745.505284,0.9992812184473124
1745.624486,0.9997604486969964
1745.743688,0.9993675200997892
1745.86289,0.9990216289173858
1745.982092,0.9992910114512389
1746.101294,0.9993968519669473
1746.220496,0.9990491223709217
1746.339698,0.9992384401340271
1746.4589,0.9994561879194188
1746.578102,0.9995519703952512
1746.697304,0.9994909995846857
1746.816506,0.9996943967062025
1746.935708,0.9991067891505122
1747.05491,0.9991415786545922
1747.174112,0.9994437247784633
1747.293314,0.9993801222036738
1747.412516,0.9995275516388907
1747.531718,0.9996952264528961
1747.65092,0.9995505010549347
1747.770122,0.9993468833735741
1747.889324,0.9996827403374937
1748.008526,0.9994299325502279
1748.127728,0.9994147813072972
1748.24693,0.9996388652248667
1748.366132,0.9994641236330557
1748.485334,0.9994760872902179
1748.604536,0.9991674567565993
1748.723738,0.9993344415823264
1748.84294,0.9993184723455445
1748.962142,0.9996464125267902
1749.081344,0.9996916075627266
1749.200546,0.9999300304479833
1749.319748,0.9994917092235474
1749.43895,0.9992696968012862
1749.558152,1.0000271213677776
1749.677354,0.9997365547078069
1749.796556,1.0000689983802789
1749.915758,0.9998237755293565
1750.03496,1.000005705616277
1750.154162,1.0001200372038888
1750.273364,0.9998470217023733
1750.392566,0.9999405247687218
1750.511768,1.0000646610904382
1750.63097,1.000134349024022
1750.750172,0.9996338470503588
1750.869374,0.999354548393565
1750.988576,0.9995757200322123
1751.107778,0.9992803490730305
1751.22698,0.9992903119477756
1751.346182,0.9982358579311638
1751.465384,0.9988121061051934
1751.584586,0.9994362289786368
1751.703788,0.9998090482336097
1751.82299,0.9997317459865437
1751.942192,0.9998379131374951
1752.061394,1.0000460240590745
1752.180596,1.0004282016521646
1752.299798,1.0001502712895993
1752.419,1.0005094397203598
1752.538202,0.9999763532795881
1752.657404,0.9999388568693174
1752.776606,0.9998182365209831
1752.895808,1.0001311085939806
1753.01501,1.0001873475473602
1753.134212,1.0003223219345554
1753.253414,1.0003219818250237
1753.372616,0.9999798412031913
1753.491818,1.0001065256734567
1753.61102,1.00004547903414
1753.730222,1.0000928703121805
1753.849424,0.9999988128007047
1753.968626,1.00005794367867
1754.087828,1.000077437998167
1754.20703,0.9999932074230696
1754.326232,1.00018286671808
1754.445434,1.000177775800245
1754.564636,1.0001316086596599
1754.683838,0.9997973305402302
1754.80304,0.9998938656326505
1754.922242,1.0000923862673483
1755.041444,1.0001418300569316
1755.160646,0.9997884123878169
1755.279848,1.0001003350332227
1755.39905,0.9997930614147434
1755.518252,1.0000454080309134
1755.637454,1.0001043554446507
1755.756656,1.000020973219935
1755.875858,0.9999009339073694
1755.99506,0.999993731519647
1756.114262,1.0000221842460668
1756.233464,0.9997427231013789
1756.352666,0.9996835700745126
1756.471868,0.9998408526652809
1756.59107,0.9988920142699658
1756.710272,0.9986970495779534
1756.829474,0.999443834717279
1756.948676,0.9990300806761173
1757.067878,0.9993032128689782
1757.18708,0.9995112494774681
1757.306282,0.9992575157779257
1757.425484,0.999568822983539
1757.544686,0.999489070568918
1757.663888,0.9992739437065222
1757.78309,0.9993917050864128
1757.902292,0.9998960454036535
1758.021494,0.9992598440506498
1758.140696,0.9993139754225371
1758.259898,0.9994950475314311
1758.3791,0.9993653414809701
1758.498302,0.9991563760509465
1758.617504,0.999121725908662
1758.736706,0.9992711857142437
1758.855908,0.9990593926486888
1758.97511,0.9991462646395847
1759.094312,0.9994263246146838
1759.213514,0.9991160209398948
1759.332716,0.999068983664895
1759.451918,0.9994931185078508
1759.57112,0.9991996104827084
1759.690322,0.999106739195174
1759.809524,0.9991495618276984
1759.928726,0.9990838798944927
1760.047928,0.9991117047680073
1760.16713,0.9989474543152048
1760.286332,0.9989373649968674
1760.405534,0.9987354002809858
1760.524736,0.9986222499702202
1760.643938,0.9985617352954852
1760.76314,0.9987699571236656
1760.882342,0.9986362307795852
1761.001544,0.9982795816192829
1761.120746,0.9983477664431928
1761.239948,0.9985317788927746
1761.35915,0.998414657984386
1761.478352,0.9980494048881586
1761.597554,0.9979777475134182
1761.716756,0.9974379875702428
1761.835958,0.99861216393643
1761.95516,0.9976728121102808
1762.074362,0.9978088041822206
1762.193564,0.9978177845018696
1762.312766,0.9980608825223111
1762.431968,0.9979059954928879
1762.55117,0.9979980066673224
1762.670372,0.9981771633883538
1762.789574,0.9979722586509012
1762.908776,0.998009483710392
1763.027978,0.9978298581701077
1763.14718,0.9978404352226625
1763.266382,0.9979760509526895
1763.385584,0.997664032628164
1763.504786,0.9976448776626259
1763.623988,0.9975903079803121
1763.74319,0.9975842226979936
1763.862392,0.9976875777771658
1763.981594,0.9976951602315701
1764.100796,0.9976443788403118
1764.219998,0.9975016261438987
1764.3392,0.9975099054417548
1764.458402,0.9974540464511163
1764.577604,0.9976220318565129
1764.696806,0.9975225738979984
1764.816008,0.9973826312980835
1764.93521,0.9972871863473819
1765.054412,0.9973410413095156
1765.173614,0.9974095609926777
1765.292816,0.9971673196317169
1765.412018,0.9971003122393113
1765.53122,0.9969664106590699
1765.650422,0.9971982322977694
1765.769624,0.9972443039203478
1765.888826,0.9975190825750996
1766.008028,0.9971684165163718
1766.12723,0.9972504868541991
1766.246432,0.9970667105249809
1766.365634,0.9968707064775209
1766.484836,0.9969946252077255
1766.604038,0.996710422555092
1766.72324,0.9971637298358279
1766.842442,0.9968670180627305
1766.961644,0.9965661093344353
1767.080846,0.9967603589981595
1767.200048,0.9967050403333422
1767.31925,0.9969551450022806
1767.438452,0.9967208880694727
1767.557654,0.9969469700036091
1767.676856,0.9968655227633249
1767.796058,0.9967426168216751
1767.91526,0.9964009920104667
1768.034462,0.9957536413851299
1768.153664,0.9959614768569641
1768.272866,0.9963305489505231
1768.392068,0.9961178550842003
1768.51127,0.9964640661895376
1768.630472,0.996543387886168
1768.749674,0.996400194889992
1768.868876,0.996492166872422
1768.988078,0.9963786728782209
1769.10728,0.9965629203279879
1769.226482,0.9963598414992606
1769.345684,0.9963641258557904
1769.464886,0.9962028275612637
1769.584088,0.9962073104840742
1769.70329,0.9961158628504824
1769.822492,0.9962154794175128
1769.941694,0.9958165750039469
1770.060896,0.9959537083877417
1770.180098,0.9959762171958999
1770.2993,0.995864176173891
1770.418502,0.9954973673817166
1770.537704,0.9956404306322577
1770.656906,0.9956397336842002
1770.776108,0.9956329633570303
1770.89531,0.9953000793553908
1771.014512,0.9948701030941627
1771.133714,0.9948510017715565
1771.252916,0.9949362641558493
1771.372118,0.9946551348930347
1771.49132,0.9952276241470153
1771.610522,0.9952150843579519
1771.729724,0.9952340931475965
1771.848926,0.9950967603189252
1771.968128,0.9951287034376158
1772.08733,0.9953955332099401
1772.206532,0.9953524335164673
1772.325734,0.9952831593978618
1772.444936,0.9952420550521892
1772.564138,0.9951193492717681
1772.68334,0.9952743014171612
1772.802542,0.9946709500354095
1772.921744,0.9953517367700077
1773.040946,0.9963365269517508
1773.160148,0.995967253450282
1773.27935,0.9959827906606258
1773.398552,0.9962136862312637
1773.517754,0.9965175777466645
1773.636956,0.997160439200949
1773.756158,0.9969194546469506
1773.87536,0.9968708061645964
1773.994562,0.9970649158065171
1774.113764,0.9972666424429462
1774.232966,0.9971610374973919
1774.352168,0.9974830727861992
1774.47137,0.9973140137335215
1774.590572,0.9972125920557044
1774.709774,0.9976672251581765
1774.828976,0.9974364914143836
1774.948178,0.9974486602138084
1775.06738,0.9975061149113161
1775.186582,0.9974850677543398
1775.305784,0.9973854239733608
1775.424986,0.9975208781110642
1775.544188,0.9973955973565695
1775.66339,0.9970585346114759
1775.782592,0.9973557023305811
1775.901794,0.9974855664969983
1776.020996,0.9976837865715735
1776.140198,0.99755259977936
1776.2594,0.9976417849682988
1776.378602,0.997746443080764
1776.497804,0.9978153897420606
1776.617006,0.9976589445545723
1776.736208,0.9978467216372067
1776.85541,0.9978766574878913
1776.974612,0.9978619888088412
1777.093814,0.9978286607749963
1777.213016,0.9977239940383473
1777.332218,0.997873863437162
1777.45142,0.9979746537871962
1777.570622,0.9978762583373081
1777.689824,0.997740955490418
1777.809026,0.9977392593322353
1777.928228,0.9980650743868206
1778.04743,0.9975417265152817
1778.166632,0.9979094881699844
1778.285834,0.9978618890226474
1778.405036,0.9978886320796285
1778.524238,0.9980115795325084
1778.64344,0.997958586524612
1778.762642,0.9981592961770412
1778.881844,0.9981366382181868
1779.001046,0.9984187514928755
1779.120248,0.9981248602753459
1779.23945,0.9983426748825673
1779.358652,0.9982384533477684
1779.477854,0.9982653063233343
1779.597056,0.9984132602048433
1779.716258,0.9983414768720763
1779.83546,0.9983256033687887
1779.954662,0.9985858009232954
1780.073864,0.9982963528571321
1780.193066,0.9984664770498285
1780.312268,0.9985376702476495
1780.43147,0.9982476371837847
1780.550672,0.9984043743663695
1780.669874,0.9983979845988209
1780.789076,0.9986548055862229
1780.908278,0.9987672604484218
1781.02748,0.9986260447419801
1781.146682,0.9989403618134576
1781.265884,0.9989636373950473
1781.385086,0.998821395100974
1781.504288,0.9990304902785343
1781.62349,0.9989588423810959
1781.742692,0.9991727123912442
1781.861894,0.9989953050442824
1781.981096,0.999117599544455
1782.100298,0.9990416794826849
1782.2195,0.9991618814177459
1782.338702,0.9991730621017547
1782.457904,0.9992928801271775
1782.577106,0.999267428461649
1782.696308,0.9992186354244089
1782.81551,0.9991990809070552
1782.934712,0.9991907975810089
1783.053914,0.9991613618537026
1783.173116,0.9995240932795451
1783.292318,0.999270256392473
1783.41152,0.999594562212122
1783.530722,0.9994516204150768
1783.649924,0.9993536489748761
1783.769126,0.9995923731024278
1783.888328,0.9995639850821435
1784.00753,0.9992711357506856
1784.126732,0.9995025937475269
1784.245934,0.9995603566714631
1784.365136,0.9996568788795206
1784.484338,0.9993217900883802
1784.60354,0.9994989155847497
1784.722742,0.9993341917487473
1784.841944,0.9992562966845
1784.961146,0.9990334873745008
1785.080348,0.9993578662561733
1785.19955,0.999510409888371
1785.318752,0.9996657758653341
1785.437954,0.9997301664116329
1785.557156,0.9995195754408538
1785.676358,0.999619202521771
1785.79556,0.9996302883601978
1785.914762,0.9997087224295509
1786.033964,0.9995933926871683
1786.153166,0.9997137809684845
1786.272368,0.9997027941744042
1786.39157,0.9996429237668983
1786.510772,0.999824255444884
1786.629974,0.9996553494056659
1786.749176,0.9995168667464746
1786.868378,0.9997708462597301
1786.98758,0.9996176531132079
1787.106782,0.9998541306399699
1787.225984,0.9996922173747932
1787.345186,0.9995731711173761
1787.464388,0.9996321776632282
1787.58359,0.9995305402307381
1787.702792,0.999737684410752
1787.821994,0.9994559680390817
1787.941196,0.999517066649868
1788.060398,0.9996589381748121
1788.1796,0.9995764897058131
1788.298802,0.9996416642176079
1788.418004,0.9993086990586764
1788.537206,0.9994149112312273
1788.656408,0.9994557281696781
1788.77561,0.999598130771079
1788.894812,0.9993653115000104
1789.014014,0.9995261722918213
1789.133216,0.9994812346053218
1789.252418,0.999434959695432
1789.37162,0.9993976514847486
1789.490822,0.9995448236242126
1789.610024,0.9995176463699347
1789.729226,0.9996606975760917
1789.848428,0.9992828972411696
1789.96763,0.99930927865789
1790.086832,0.9994776964480138
1790.206034,0.9995565183670632
1790.325236,0.9994564277889327
1790.444438,0.9992580054142284
1790.56364,0.9992917209481088
1790.682842,0.9992042267955725
1790.802044,0.9987279097935732
1790.921246,0.9994486820316322
1791.040448,0.9989005048881722
1791.15965,0.9989699308857873
1791.278852,0.9992949586585298
1791.398054,0.9992516101834584
1791.517256,0.9992396092436859
1791.636458,0.9991915070067271
1791.75566,0.9992357122168091
1791.874862,0.9991077982488789
1791.994064,0.9991682161241551
1792.113266,0.9989347677630948
1792.232468,0.9989484532631586
1792.35167,0.9988035163580169
1792.470872,0.9985758151152153
1792.590074,0.998130250164144
1792.709276,0.9987280096663691
1792.828478,0.9986712835264577
1792.94768,0.9988589514914855
1793.066882,0.9991217458910967
1793.186084,0.9993005547259672
1793.305286,0.9990498416865488
1793.424488,0.9989686322257213
1793.54369,0.9991718930699559
1793.662892,0.9992149882830457
1793.782094,0.9990826110587708
1793.901296,0.99913950044227
1794.020498,0.9994449940727997
1794.1397,0.9989722285192707
1794.258902,0.9991708739151448
1794.378104,0.998837975673751
1794.497306,0.9987922299420504
1794.616508,0.9990596324229718
1794.73571,0.9991694051350397
1794.854912,0.9990346862154049
1794.974114,0.9990468445415195
1795.093316,0.9989446572662486
1795.212518,0.9990804130794443
1795.33172,0.9988124057488702
1795.450922,0.9988217946296118
1795.570124,0.9989708299591298
1795.689326,0.9988093094352116
1795.808528,0.9987009445040418
1795.92773,0.998871537193564
1796.046932,0.9989265765315832
1796.166134,0.9989292736369809
1796.285336,0.9988573533184416
1796.404538,0.9989724283137363
1796.52374,0.9990115288597733
1796.642942,0.9990321786414895
1796.762144,0.9990793041008013
1796.881346,0.9988749333625639
1797.000548,0.9987075359520272
1797.11975,0.9989254777129534
1797.238952,0.9989495521070616
1797.358154,0.9989735271840119
1797.477356,0.9989107936163594
1797.596558,0.9989172865576199
1797.71576,0.9986991468439596
1797.834962,0.999009400967483
1797.954164,0.9985417642604902
1798.073366,0.9989002052180657
1798.192568,0.9986612968635559
1798.31177,0.9987136280865776
1798.430972,0.9989405616015499
1798.550174,0.9986813701573587
1798.669376,0.9987963249985881
1798.788578,0.9988532580116884
1798.90778,0.9987515799255252
1799.026982,0.9986292403504363
1799.146184,0.9984962317941881
1799.265386,0.9986387273732829
1799.384588,0.9985015238382405
1799.50379,0.9982684009505807
1799.622992,0.9991252827883375
1799.742194,0.998470071535616
1799.861396,0.9985639321337193
1799.980598,0.9988690400178425
1800.0998,0.9986942532301294
1800.219002,0.9991272210932662
1800.338204,0.9989414606484599
1800.457406,0.9986053733968031
1800.576608,0.9987988219925218
1800.69581,0.9987090340144548
1800.815012,0.9988191976963219
1800.934214,0.9987455874340232
1801.053416,0.9987643640275663
1801.172618,0.998839174280041
1801.29182,0.9985159023637089
1801.411022,0.9985748165398995
1801.530224,0.9987925295797643
1801.649426,0.9987265115754782
1801.768628,0.9988694395655384
1801.88783,0.9986837669955233
1802.007032,0.9987971240359677
1802.126234,0.9986954516639523
1802.245436,0.9985390682013664
1802.364638,0.9984357247559231
1802.48384,0.9985445601813445
1802.603042,0.9986818694981686
1802.722244,0.9988975081911525
1802.841446,0.998679872136427
1802.960648,0.9988349791643187
1803.07985,0.9985526484250393
1803.199052,0.9987993213920576
1803.318254,0.9987489831747932
1803.437456,0.99877894609373
1803.556658,0.9987623665008358
1803.67586,0.9987653627924298
1803.795062,0.9988839232774188
1803.914264,0.9988452672175875
1804.033466,0.9984983286384765
1804.152668,0.9987544763093067
1804.27187,0.9988112071747024
1804.391072,0.9987406935926346
1804.510274,0.9985537468335567
1804.629476,0.99851160875456
1804.748678,0.9989005048881722
1804.86788,0.9988365773015639
1804.987082,0.9986468163797351
1805.106284,0.9985630334265848
1805.225486,0.9986815698936528
1805.344688,0.9984552942879091
1805.46389,0.9985741175377726
1805.583092,0.9985598380299905
1805.702294,0.9986722821982406
1805.821496,0.9984881440074662
1805.940698,0.998588397249753
1806.0599,0.9984823527930254
1806.179102,0.9986404250605625
1806.298304,0.9988639457987287
1806.417506,0.9987368983852098
1806.536708,0.998875233025089
1806.65591,0.9986663900491575
1806.775112,0.998639626148542
1806.894314,0.9986476152975078
1807.013516,0.998615958669863
1807.132718,0.9987542765584314
1807.25192,0.9986087686608447
1807.371122,0.9988354785819332
1807.490324,0.9985661289767865
1807.609526,0.9987342017992247
1807.728728,0.9985216937727377
1807.84793,0.9983618432459408
1807.967132,0.9986840666006983
1808.086334,0.9985852017719946
1808.205536,0.9986288408988201
1808.324738,0.9986265440551273
1808.44394,0.9986746790145941
1808.563142,0.9984549947513658
1808.682344,0.9985753158274326
1808.801546,0.9985549450987719
1808.920748,0.9985981834639985
1809.03995,0.9986666896491194
1809.159152,0.9986961507510131
1809.278354,0.998535074053082
1809.397556,0.9985086132242271
1809.516758,0.9985193971754831
1809.63596,0.9984064710177571
1809.755162,0.9983353870076415
1809.874364,0.9985456585809648
1809.993566,0.9985004254871684
1810.112768,0.9985421636772759
1810.23197,0.998543861200397
1810.351172,0.998146619634476
1810.470374,0.9980812431719924
1810.589576,0.9981000072757461
1810.708778,0.9979985056664504
1810.82798,0.9981462203759079
1810.947182,0.9983457697496565
1811.066384,0.9982399507065715
1811.185586,0.9983761199223772
1811.304788,0.9982853716576474
1811.42399,0.9983220094030858
1811.543192,0.9981980255090771
1811.662394,0.9983528580297851
1811.781596,0.9984444111845144
1811.900798,0.9985247891947863
1812.02,0.9982282713674725
1812.139202,0.9982846728581318
1812.258404,0.9981004065158289
1812.377606,0.9980460115259507
1812.496808,0.9980949169786892
1812.61601,0.9981385346796011
1812.735212,0.9982093052104956
1812.854414,0.9983791150552297
1812.973616,0.9982886660048096
1813.092818,0.9979970086698148
1813.21202,0.9978892308129874
1813.331222,0.9981382352380855
1813.450424,0.9981181728611849
1813.569626,0.998087231677417
1813.688828,0.9982180894910322
1813.80803,0.997938926934105
1813.927232,0.9979295463522807
1814.046434,0.9978516110981218
1814.165636,0.9981054968408825
1814.284838,0.9978942202716151
1814.40404,0.9980328374055479
1814.523242,0.9979589857081265
1814.642444,0.9979846335836329
1814.761646,0.9977033413654266
1814.880848,0.9977998239433942
1815.00005,0.9977907440063101
1815.119252,0.9977424521029736
1815.238454,0.997682190278792
1815.357656,0.997966670021901
1815.476858,0.9975853200412421
1815.59606,0.9975359407900466
1815.715262,0.9977049376920499
1815.834464,0.9975136959865974
1815.953666,0.9975337462133909
1816.072868,0.9976184404236628
1816.19207,0.9973387474277585
1816.311272,0.997305935522727
1816.430474,0.9973605893854958
1816.549676,0.9972986552159708
1816.668878,0.9973265799692616
1816.78808,0.9971471770553011
1816.907282,0.9970883471073554
1817.026484,0.9972604594089304
1817.145686,0.9974210312685831
1817.264888,0.9972236611769097
1817.38409,0.9970292215214628
1817.503292,0.9970901418679954
1817.622494,0.9969859513922174
1817.741696,0.997048464371131
1817.860898,0.9970748865055287
1817.9801,0.9971182602064628
1818.099302,0.9967914584065084
1818.218504,0.9968189702304219
1818.337706,0.9968417976462131
1818.456908,0.9969611267510958
1818.57611,0.99677142309955
1818.695312,0.9966987611113677
1818.814514,0.996711219923749
1818.933716,0.9965642158606264
1819.052918,0.9965970033626796
1819.17212,0.9964783157275682
1819.291322,0.9964148420805135
1819.410524,0.9964786146711077
1819.529726,0.9964269984157403
1819.648928,0.9964677531134034
1819.76813,0.9965700956068452
1819.887332,0.9961605894568292
1820.006534,0.9962740586099139
1820.125736,0.9961176558606492
1820.244938,0.996253635201053
1820.36414,0.9957466711340361
1820.483342,0.9961091888965591
1820.602544,0.9958723422936167
1820.721746,0.9960955422941506
1820.840948,0.9962212574840498
1820.96015,0.9958997291595973
1821.079352,0.9959252245190031
1821.198554,0.9961296093442403
1821.317756,0.9955705391272479
1821.436958,0.995522852440529
1821.55616,0.9957167991819836
1821.675362,0.995505032740957
1821.794564,0.9956061811905378
1821.913766,0.9956705989943543
1822.032968,0.9957586201657838
1822.15217,0.9956387380449644
1822.271372,0.9956253965752626
1822.390574,0.9957582218624154
1822.509776,0.9955405729050141
1822.628978,0.9954461005874278
1822.74818,0.9954032973253792
1822.867382,0.9953601972957273
1822.986584,0.9954757653232276
1823.105786,0.9954052881339647
1823.224988,0.995310828654294
1823.34419,0.9954845255485074
1823.463392,0.9953167010055064
1823.582594,0.995354424223325
1823.701796,0.9951763712441453
1823.820998,0.9951147717332898
1823.9402,0.9952485241465716
1824.059402,0.9951607470977667
1824.178604,0.9952049332158623
1824.297806,0.9951477105773691
1824.417008,0.9952753962194949
1824.53621,0.9950541710889996
1824.655412,0.9949330803648981
1824.774614,0.9950653157581258
1824.893816,0.9948377703412221
1825.013018,0.9946310645300228
1825.13222,0.9945318053029005
1825.251422,0.9947647519286876
1825.370624,0.9945537846986692
1825.489826,0.9947373962741516
1825.609028,0.9947817625513861
1825.72823,0.9947240668823486
1825.847432,0.9947072561876691
1825.966634,0.9945165890826838
1826.085836,0.9943769687551529
1826.205038,0.994595656294396
1826.32424,0.9945642275682335
1826.443442,0.994353402300257
1826.562644,0.9944989862948422
1826.681846,0.994493616014816
1826.801048,0.9942882742853721
1826.92025,0.9943702070147554
1827.039452,0.9944106787057742
1827.158654,0.9942789280195214
1827.277856,0.9938773204627904
1827.397058,0.9938628099598386
1827.51626,0.994054743399019
1827.635462,0.9938524738403629
1827.754664,0.9936482581408704
1827.873866,0.9935954968191887
1827.993068,0.9936436873693958
1828.11227,0.9934347460728894
1828.231472,0.9934168644083956
1828.350674,0.9932331986105927
1828.469876,0.9933363015675594
1828.589078,0.9932857420365606
1828.70828,0.9933162363769268
1828.827482,0.9929297129200727
1828.946684,0.9929174999597137
1829.065886,0.9928136462208631
1829.185088,0.9930497653793897
1829.30429,0.993035962083584
1829.423492,0.9931984360569895
1829.542694,0.9932764051944687
1829.661896,0.9929962414395189
1829.781098,0.9931883054846078
1829.9003,0.9932449188314855
1830.019502,0.9927560646992626
1830.138704,0.9936602813575343
1830.257906,0.9933068992481895
1830.377108,0.9938352803412897
1830.49631,0.9940080239239955
1830.615512,0.9941188619977708
1830.734714,0.9945034615503499
1830.853916,0.9944524448313623
1830.973118,0.9946527477235756
1831.09232,0.9946482717962817
1831.211522,0.9949257178873446
1831.330724,0.994743265242103
1831.449926,0.9951566669470678
1831.569128,0.9951432324227473
1831.68833,0.9951358683900744
1831.807532,0.9954234046750687
1831.926734,0.9953939405783611
1832.045936,0.995342977713264
1832.165138,0.9953811996174641
1832.28434,0.9954380375066685
1832.403542,0.9952517089469446
1832.522744,0.995565760400129
1832.641946,0.9952998802953948
1832.761148,0.9954362457198136
1832.88035,0.995315008968553
1832.999552,0.9952027437674177
1833.118754,0.9954581455581167
1833.237956,0.9953365080049354
1833.357158,0.9953925470278198
1833.47636,0.9954640187785015
1833.595562,0.9953274504839243
1833.714764,0.9952868419523643
1833.833966,0.9953081413186845
1833.953168,0.9954978651305247
1834.07237,0.9954093693040124
1834.191572,0.9953746301232259
1834.310774,0.9953457646775034
1834.429976,0.9953712458552367
1834.549178,0.9954462001320428
1834.66838,0.9954267891203982
1834.787582,0.9953033638510721
1834.906784,0.9955695435572065
1835.025986,0.9953637805988875
1835.145188,0.9954120569129378
1835.26439,0.9952733061433574
1835.383592,0.9953884659267432
1835.502794,0.9955670546364588
1835.621996,0.9954221106254838
1835.741198,0.9956750795221309
1835.8604,0.9955226533359783
1835.979602,0.9956162368637488
1836.098804,0.9954742721106995
1836.218006,0.9954120569129378
1836.337208,0.9955394778109862
1836.45641,0.9954625255835933
1836.575612,0.9955731276140146
1836.694814,0.9957318346191686
1836.814016,0.995707339917323
1836.933218,0.9958519271198558
1837.05242,0.9956565601378826
1837.171622,0.9956101636232274
1837.290824,0.9955032408335108
1837.410026,0.9959765159888099
1837.529228,0.9960281089085832
1837.64843,0.9958940525473196
1837.767632,0.9961730415420227
1837.886834,0.9961752331251249
1838.006036,0.9961343907778406
1838.125238,0.9960803021489409
1838.24444,0.9959226351167856
1838.363642,0.9958880772009303
1838.482844,0.9961659687385362
1838.602046,0.995996236519059
1838.721248,0.9959626720114535
1838.84045,0.996046037575901
1838.959652,0.9961815090488627
1839.078854,0.9962131881245451
1839.198056,0.996133992324164
1839.317258,0.996094346980217
1839.43646,0.9963638269465974
1839.555662,0.99653162874357
1839.674864,0.9964941598587487
1839.794066,0.9963679120466624
1839.913268,0.9965429892688926
1840.03247,0.9965101038928584
1840.151672,0.996214682445448
1840.270874,0.9964775185452345
1840.390076,0.9965169798362973
1840.509278,0.9964861879373575
1840.62848,0.9965429892688926
1840.747682,0.996364424765073
1840.866884,0.9964622725558329
1840.986086,0.9965197700877472
1841.105288,0.9966366687127487
1841.22449,0.9966130487035985
1841.343692,0.996636270058161
1841.462894,0.9965733842935871
1841.582096,0.9964982454931797
1841.701298,0.9965149868043306
1841.8205,0.996802124132175
1841.939702,0.996745108681332
1842.058904,0.9965640165478031
1842.178106,0.9966944753159094
1842.297308,0.9964348702201213
1842.41651,0.9967430155188016
1842.535712,0.9966967677158388
1842.654914,0.9967522852719503
1842.774116,0.9967895645045367
1842.893318,0.996703545276903
1843.01252,0.9967009538510542
1843.131722,0.9966734452843478
1843.250924,0.9968398039646115
1843.370126,0.9965428896145987
1843.489328,0.9966368680401024
1843.60853,0.9969566404361196
1843.727732,0.9967603589981595
1843.846934,0.9967453080303736
1843.966136,0.996435368437681
1844.085338,0.9960966379998497
1844.20454,0.9966481301003418
1844.323742,0.9962996631822375
1844.442944,0.9967121169642505
1844.562146,0.9966697575994224
1844.681348,0.9970386933440584
1844.80055,0.9968892484451011
1844.919752,0.9969050991101638
1845.038954,0.9970346054937957
1845.158156,0.9972277498023023
1845.277358,0.9969854528993664
1845.39656,0.9971293282805788
1845.515762,0.9970597310824353
1845.634964,0.9968561522714522
1845.754166,0.9971658238818593
1845.873368,0.9969176601935472
1845.99257,0.9970453735256823
1846.111772,0.9970579363765346
1846.230974,0.9969649152105755
1846.350176,0.996962921282739
1846.469378,0.9972144867614293
1846.58858,0.997145481906541
1846.707782,0.9969827610422775
1846.826984,0.9970886462339044
1846.946186,0.9970770800726919
1847.065388,0.9969438794727924
1847.18459,0.9972774129808453
1847.303792,0.997053649036626
1847.422994,0.9970538484473757
1847.542196,0.9968088027287799
1847.661398,0.996866320256062
1847.7806,0.9967880693213114
1847.899802,0.9969779755365097
1848.019004,0.9968601397040362
1848.138206,0.9971341145128415
1848.257408,0.996962422801403
1848.37661,0.9969615255356262
1848.495812,0.9969731900537123
1848.615014,0.9969104824122339
1848.734216,0.9968506695776922
1848.853418,0.9968996161471969
1848.97262,0.996965014907072
1849.091822,0.9969661115691916
1849.211024,0.996996320100029
1849.330226,0.996903703444002
1849.449428,0.9967765066467709
1849.56863,0.996756770667326
1849.687832,0.996686501792001
1849.807034,0.9967854776757002
1849.926236,0.9968036193364825
1850.045438,0.9967564716403398
1850.16464,0.997011673961583
1850.283842,0.9964487207610785
1850.403044,0.9966075673469044
1850.522246,0.9965278419305758
1850.641448,0.99670015649061
1850.76065,0.9964424431539122
1850.879852,0.9966098595469453
1850.999054,0.9965646144863924
1851.118256,0.9964747284120887
1851.237458,0.996384651168193
1851.35666,0.9962596127407969
1851.475862,0.9964231123580243
1851.595064,0.9962812318089593
1851.714266,0.9962992646624519
1851.833468,0.9963629302195568
1851.95267,0.9962565243407844
1852.071872,0.9961301074091695
1852.191074,0.9961632790940517
1852.310276,0.9959925513398015
1852.429478,0.9960022125144061
1852.54868,0.9960240252017082
1852.667882,0.9957865017974895
1852.787084,0.99608916730308
1852.906286,0.9961792178340267
1853.025488,0.9959220375633837
1853.14469,0.9959183526586619
1853.263892,0.9958602923111775
1853.383094,0.995724565803307
1853.502296,0.9959618752416346
1853.621498,0.9955986146123137
1853.7407,0.9957296440115421
1853.859902,0.9958204586961626
1853.979104,0.9955840789786508
1854.098306,0.9955569994599857
1854.217508,0.9955654617304457
1854.33671,0.9956158386173337
1854.455912,0.9955064264489785
1854.575114,0.9954076771095229
1854.694316,0.9952154824440652
1854.813518,0.9950056136302621
1854.93272,0.9949996436144903
1855.051922,0.9949592474490073
1855.171124,0.995105616719503
1855.290326,0.9950062106338093
1855.409528,0.9951640311336507
1855.52873,0.9950048176260896
1855.647932,0.9949595459368263
1855.767134,0.9948802508209675
1855.886336,0.9948715954004366
1856.005538,0.9949460145790151
1856.12474,0.9947015863724679
1856.243942,0.9947928046902341
1856.363144,0.9946392205381915
1856.482346,0.9945193737330318
1856.601548,0.9944805882337784
1856.72075,0.9944910303347757
1856.839952,0.9944453842440691
1856.959154,0.9944530415030083
1857.078356,0.9943424644729899
1857.197558,0.9940376458044722
1857.31676,0.9940301905500859
1857.435962,0.9941186631740182
1857.555164,0.9940607077453724
1857.674366,0.9942076407760606
1857.793568,0.994003948499452
1857.91277,0.9939781047327614
1858.031972,0.9936681313047643
1858.151174,0.9938742394478726
1858.270376,0.9937692918695165
1858.389578,0.9938923281236369
1858.50878,0.9934545156210426
1858.627982,0.9935780096923318
1858.747184,0.9937867823629692
1858.866386,0.9937644224119165
1858.985588,0.9935009110302465
1859.10479,0.9929985253335007
1859.223992,0.993242833019346
1859.343194,0.9931698323539264
1859.462396,0.993170924841343
1859.581598,0.9931533458715476
1859.7008,0.9933561684922594
1859.820002,0.9929912764707242
1859.939204,0.993074095396683
1860.058406,0.9927986548479903
1860.177608,0.9928114620332441
1860.29681,0.9925263675228795
1860.416012,0.9927321395664024
1860.535214,0.992804710938256
1860.654416,0.9927201275801862
1860.773618,0.9924950041852091
1860.89282,0.9923826601095299
1861.012022,0.9927255875559029
1861.131224,0.9922632836561565
1861.250426,0.992344950284937
1861.369628,0.9925976334744846
1861.48883,0.9924010193585645
1861.608032,0.9920869741362155
1861.727234,0.9922911666461813
1861.846436,0.9921033437063373
1861.965638,0.9920241770183025
1862.08484,0.9921480885761277
1862.204042,0.9921683286035823
1862.323244,0.9921692215554798
1862.442446,0.9921204080306019
1862.561648,0.9920290379486791
1862.68085,0.9920092967672494
1862.800052,0.9918364046148116
1862.919254,0.9919703115679506
1863.038456,0.9916904170410014
1863.157658,0.9919386682197256
1863.27686,0.991873797552118
1863.396062,0.9919358907953431
1863.515264,0.9918552496855269
1863.634466,0.991756862524842
1863.753668,0.9916395446274957
1863.87287,0.9918048647186318
1863.992072,0.9917601353278884
1864.111274,0.9918533651623428
1864.230476,0.9917620196739356
1864.349678,0.9917064825558877
1864.46888,0.9918048647186318
1864.588082,0.9917065817265409
1864.707284,0.9915618031347032
1864.826486,0.9919496788000515
1864.945688,0.9916700875958295
1865.06489,0.9919774537799058
1865.184092,0.9916450978244945
1865.303294,0.9915694381899823
1865.422496,0.9917337548591505
1865.541698,0.9917237383988096
1865.6609,0.9918237091900834
1865.780102,0.9917385151925986
1865.899304,0.9916763351370611
1866.018506,0.9916322065220164
1866.137708,0.9914235890530916
1866.25691,0.9916236785217108
1866.376112,0.9917411928902045
1866.495314,0.9915324533397095
1866.614516,0.991520059261506
1866.733718,0.9917718381665318
1866.85292,0.9916838719058478
1866.972122,0.9917520029281216
1867.091324,0.9918032778321179
1867.210526,0.9920323116499059
1867.329728,0.9918457279208345
1867.44893,0.9919590031708566
1867.568132,0.9918878822600444
1867.687334,0.99183461931089
1867.806536,0.9918285691381653
1867.925738,0.9917163004986638
1868.04494,0.9918977019986864
1868.164142,0.9920302283842389
1868.283344,0.9920962997976029
1868.402546,0.9920968950555614
1868.521748,0.9922162514911822
1868.64095,0.9924415101461608
1868.760152,0.992112272676611
1868.879354,0.992411241141706
1868.998556,0.992243934710778
1869.117758,0.9922016660194888
1869.23696,0.992085585215424
1869.356162,0.9927526893343808
1869.475364,0.9923859349777119
1869.594566,0.992490637216798
1869.713768,0.9928026260505521
1869.83297,0.9928478988825128
1869.952172,0.9928410482556451
1870.071374,0.993010639989409
1870.190576,0.9931570205457254
1870.309778,0.9930891902376535
1870.42898,0.9932677637273339
1870.548182,0.9931483801172326
1870.667384,0.9933340168966932
1870.786586,0.9931163019426201
1870.905788,0.9935353861099984
1871.02499,0.9936150708432795
1871.144192,0.9935310145639169
1871.263394,0.9937598511060874
1871.382596,0.9938133168242919
1871.501798,0.993869767023858
1871.621,0.9937503110573092
1871.740202,0.9940131927791589
1871.859404,0.9942203667153084
1871.978606,0.9942719680913851
1872.097808,0.9942955326162674
1872.21701,0.9944438925771115
1872.336212,0.9944460803560817
1872.455414,0.9944532403936365
1872.574616,0.9945577629217645
1872.693818,0.9948652282426009
1872.81302,0.9948202613505437
1872.932222,0.9950043201238051
1873.051424,0.9947989724247431
1873.170626,0.9950543700998538
1873.289828,0.9952873395959096
1873.40903,0.9955266354345559
1873.528232,0.995180949065982
1873.647434,0.9953093356891707
1873.766636,0.9956177302892242
1873.885838,0.9954771589902746
1874.00504,0.9955642670526084
1874.124242,0.9957436838985037
1874.243444,0.9957724613067999
1874.362646,0.9959080947524578
1874.481848,0.9957817220337523
1874.60105,0.9962418794775165
1874.720252,0.9962155790390657
1874.839454,0.9963350324480812
1874.958656,0.9964224148620898
1875.077858,0.9965198697397292
1875.19706,0.9963272610651366
1875.316262,0.9962023294599743
1875.435464,0.9964670555862204
1875.554666,0.9966278983486537
1875.673868,0.9966011890788838
1875.79307,0.9965944122138394
1875.912272,0.9968474796606533
1876.031474,0.9967753105156806
1876.150676,0.9970462708669223
1876.269878,0.9971685162332184
1876.38908,0.9972176778528927
1876.508282,0.9970822648869888
1876.627484,0.9972277498023023
1876.746686,0.9969896402470619
1876.865888,0.9974459671060615
1876.98509,0.9976137516280115
1877.104292,0.9975936997931254
1877.223494,0.9977152141058315
1877.342696,0.9974351947477876
1877.461898,0.9977136177627661
1877.5811,0.9976107587912458
1877.700302,0.9977550237370713
1877.819504,0.9977231958594713
1877.938706,0.997850413676907
1878.057908,0.9979534969487991
1878.17711,0.9979447149966666
1878.296312,0.9982933579725659
1878.415514,0.9980106813224909
1878.534716,0.998049504693104
1878.653918,0.9982913613878465
1878.77312,0.9983506616559135
1878.892322,0.9983784161900937
1879.011524,0.9984321303937839
1879.130726,0.9986214510727398
1879.249928,0.9984711698532988
1879.36913,0.9985727195349866
1879.488332,0.9985962861292523
1879.607534,0.9985970850066008
1879.726736,0.9986928550591536
1879.845938,0.9988161013616084
1879.96514,0.9988369768362747
1880.084342,0.9986774753076101
1880.203544,0.9988535576677108
1880.322746,0.9988589514914855
1880.441948,0.9991442863319393
1880.56115,0.9991414187919524
1880.680352,0.9991369726225315
1880.799554,0.9991459948701297
1880.918756,0.9992727445785092
1881.037958,0.9989667341871232
1881.15716,0.9995419349438465
1881.276362,0.9992777609402781
1881.395564,0.9992976667515373
1881.514766,0.9993351511100319
1881.633968,0.9991992307869286
1881.75317,0.9992704562465443
1881.872372,0.99951642695915
1881.991574,0.9995105398247328
1882.110776,0.9994363988828101
1882.229978,0.9993287753721064
1882.34918,0.9995313498508036
1882.468382,0.9994554982948871
1882.587584,0.9997362247947983
1882.706786,0.9994347098367232
1882.825988,0.9995712419430175
1882.94519,0.9996944366939792
1883.064392,0.9995875150952994
1883.183594,0.9996681050893055
1883.302796,0.9995602966978436
1883.421998,0.9997299464710205
1883.5412,0.9993899161768618
1883.660402,0.9997376544186218
1883.779604,0.9997150905943953
1883.898806,0.9999778912444022
1884.018008,0.9997446126169112
1884.13721,0.99983882299041
1884.256412,0.9998265350467851
1884.375614,0.9998370632756302
1884.494816,0.9996219214896996
1884.614018,0.9998143172411778
1884.73322,0.9997011946512131
1884.852422,0.9998332439053434
1884.971624,0.9999099280567211
1885.090826,1.0002104521419455
1885.210028,0.9999347061317374
1885.32923,0.9998938556337119
1885.448432,0.9999836901330074
1885.567634,1.0001012451249418
1885.686836,0.9999293544955112
1885.806038,0.999997011704465
1885.92524,1.0001522415875745
1886.044442,0.9998814870232178
1886.163644,0.9999027627278501
1886.282846,0.9998578401056756
1886.402048,0.9998496213080091
1886.52125,0.9998630193827016
1886.640452,1.0001070057247041
1886.759654,0.9999374519562104
1886.878856,1.0001847070562482
1886.998058,1.0002573631122047
1887.11726,0.9999313743548474
1887.236462,1.0000462010672364
1887.355664,0.9999628256909817
1887.474866,0.9998466317621109
1887.594068,1.0001730949792074
1887.71327,1.0000871898008097
1887.832472,1.0003908863761772
1887.951674,1.0002299864428277
1888.070876,1.0000908121231713
1888.190078,1.0000984968504962
1888.30928,1.0000390287616023
1888.428482,1.0001118962599196
1888.547684,1.0001671639703396
1888.666886,1.0000952305341395
1888.786088,1.0000360956514323
1888.90529,1.0001242077131394
1889.024492,1.0000648551030014
1889.143694,1.000125027815326
1889.262896,1.000156052174874
1889.382098,0.9998672588108913
1889.5013,0.9996479919693697
1889.620502,0.9998005698888289
1889.739704,0.9998372132512009
1889.858906,1.0001648835918053
1889.978108,1.000168944269476
1890.09731,1.0002127726328862
1890.216512,1.0000623149414953
1890.335714,1.0000030956047914
1890.454916,1.0000150201128009
1890.574118,1.0001120062722342
1890.69332,1.0001895679657364
1890.812522,1.0002908522893272
1890.931724,1.0002010202018534
1891.050926,0.9999842241244404
1891.170128,1.0002303265210808
1891.28933,0.9999974252033148
1891.408532,1.0003177904847007
1891.527734,1.000115266642689
1891.646936,1.00013499911156
1891.766138,1.0002461602924737
1891.88534,1.0003534824602063
1892.004542,1.0001277181552692
1892.123744,1.0001516715009593
1892.242946,1.0001740651475801
1892.362148,1.0002735073963294
1892.48135,1.000115516671537
1892.600552,1.000285840844711
1892.719754,0.9999899430505714
1892.838956,1.0000350156130322
1892.958158,1.0002811895263655
1893.07736,1.000159232676177
1893.196562,1.0001728549376934
1893.315764,0.9999972872036796
1893.434966,1.0001817565157143
1893.554168,1.000191658364118
1893.67337,1.0000541744673834
1893.792572,1.0001252978491197
1893.911774,1.0002381483528175
1894.030976,0.99997880722457
1894.150178,1.0002546424158771
1894.26938,1.0001653736727185
1894.388582,1.0003084875725077
1894.507784,1.0001429202121206
1894.626986,1.0001467207624384
1894.746188,1.0001393697110559
1894.86539,1.0002820497685583
1894.984592,1.0001809863760582
1895.103794,0.9999897680523467
1895.222996,0.9997706263101681
1895.342198,1.0003044963496048
1895.4614,1.0001447504753391
1895.580602,1.0004420076566087
1895.699804,1.000481565915653
1895.819006,1.0001385295943381
1895.938208,1.0001338489569724
1896.05741,1.0000655621491037
1896.176612,1.0002320169117611
1896.295814,0.9999817731661108
1896.415016,1.0002341274035433
1896.534218,0.9999529281079163
1896.65342,1.0003095278938758
1896.772622,1.000068182324309
1896.891824,1.0001413199847284
1897.011026,1.000086376730255
1897.130228,1.0002865410450448
1897.24943,1.0000700864559409
1897.368632,1.0003733096627154
1897.487834,1.000177495750507
1897.607036,1.000213122707418
1897.726238,1.0000858916884798
1897.84544,1.0000189161789086
1897.964642,1.0000133910896598
1898.083844,1.0000776360135193
1898.203046,1.0001098060282407
1898.322248,1.0003006251786948
1898.44145,1.0001437003239024
1898.560652,1.0001358192225955
1898.679854,1.0000327355357959
1898.799056,1.0001765355805718
1898.918258,1.0002275558869138
1899.03746,1.0002073915026448
1899.156662,1.0000400128004907
1899.275864,1.0002523318303218
1899.395066,1.0002659553598574
1899.514268,1.00003535462496
1899.63347,1.0002575931714246
1899.752672,0.9999460034578658
1899.871874,0.9999088621533059
1899.991076,0.9999068573380471
1900.110278,1.0002079416168614
1900.22948,0.9999783742338403
1900.348682,1.0001502612880966
1900.467884,1.0000357776400044
1900.587086,1.0001500212520626
1900.706288,1.0002177236983647
1900.82549,1.0000643180683182
1900.944692,0.9998488814195632
1901.063894,1.0000485981808533
1901.183096,0.9999491202944161
1901.302298,1.0003381871723922
1901.4215,0.9999644486319649
1901.540702,0.9999093381100376
1901.659904,1.0001316586662417
1901.779106,0.9998920958220746
1901.898308,1.0001801662279857
1902.01751,1.0002019803952937
1902.136712,1.0000873928185299
1902.255914,1.0000426279085435
1902.375116,1.0002984645316777
1902.494318,1.0000556685494362
1902.61352,1.0000459160541098
1902.732722,1.0002539622429516
1902.851924,1.0003459998441424
1902.971126,1.0001354191683478
1903.090328,1.0000677742965738
1903.20953,0.9999451265056053
1903.328732,1.0000301944558434
1903.447934,0.9998636392979658
1903.567136,0.9999916289350376
1903.686338,1.0000884959155325
1903.80554,1.00006341301052
1903.924742,1.0001269880623014
1904.043944,0.999914947617159
1904.163146,1.0000930933329155
1904.282348,0.9998315441902735
1904.40155,0.9998875463233887
1904.520752,1.0000499392469226
1904.639954,1.0001203572423518
1904.759156,0.9998847266444839
1904.878358,1.0002535621414466
1904.99756,0.9998444820941634
1905.116762,1.0000650051127409
1905.235964,1.0000504682734805
1905.355166,0.9998879262807285
1905.474368,1.0000878858617361
1905.59357,1.0001853171691055
1905.712772,0.9999283495670149
1905.831974,0.999903929615055
1905.951176,1.0000282643994307
1906.070378,1.0001102360755496
1906.18958,1.0000837185041984
1906.308782,0.9998208060571528
1906.427984,1.0000828574324874
1906.547186,0.9998820069617261
1906.666388,0.9998879262807285
1906.78559,0.9997098421039471
1906.904792,0.9998103479862173
1907.023994,0.9999303494257139
1907.143196,1.0003293642284905
1907.262398,1.0002306265902239
1907.3816,1.0002492810653623
1907.500802,0.9997604886874152
1907.620004,1.0000965156573365
1907.739206,0.9998297644917088
1907.858408,0.9998336238420483
1907.97761,1.0003000350014999
1908.096812,1.0000336025645535
1908.216014,0.9998564503042437
1908.335216,0.9998385930275072
1908.454418,0.9998916958653163
1908.57362,0.9998705283821734
1908.692822,0.9999992876702537
1908.812024,0.9996985854345001
1908.931226,0.9997348351624116
1909.050428,0.9999130487804765
1909.16963,0.9998620395174227
1909.288832,0.9999622707117675
1909.408034,0.9998875463233887
1909.527236,0.9998952154902803
1909.646438,0.9998582100531448
1909.76564,0.9997800142004253
1909.884842,0.9999242838666111
1910.004044,0.9996005298094716
1910.123246,0.999793181389918
1910.242448,0.9999285965493477
1910.36165,1.0000430049246853
1910.480852,0.9998499312614398
1910.600054,0.999984073126834
1910.719256,0.9998625194513169
1910.838458,0.9998590399358036
1910.95766,0.9997823236949255
1911.076862,1.0000146941079573
1911.196064,0.9998351435903116
1911.315266,0.99984496201963
1911.434468,0.9999724853785341
1911.55367,0.9997777547001464
1911.672872,0.9998517009973844
1911.792074,1.0000176461556916
1911.911276,0.9999689174830715
1912.030478,1.0000149201113038
1912.14968,0.9995964914314887
1912.268882,0.9999116239053971
1912.388084,1.000044703999194
1912.507286,0.9997121514363496
1912.626488,1.000115096623108
1912.74569,0.99978548301206
1912.864892,0.9998473916458397
1912.984094,0.9997572594662519
1913.103296,0.999659717909088
1913.222498,1.0000297004410494
1913.3417,0.9998695085147546
1913.460902,0.9999456114791092
1913.580104,0.9998037592577339
1913.699306,0.9996200222098531
1913.818508,0.9996509309387864
1913.93771,0.9997529505217494
1914.056912,0.9996430637169175
1914.176114,0.9996387152790481
1914.295316,0.9995779790758923
1914.414518,0.9998630893731154
1914.53372,0.9996375357060601
1914.652922,0.9998055589061203
1914.772124,0.9996461626152183
1914.891326,0.9997307962418361
1915.010528,0.9996007797096353
1915.12973,0.9998739679427071
1915.248932,0.9996483218532615
1915.368134,0.999721558771956
1915.487336,0.999680631009137
1915.606538,0.9999430586212219
1915.72574,0.9997800241982254
1915.844942,0.9998923057994368
1915.964144,0.9996671454083852
1916.083346,0.999846731746779
1916.202548,0.9996223513272183
1916.32175,0.9999149806143528
1916.440952,0.9997729957693603
1916.560154,0.9995420348980449
1916.679356,0.9997802641454601
1916.798558,0.9999051055027677
1916.91776,0.9997013346093901
1917.036962,0.9998041891734428
1917.156164,0.9996002999013762
1917.275366,0.9996423739634415
1917.394568,0.9999699254522483
1917.51377,0.9994275738983703
1917.632972,0.999916435491708
1917.752174,0.9993097583264589
1917.871376,0.9994888906609015
1917.990578,0.9997429530422316
1918.10978,0.9991747007469203
1918.228982,0.9993774238809866
1918.348184,0.999578318932463
1918.467386,0.9994298326072397
1918.586588,1.0000178541593836
1918.70579,0.999512378925818
1918.824992,0.9994280436294405
1918.944194,0.9996794413898938
1919.063396,0.9996549595401557
1919.182598,0.9996247504237404
1919.3018,0.9994047272451693
1919.421002,0.9993854289262121
1919.540204,0.9995507409470837
1919.659406,0.9994836433579997
1919.778608,0.9996436335136262
1919.89781,0.9996272194999233
1920.017012,0.9993369599082923
1920.136214,0.9995743006356976
1920.255416,0.9994988955947716
1920.374618,0.9994893804105779
1920.49382,0.9996547296195415
1920.613022,0.9996349666408946
1920.732224,0.9996010296098614
1920.851426,0.9994117830674507
1920.970628,0.9993301444534665
1921.08983,0.9996365260726588
1921.209032,0.9993921448188599
1921.328234,0.9995974510445811
1921.447436,0.9995420648843064
1921.566638,0.9993915751654996
1921.68584,0.9995469826433634
1921.805042,0.9994811046727697
1921.924244,0.9993826306509287
1922.043446,0.9992784904133099
1922.162648,0.9994022687125642
1922.28185,0.9992534887782515
1922.401052,0.9991529789250431
1922.520254,0.9993445948718316
1922.639456,0.9992078239372638
1922.758658,0.9993292350634488
1922.87786,0.9997246279218526
1922.997062,0.9991654184570666
1923.116264,0.9992998252368286
1923.235466,0.9987691581080195
1923.354668,0.999517736326527
1923.47387,0.9992928301625348
1923.593072,0.9992728644912457
1923.712274,0.9992101820705109
1923.831476,0.9992677082565681
1923.950678,0.9991301485403128
1924.06988,0.9994486320591993
1924.189082,0.9994914893353954
1924.308284,0.9992600039322377
1924.427486,0.9992731842586136
1924.546688,0.9990218287217315
1924.66589,0.9993216901562061
1924.785092,0.9990074129407531
1924.904294,0.9993184423659908
1925.023496,0.9993560574200723
1925.142698,0.9995415950996464
1925.2619,0.9991464344944642
1925.381102,0.9993889467691133
1925.500304,0.9991421581568759
1925.619506,0.9992773412437066
1925.738708,0.9990365743927462
1925.85791,0.9992036572493256
1925.977112,0.9992731742658818
1926.096314,0.999144376254929
1926.215516,0.999228148031098
1926.334718,0.999319771460403
1926.45392,0.9991702044708836
1926.573122,0.9990645478084552
1926.692324,0.9991239439613556
1926.811526,0.9991246833133477
1926.930728,0.9990357651734487
1927.04993,0.9992483326435522
1927.169132,0.9991370125880112
1927.288334,0.9991273210059933
1927.407536,0.9992721150368785
1927.526738,0.9991773585551591
1927.64594,0.9991373223205331
1927.765142,0.999068953692826
1927.884344,0.9992484725383286
1928.003546,0.9992033275121731
1928.122748,0.99899140897019
1928.24195,0.9989242790030993
1928.361152,0.9995209547788196
1928.480354,0.9990061042418994
1928.599556,0.9990067436060107
1928.718758,0.9990276730165241
1928.83796,0.9990392118527841
1928.957162,0.9990956391809622
1929.076364,0.9991828140784303
1929.195566,0.9989498517919722
1929.314768,0.9989643366698382
1929.43397,0.9989371652094143
1929.553172,0.999020609915844
1929.672374,0.9990431280941704
1929.791576,0.9992471535312154
1929.910778,0.9989183853672395
1930.02998,0.9993741059534471
1930.149182,0.9993032128689782
1930.268384,0.9990742487723125
1930.387586,0.9990060642816561
1930.506788,0.9991898983096957
1930.62599,0.9990449263734194
1930.745192,0.9988227934519059
1930.864394,0.9988647448902049
1930.983596,0.9989317709632867
1931.102798,0.999077096137979
1931.222,0.9991088173393529
1931.341202,0.9992430766111459
1931.460404,0.9988506609965937
1931.579606,0.9989944059489124
1931.698808,0.9991347145755249
1931.81801,0.9990297709768403
1931.937212,0.9988556552623843
1932.056414,0.9989846158517056
1932.175616,0.9987814430442163
1932.294818,0.9989492524222409
1932.41402,0.9989569443610985
1932.533222,0.9989703304738397
1932.652424,0.9991468941019297
1932.771626,0.998903601484537
1932.890828,0.9989342682958358
1933.01003,0.9987066371156493
1933.129232,0.9989605406125714
1933.248434,0.9987196203863229
1933.367636,0.9989158880743977
1933.486838,0.9989928075591415
1933.60604,0.9992200443236782
1933.725242,0.9987172234621103
1933.844444,0.9993605445388437
1933.963646,0.9989198837459413
1934.082848,0.9990809925462519
1934.20205,0.9989964039397222
1934.321252,0.9990395015741975
1934.440454,0.9988610490974861
1934.559656,0.9992900921039313
1934.678858,0.9990836401143902
1934.79806,0.9990752778193187
1934.917262,0.9992198544718878
1935.036464,0.9992691571957956
1935.155666,0.9988232928634275
1935.274868,0.9991852720711764
1935.39407,0.999291631011858
1935.513272,0.9988921141591722
1935.632474,0.9988822251761926
1935.751676,0.99894245959042
1935.870878,0.9992266491900001
1935.99008,0.9989488528426198
1936.109282,0.9992496816297118
1936.228484,0.9989911092728123
1936.347686,0.9992697867355629
1936.466888,0.9991789272648435
1936.58609,0.9993136156695707
1936.705292,0.9990232872946662
1936.824494,0.999253918457344
1936.943696,0.9990519796554976
1937.062898,0.9992183356588632
1937.1821,0.999144376254929
1937.301302,0.9992891727574694
1937.420504,0.9991428875309175
1937.539706,0.9991505609777598
1937.658908,0.9991980417405515
1937.77811,0.9992133295875418
1937.897312,0.9993040322979487
1938.016514,0.9991865410372777
1938.135716,0.9991957036198694
1938.254918,0.9992404386129058
1938.37412,0.9992655098700282
1938.493322,0.9992833169400746
1938.612524,0.9997642977821334
1938.731726,0.9992498515021722
1938.850928,0.9997284268826567
1938.97013,0.9993787330662695
1939.089332,0.9995435442076572
1939.208534,0.9994125925913228
1939.327736,0.9996570488212044
1939.446938,0.9994044574059293
1939.56614,0.9996570188314934
1939.685342,0.9995002749041992
1939.804544,0.9995251827614005
1939.923746,0.9997457623238767
1940.042948,0.999330883958047
1940.16215,0.9992627319157721
1940.281352,0.9994561979139808
1940.400554,0.9992574758076258
1940.519756,0.9993002649288484
1940.638958,0.9995036632158744
1940.75816,0.999411583185114
1940.877362,0.9994582567958691
1940.996564,0.9995785188481467
1941.115766,0.9999213210953474
1941.234968,0.9992393094718481
1941.35417,0.9997939112392068
1941.473372,0.9993526895958336
1941.592574,0.9996356663856161
1941.711776,0.999383630034059
1941.830978,0.9996307481902362
1941.95018,0.9996182428877972
1942.069382,0.9997430430191014
1942.188584,0.9995632653963333
1942.307786,0.9993626431981908
1942.426988,0.9990478735602992
1942.54619,0.9993702483768432
1942.665392,0.9994123427382059
1942.784594,0.9994053168941324
1942.903796,0.9996168434232369
1943.022998,0.9996652460426133
1943.1422,0.99975465010321
1943.261402,0.9996540898407192
1943.380604,1.0000410118409626
1943.499806,0.9997316959999577
1943.619008,0.9998938256368967
1943.73821,0.999552020372851
1943.857412,0.9997801041806306
1943.976614,0.9996581584411445
1944.095816,0.9998016896660943
1944.215018,0.9996758025633499
1944.33422,0.9999984588011877
1944.453422,0.9996829902582101
1944.572624,0.9999222050261859
1944.691826,0.9995067416918979
1944.811028,0.999947464380044
1944.93023,1.0001153066473005
1945.049432,0.9999005739430981
1945.168634,0.9996710541145652
1945.287836,0.9994598959087543
1945.407038,0.9998983651651698
1945.52624,0.9996831502075013
1945.645442,0.999992381229023
1945.764644,0.99968380000176
1945.883846,0.9998475416229597
1946.003048,0.9996918774794971
1946.12225,0.9998116777348643
1946.241452,0.9995211147021852
1946.360654,0.9997791044010262
1946.479856,0.9997548500541599
1946.599058,0.9999238179020035
1946.71826,0.9998167867855913
1946.837462,0.9998821769416818
1946.956664,0.9997483416712709
1947.075866,0.9998293745581767
1947.195068,0.9999533230894009
1947.31427,0.9999710044203799
1947.433472,1.0000411728475784
1947.552674,1.0000755918569204
1947.671876,0.9999550500102811
1947.791078,0.9999341131706325
1947.91028,0.9995886346339433
1948.029482,0.9998804371482075
1948.148684,0.9998651890878077
1948.267886,0.9998241554624634
1948.387088,0.999743782829227
1948.50629,0.9999037526320751
1948.625492,1.0000462920714448
1948.744694,0.9997581392530274
1948.863896,1.0000151611149286
1948.983098,0.9999089291472019
1949.1023,0.999967517527567
1949.221502,0.9996886984643814
1949.340704,1.0000988698873052
1949.459906,0.9997527105810701
1949.579108,0.9995914934615264
1949.69831,0.9996629668084507
1949.817512,0.9998056888808514
1949.936714,0.9996874388574148
1950.055916,1.0001216373972284
1950.175118,0.9995818874334313
1950.29432,0.9997810139809393
1950.413522,0.9995887345928117
1950.532724,0.9998130974684548
1950.651926,0.9997836134149549
1950.771128,0.999499905089166
1950.89033,0.9996186227428017
1951.009532,0.9998308843016721
1951.128734,0.9997963207454363
1951.247936,0.9997527205785972
1951.367138,0.9998500112494375
1951.48634,0.999621601610736
1951.605542,0.9996629268219328
1951.724744,0.9996457727532909
1951.843946,0.9999526661202834
1951.963148,0.9998541606355942
1952.08235,0.9996647562067628
1952.201552,0.9997473619183761
1952.320754,0.9996776719588486
1952.439956,0.9996802911177802
1952.559158,0.9996684549732034
1952.67836,0.9996585383113169
1952.797562,0.9995635952522653
1952.916764,0.9998496413050018
1953.035966,0.9997129312121318
1953.155168,0.9996085866222107
1953.27437,0.9996704243219996
1953.393572,0.9998674487856886
1953.512774,0.9996205420123999
1953.631976,0.99971886952458
1953.751178,0.9996428337990393
1953.87038,0.999733775444048
1953.989582,0.9994277637896275
1954.108784,0.9997311861369227
1954.227986,0.9996652460426133
1954.347188,0.9996503311484077
1954.46639,0.9996881486357484
1954.585592,0.9995706621918653
1954.704794,0.9997564096729425
1954.823996,0.9998391729340593
1954.943198,0.9994944278446938
1955.0624,0.9994898201860021
1955.181602,0.9997496313474635
1955.300804,0.9999125778215414
1955.420006,0.999797600485546
1955.539208,0.9997084725024016
1955.65841,0.9997753052476479
1955.777612,0.9995742606527265
1955.896814,0.9997249978200334
1956.016016,0.9995452134467698
1956.135218,0.9999206941448756
1956.25442,0.9997032140496659
1956.373622,0.9995713019172938
1956.492824,0.9993683495751752
1956.612026,0.9997075427739545
1956.731228,0.9995846862666345
1956.85043,0.9998185464646845
1956.969632,0.9996279292355011
1957.088834,1.0000735487045733
1957.208036,0.9997429630396613
1957.327238,0.9998648191377563
1957.44644,0.9995343684400382
1957.565642,0.9997887223222728
1957.684844,0.9995148877050377
1957.804046,0.9999179483664195
1957.923248,0.9998813070445662
1958.04245,0.9996984854646466
1958.161652,0.9997861128771128
1958.280854,0.9997969506173169
1958.400056,0.999834443705956
1958.519258,0.9996304483010567
1958.63846,0.9999323102910518
1958.757662,0.9994319014291344
1958.876864,1.0000235882781991
1958.996066,0.9997141508626519
1959.115268,1.0001079058214144
1959.23447,0.9998477915848764
1959.353672,0.9999288065343751
1959.472874,0.999899715028874
1959.592076,1.0000063786203433
1959.711278,0.9998652590783734
1959.83048,1.0000581956933037
1959.949682,0.9997095121997536
1960.068884,0.9998610996475473
1960.188086,0.9998979852038632
1960.307288,1.0000091175415646
1960.42649,1.0000558125574628
1960.545692,0.9999398808072311
1960.664894,0.9997914817429544
1960.784096,0.9998468217329889
1960.903298,1.000080035202646
1961.0225,1.0001207372881598
1961.141702,0.9999390678564385
1961.260904,0.9997477518199233
1961.380106,1.0002760781025466
1961.499308,0.9998127475339319
1961.61851,0.9998531807789969
1961.737712,1.0001086459015385
1961.856914,1.0002738374866411
1961.976116,0.9998103779805282
1962.095318,0.9999918738330175
1962.21452,0.9999397768134889
1962.333722,0.9997447325862718
1962.452924,1.0002114923613568
1962.572126,0.9999539130620355
1962.691328,0.9998887861847149
1962.81053,0.9997707062918214
1962.929732,1.0000056553159913
1963.048934,1.0001460206599788
1963.168136,0.9999673595327117
1963.287338,0.999774725378139
1963.40654,0.9998513310523235
1963.525742,0.9998168167800953
1963.644944,1.0000366056699712
1963.764146,0.9999955450099235
1963.883348,0.9999377279389853
1964.00255,0.99987213817502
1964.121752,1.0001343790280528
1964.240954,0.9999473293871455
1964.360156,0.9999043295767068
1964.479358,0.9997166301568203
1964.59856,1.0003179905482789
1964.717762,1.0001555320938622
1964.836964,1.000089350991562
1964.956166,0.9998449820165295
1965.075368,0.9999995710100921
1965.19457,0.9999759932881657
1965.313772,1.0000073073266984
1965.432974,0.9998152470689251
1965.552176,1.000142640172142
1965.671378,0.9999396668201195
1965.79058,0.9997184596399276
1965.909782,1.0000094182443513
1966.028984,0.9998611296433808
1966.148186,0.9998372932381812
1966.267388,0.999678861575986
1966.38659,0.9996252202474836
1966.505792,0.9997518307990718
1966.624994,0.9998166968020845
1966.744196,1.000013373089419
1966.863398,0.9998551404931517
1966.9826,1.0001940288211573
1967.101802,1.0001238676709665
1967.221004,0.9999438555761572
1967.340206,0.9999607017721955
1967.459408,0.9994400068547225
1967.57861,0.9999007779228359
1967.697812,0.999854330610816
1967.817014,1.0000329425425936
1967.936216,0.9998044691186551
1968.055418,0.9999103910151249
1968.17462,0.9999781622384474
1968.293822,1.000052247364846
1968.413024,0.9999498642568384
1968.532226,0.999959380824981
1968.651428,0.9999604527820118
1968.77063,0.9997769848715716
1968.889832,0.999998398101283
1969.009034,0.9998762776542408
1969.128236,0.9999060184165457
1969.247438,0.9997024442784874
1969.36664,0.999769696523918
1969.485842,0.9997888622927037
1969.605044,0.9999740233373994
1969.724246,0.9999570549221662
1969.843448,0.9999810541794744
1969.96265,0.999857950090044
1970.081852,0.9999245528462797
1970.201054,1.000060319819167
1970.320256,0.9998334938636857
1970.439458,0.9998996150389075
1970.55866,0.9999790102202885
1970.677862,0.9998902160267015
1970.797064,0.9998181365391645
1970.916266,0.9998612996197872
1971.035468,0.9999118748832463
1971.15467,1.0000202662053568
1971.273872,0.9998925357746936
1971.393074,0.9999872060818429
1971.512276,0.9999198212144906
1971.631478,0.9997834634474242
1971.75068,0.9997676869888475
1971.869882,0.9998415125604614
1971.989084,0.9999758602913674
1972.108286,0.9997757051578501
1972.227488,0.9998790573141564
1972.34669,0.9997896221325278
1972.465892,0.999863919259824
1972.585094,1.0000511983105889
1972.704296,0.9998234155928621
1972.823498,0.9998560403631831
1972.9427,0.9997661373501338
1973.061902,0.999800329936721
1973.181104,0.9997390140627564
1973.300306,0.9999461274511778
1973.419508,0.9996495014389772
1973.53871,0.999680631009137
1973.657912,0.9999302384334513
1973.777114,0.9997482616914067
1973.896316,0.9998038292439996
1974.015518,0.9996879187075006
1974.13472,0.9999639006515971
1974.253922,0.9999640656456544
1974.373124,0.9997562797046177
1974.492326,1.0000857746784373
1974.611528,0.9998676787552283
1974.73073,0.9997220386384195
1974.849932,0.9998960554026141
1974.969134,0.9997759351062887
1975.088336,0.9998427423662781
1975.207538,0.9997129212150025
1975.32674,0.9999075972693953
1975.445942,0.9996354564621482
1975.565144,0.9998198862224343
1975.684346,0.9998171767142141
1975.803548,0.9999243758596494
1975.92275,0.999933777192827
1976.041952,0.9999603327867647
1976.161154,1.0000100510505114
1976.280356,0.999833603845376
1976.399558,0.9997007147947549
1976.51876,1.0000241792923144
1976.637962,0.9999781812380326
1976.757164,0.9998904060058605
1976.876366,0.9998926157660997
1976.995568,0.9998174466648883
1977.11477,0.9998524608849659
1977.233972,0.99976617734078
1977.353174,0.999901270874041
1977.472376,0.999800129976675
1977.591578,1.0000131490864486
1977.71078,0.9997635479591912
1977.829982,0.9998698984639389
1977.949184,0.9997605286778355
1978.068386,0.9997942411712519
1978.187588,0.999931421351623
1978.30679,0.999925417781392
1978.425992,0.9998716682352254
1978.545194,0.9998887561880517
1978.664396,0.9998963553714757
1978.783598,0.9998018096423043
1978.9028,0.9998178865846615
1979.022002,0.9996955063675987
1979.141204,0.9997043237208494
1979.260406,0.9997932513754432
1979.379608,0.9999835401354651
1979.49881,0.9997599688120962
1979.618012,0.9998324840323668
1979.737214,0.9999191882654441
1979.856416,0.9997238981231407
1979.975618,0.999815157085557
1980.09482,0.9998094281611203
1980.214022,0.9997497513174264
1980.333224,0.9999999703270004
1980.452426,0.9998097780944813
1980.571628,0.9998442921237299
1980.69083,0.9996865391391248
1980.810032,0.9998753777659958
1980.929234,0.9998084183541077
1981.048436,0.9999776682493573
1981.167638,0.9997925515204121
1981.28684,0.9999130257824765
1981.406042,0.99993703498238
1981.525244,0.999976136284743
1981.644446,0.9998289946230866
1981.763648,0.9999494662768716
1981.88285,0.9997582492264288
1982.002052,0.999976258281839
1982.121254,0.9997870626743712
1982.240456,0.9998945255628197
1982.359658,1.0000215092313203
1982.47886,0.999871248289213
1982.598062,0.9998930857157395
1982.717264,0.9999574369058342
1982.836466,1.000037662709222
1982.955668,0.9997627481486728
1983.07487,0.9997749753218517
1983.194072,0.9998476916001022
1983.313274,1.0001605528872355
1983.432476,1.0001937187610563
1983.551678,0.9999185843144368
1983.67088,0.9998551704888063
1983.790082,0.9998382430840609
1983.909284,1.0001068857118707
1984.028486,1.0001112461873982
1984.147688,1.0000797791821896
1984.26689,1.0001142165222103
1984.386092,1.0001615830531354
1984.505294,1.0001566222639862
1984.624496,1.000128978316988
1984.743698,1.000052056354885
1984.8629,1.0000472911181897
1984.982102,0.9999987432007897
1985.101304,1.0002854307276003
1985.220506,1.0002202042413952
1985.339708,1.00013172867546
1985.45891,1.0002765182241178
1985.578112,1.0002126125988555
1985.697314,1.000082940439368
1985.816516,0.9999986578009008
1985.935718,1.0000925212798297
1986.05492,0.99991428967334
1986.174122,1.000040185807428
1986.293324,1.000055960565734
1986.412526,1.0000104370544656
1986.531728,1.0001774257380847
1986.65093,1.0001618030887078
1986.770132,1.0001185870308862
1986.889334,1.0000310744828018
1987.008536,1.0001825266559634
1987.127738,1.000254012255651
1987.24694,1.0000538074475689
1987.366142,0.999936139039198
1987.485344,0.9999548630187042
1987.604546,1.0000835004859716
1987.723748,1.0001088459232876
1987.84295,1.0001932586720514
1987.962152,1.0002828299888615
1988.081354,1.000143920355541
1988.200556,1.0000893159884354
1988.319758,0.9999565649433294
1988.43896,1.0000512593137136
1988.558162,1.0002417592190507
1988.677364,1.0001312486123455
1988.796566,1.0000834334803792
1988.915768,1.0002719969844736
1989.03497,1.0001622331583757
1989.154172,1.0000451970213546
1989.273374,1.0002436696826353
1989.392576,1.000174595239975
1989.511778,1.000052095356916
1989.63098,1.0001875075773485
1989.750182,1.0001381295390064
1989.869384,1.0003224119635683
1989.988586,1.0003069671047622
1990.107788,1.0003071971753912
1990.22699,1.0001604628727898
1990.346192,1.0002908822980534
1990.465394,1.0001106961263642
1990.584596,1.0004152661991452
1990.703798,1.000017880159848
1990.823,1.0001106961263642
1990.942202,1.0001411299578957
1991.061404,1.0002774684872615
1991.180606,1.0001090959505303
1991.299808,1.0002099120284471
1991.41901,1.0001583925427744
1991.538212,1.000125277846614
1991.657414,1.0001427901935493
1991.776616,0.9999570379228965
1991.895818,0.9994364388602669
1992.01502,1.0000991179118557
1992.134222,1.000138179545914
1992.253424,1.0002741675770621
1992.372626,1.0000849866111574
1992.491828,1.0000530554073883
1992.61103,1.0002576631894586
1992.730232,1.0001672839904066
1992.849434,1.000265635274803
1992.968636,1.0002763381743607
1993.087838,1.0002815296220278
1993.20704,1.000394527805631
1993.326242,1.0003650966315578
1993.445444,1.0002207743670741
1993.564646,1.0003865847046145
1993.683848,1.0003214616577283
1993.80305,1.0004462095218647
1993.922252,1.0003251428474806
1994.041454,1.000290652231177
1994.160656,1.0002768683209604
1994.279858,1.0002868011195791
1994.39906,1.0002360078454704
1994.518262,1.0003202412662895
1994.637464,1.0001498112205802
1994.756666,1.0001379695169184
1994.875868,1.0001846670488606
1994.99507,1.0002504013451843
1995.114272,1.0005761859313786
1995.233474,1.0004412473209718
1995.352676,1.0003152896933505
1995.471878,1.0005202052598496
1995.59108,1.0003342258410144
1995.710282,1.0003433489307554
1995.829484,1.00047086082017
1995.948686,1.0005095797916912
1996.067888,1.000411544661277
1996.18709,1.0003982892961272
1996.306292,1.0003646064527805
1996.425494,1.00047422240791
1996.544696,1.0003259130981372
1996.663898,1.0004167067981657
1996.7831,1.0003179605387396
1996.902302,1.0003090077330565
1997.021504,1.0005053776602804
1997.140706,1.0003619955045648
1997.259908,1.0002682359688355
1997.37911,1.0004721114095279
1997.498312,1.0002259455218452
1997.617514,1.0003493410053617
1997.736716,1.0003831833960086
1997.855918,1.0003529722800601
1997.97512,1.0004312429585205
1998.094322,1.0003904261964753
1998.213524,1.0003207014137063
1998.332726,1.000431743174267
1998.451928,1.0003365466191105
1998.57113,1.0003313248759658
1998.690332,1.0003297643603162
1998.809534,1.0003508415304985
1998.928736,1.000275798025284
1999.047938,1.0005041570444644
1999.16714,1.0004043017079132
1999.286342,1.0003317450152105
1999.405544,1.0004559839290796
1999.524746,1.0004449989826836
1999.643948,1.0001697244015568
1999.76315,1.0003970888189004
1999.882352,1.0002697863858028
2000.001554,1.000229946433629
2000.120756,1.0003852041720802
2000.239958,1.000403491380757
2000.35916,1.0004793348442487
2000.478362,1.0004198981325505
2000.597564,1.0004053221208213
2000.716766,1.0003669673160376
2000.835968,1.0003679476761458
2000.95517,1.0004058523357826
2001.074372,1.000250341330162
2001.193574,1.0003469401698242
2001.312776,1.0004770637587364
2001.431978,1.000406372546961
2001.55118,1.0003832534228339
2001.670382,1.0003783015379855
2001.789584,1.0002486409060272
2001.908786,1.0003966986641117
2002.027988,1.0001819365484468
2002.14719,1.000285250676239
2002.266392,1.000441097254796
2002.385594,1.0004610062307249
2002.504796,1.000178185873217
2002.623998,1.0004215288183136
2002.7432,1.000363416019607
2002.862402,1.0002823998673371
2002.981604,1.0002873312717242
2003.100806,1.0003837236030735
2003.220008,1.0002692562429565
2003.33921,1.0003852541913416
2003.458412,1.0003195710519523
2003.577614,1.0004494309638459
2003.696816,1.0003794919888727
2003.816018,1.000218663903467
2003.93522,1.0002626444850247
2004.054422,1.000390216114508
2004.173624,1.0002507814404091
2004.292826,1.0003708687548178
2004.412028,1.0002362579045037
2004.53123,1.000207661558677
2004.650432,1.0004596356000852
2004.769634,1.0001983196627446
2004.888836,1.0003966086284128
2005.008038,1.0001978895775596
2005.12724,1.000332675324166
2005.246442,1.0003051965629974
2005.365644,1.0001361092620251
2005.484846,1.000089705023255
2005.604048,1.0001840469345593
2005.72325,1.000176175517084
2005.842452,1.0000509002953761
2005.961654,1.0003237323900236
2006.080856,1.0004596456046817
2006.200058,1.0003451995676627
2006.31926,1.0003213216127336
2006.438462,1.000280499332583
2006.557664,1.0003248927662263
2006.676866,1.0001903081062906
2006.796068,1.0002876513637216
2006.91527,1.000257463137946
2007.034472,1.000285180656274
2007.153674,1.0001414800073523
2007.272876,1.0002652351686288
2007.392078,1.0000328555397313
2007.51128,1.0001118562554445
2007.630482,1.0001387596262266
2007.749684,1.0002694262887446
2007.868886,1.0002700564586817
2007.988088,1.000246250314632
2008.10729,1.0002744376511237
2008.226492,1.0002644349567609
2008.345694,1.0002615842071836
2008.464896,1.0001657337323178
2008.584098,1.0001124163182409
2008.7033,1.0000229432631926
2008.822502,1.000048226162844
2008.941704,1.000240919016326
2009.060906,1.0004515519188877
2009.180108,1.0001454205725464
2009.29931,1.000072497627826
2009.418512,1.000248970988133
2009.537714,1.0000941734340394
2009.656916,0.9999636816595269
2009.776118,1.000044217977586
2009.89532,0.9999883700676282
2010.014522,0.9999838011312031
2010.133724,1.0000022475025256
2010.252926,1.0003764208285464
2010.372128,1.0002334872539067
2010.49133,0.999901805821364
2010.610532,1.0002709967129766
2010.729734,0.9998918758458377
2010.848936,1.0000258033329004
2010.968138,0.9999962041072045
2011.08734,0.9999786662275681
2011.206542,0.9999054454705614
2011.325744,0.99997075442766
2011.444946,1.0000572666396714
2011.564148,0.9999881760699032
2011.68335,0.9998244854044891
2011.802552,1.0000124150770664
2011.921754,0.9999561989592936
2012.040956,0.9999353770881503
2012.160158,0.999881447027959
2012.27936,0.999910274025616
2012.398562,0.9999542350472475
2012.517764,0.9999367410009349
2012.636966,0.9998242754413692
2012.756168,0.9998781574234097
2012.87537,0.9997644177538563
2012.994572,0.9997604087065792
2013.113774,0.9996629768050804
2013.232976,0.9997131711432641
2013.352178,0.9998034593166512
2013.47138,0.9996760224920507
2013.590582,0.9997146407227058
2013.709784,0.9998937556443314
2013.828986,0.9998893761192728
2013.948188,0.9997177298457184
2014.06739,0.9998618295464164
2014.186592,0.999676702271977
2014.305794,0.9995868353760203
2014.424996,0.9997775547446155
2014.544198,0.999696066197239
2014.6634,0.9995921931758168
2014.782602,0.999792611507967
2014.901804,0.9996591680963943
2015.021006,0.9993830803732137
2015.140208,0.9996707042297576
2015.25941,0.9995524701713613
2015.378612,0.9996069772536819
2015.497814,0.9996373457749463
2015.617016,0.9995139381663454
2015.736218,0.99951266878445
2015.85542,0.9995472725120303
2015.974622,0.9994170499814258
2016.093824,0.9995546591936679
2016.213026,0.9992656597598659
2016.332228,0.9995861356654804
2016.45143,0.999518076162615
2016.570632,0.9992642308109941
2016.689834,0.9992878237179967
2016.809036,0.9988994060982211
2016.928238,0.9992231519028483
2017.04744,0.9993060409010722
2017.166642,0.9990962286475633
2017.285844,0.999254977667059
2017.405046,0.9993051215399376
2017.524248,0.9990866473606729
2017.64345,0.9992292271980807
2017.762652,0.9991619413674605
2017.881854,0.9993503810937869
2018.001056,0.9991624509401805
2018.120258,0.9990553164946822
2018.23946,0.9991381615962364
2018.358662,0.9989936067537073
2018.477864,0.9990305302397547
2018.597066,0.9989505510571132
2018.716268,0.9988954105085879
2018.83547,0.9990510505375886
2018.954672,0.9989909094746103
2019.073874,0.9988849221618415
2019.193076,0.9987451879358681
2019.312278,0.9989955048433633
2019.43148,0.9989737269787373
2019.550682,0.9987610681106033
2019.669884,0.9988197969880203
2019.789086,0.9987084347892141
2019.908288,0.998878229655283
2020.02749,0.9986985476246512
2020.146692,0.9989205829901047
2020.265894,0.9987544763093067
2020.385096,0.998525088752268
2020.504298,0.9988182987594485
2020.6235,0.9987629657584355
2020.742702,0.9988481638730626
2020.861904,0.9987495824243628
2020.981106,0.9987042402225965
2021.100308,0.9987208188505865
2021.21951,0.998465877970122
2021.338712,0.9984925373649651
2021.457914,0.9984232443873662
2021.577116,0.9984707704649107
2021.696318,0.9984859473359657
2021.81552,0.9984594878089516
2021.934722,0.9985717209627664
2022.053924,0.9980820416373064
2022.173126,0.9981258584007052
2022.292328,0.9981851488376027
2022.41153,0.9981864464791397
2022.530732,0.9980450134804382
2022.649934,0.9980570898981634
2022.769136,0.9981741688613555
2022.888338,0.9982353588133596
2023.00754,0.9982197864632267
2023.126742,0.9981678803839004
2023.245944,0.9982441433231689
2023.365146,0.9981615919460626
2023.484348,0.9979252552644572
2023.60355,0.9980674697458736
2023.722752,0.9979622789782132
2023.841954,0.997721799047975
2023.961156,0.9980117791348442
2024.080358,0.9979276502879438
2024.19956,0.9979831366078052
2024.318762,0.9979167729358374
2024.437964,0.9979588859122328
2024.557166,0.9979242573397009
2024.676368,0.9978113984884841
2024.79557,0.9978657806916034
2024.914772,0.9977729834891358
2025.033974,0.9977442480410037
2025.153176,0.9976618377697066
2025.272378,0.9977699901746753
2025.39158,0.9976753062954289
2025.510782,0.9975515024721038
2025.629984,0.997404075255178
2025.749186,0.997565867317166
2025.868388,0.997503621149146
2025.98759,0.9976162456655081
2026.106792,0.9975504051660545
2026.225994,0.997580531643198
2026.345196,0.9973434349308871
2026.464398,0.9975487093318072
2026.5836,0.9974690083740273
2026.702802,0.9974056711029752
2026.822004,0.9975043194019252
2026.941206,0.9973566996867821
2027.060408,0.9973384482261792
2027.17961,0.9974609289077813
2027.298812,0.9974212307528093
2027.418014,0.997405571362413
2027.537216,0.9971076908089225
2027.656418,0.9973168062166693
2027.77562,0.997262055026942
2027.894822,0.9973419389168567
2028.014024,0.9973014476561148
2028.133226,0.9973469256390181
2028.252428,0.9973712612008964
2028.37163,0.9973639804172645
2028.490832,0.9972562709237968
2028.610034,0.9973053371393452
2028.729236,0.9974542459419455
2028.848438,0.9974053718813187
2028.96764,0.9971207530052293
2029.086842,0.997349219539585
2029.206044,0.9973250839805136
2029.325246,0.9971050983322967
2029.444448,0.99711586712551
2029.56365,0.9971126763598405
2029.682852,0.997228647307681
2029.802054,0.9973508152996129
2029.921256,0.9971988306168882
2030.040458,0.9972142873185519
2030.15966,0.9971956395857359
2030.278862,0.9971025058624112
2030.398064,0.9973107226027065
2030.517266,0.997176294177979
2030.636468,0.9971197558849748
2030.75567,0.9970927343057344
2030.874872,0.9971561514202791
2030.994074,0.9972173786876343
2031.113276,0.9971697128361559
2031.232478,0.9971699122701184
2031.35168,0.9970585346114759
2031.470882,0.9971424904745824
2031.590084,0.9972509854795673
2031.709286,0.9972730249698818
2031.828488,0.9970849570127384
2031.94769,0.9970705990927347
2032.066892,0.9970317140976324
2032.186094,0.9971462796232455
2032.305296,0.9974718012911608
2032.424498,0.9972932698177732
2032.5437,0.9972205697883518
2032.662902,0.99724849235522
2032.782104,0.9973178035339743
2032.901306,0.9972564703750708
2033.020508,0.9971073916766602
2033.13971,0.9970867517672762
2033.258912,0.997234730420983
2033.378114,0.9973041403736587
2033.497316,0.9973194989756814
2033.616518,0.9974665147046234
2033.73572,0.9973120191074886
2033.854922,0.9974243227634173
2033.974124,0.9972052127098269
2034.093326,0.9973060352533255
2034.212528,0.9972905771295798
2034.33173,0.9975091074341496
2034.450932,0.9974669136913091
2034.570134,0.9974579365294831
2034.689336,0.9973366530185881
2034.808538,0.9976082647674663
2034.92774,0.9972712298800525
2035.046942,0.9974236245666357
2035.166144,0.9973999859068526
2035.285346,0.9974994316427351
2035.404548,0.9975125987221354
2035.52375,0.9977176086252189
2035.642952,0.9975625753552355
2035.762154,0.997462923831634
2035.881356,0.9976039750611507
2036.000558,0.9975350430081039
2036.11976,0.997559782183935
2036.238962,0.9976021793756118
2036.358164,0.9977839590523196
2036.477366,0.9975258657279238
2036.596568,0.9976515619056984
2036.71577,0.9974958406512451
2036.834972,0.9979708614907171
2036.954174,0.9977629060328937
2037.073376,0.9978953179558612
2037.192578,0.9977310779038527
2037.31178,0.9979005070250061
2037.430982,0.9978327518808923
2037.550184,0.9979159746027384
2037.669386,0.9978644834669316
2037.788588,0.9979132802332443
2037.90779,0.9979168727275197
2038.026992,0.9980238551504315
2038.146194,0.997988425932446
2038.265396,0.9981392333768199
2038.384598,0.9979464115041241
2038.5038,0.9981798584703334
2038.623002,0.9981607934171084
2038.742204,0.9981816551956957
2038.861406,0.9983122258953329
2038.980608,0.9983252040386272
2039.09981,0.9983278995203171
2039.219012,0.9982851720005931
2039.338214,0.9983341890058959
2039.457416,0.9983105287659914
2039.576618,0.9982999467304714
2039.69582,0.998325703201354
2039.815022,0.9983733244731551
2039.934224,0.9983810119773504
2040.053426,0.9983575502992447
2040.172628,0.9983451707423744
2040.29183,0.9986609972652117
2040.411032,0.9984722681721897
2040.530234,0.9986010794029296
2040.649436,0.9985823058791086
2040.768638,0.9985552446653003
2040.88784,0.9988636461395899
2041.007042,0.9988422706862806
2041.126244,0.9984799564382544
2041.245446,0.9986438204437799
2041.364648,0.9986712835264577
2041.48385,0.9988029170760868
2041.603052,0.9988394739318383
2041.722254,0.9987425912017552
2041.841456,0.9989005048881722
2041.960658,0.9989011042286549
2042.07986,0.9988881185987067
2042.199062,0.9990844293907777
2042.318264,0.9990016386945939
2042.437466,0.9991685558414063
2042.556668,0.9989761245185591
2042.67587,0.9989422598019481
2042.795072,0.9991194579049184
2042.914274,0.9989535479132616
2043.033476,0.9990647076587956
2043.152678,0.9991034321573404
2043.27188,0.9990006197134421
2043.391082,0.9992050461433745
2043.510284,0.9992267391204026
2043.629486,0.9990905937607241
2043.748688,0.999198051732532
2043.86789,0.9991692053011786
2043.987092,0.9990723805052142
2044.106294,0.9991326663514596
2044.225496,0.9990953294613621
2044.344698,0.9993839998060705
2044.4639,0.9994707001286258
2044.583102,0.9993007545860982
2044.702304,0.9994534494132157
2044.821506,0.9993709579299714
2044.940708,0.9995233936129246
2045.05991,0.9993705182068467
2045.179112,0.9994814045171461
2045.298314,0.9996267396789731
2045.417516,0.9995408054620981
2045.536718,0.9995435442076572
2045.65592,0.9994922989238297
2045.775122,0.9997835334322691
2045.894324,0.9996634766366937
2046.013526,0.9995169467078271
2046.132728,0.9996965260575353
2046.25193,0.9995860457027322
2046.371132,0.9996488316740356
2046.490334,0.9997285168582192
2046.609536,0.9996520905345389
2046.728738,0.9995870053057968
2046.84794,0.9996234908973484
2046.967142,0.9996972058514041
2047.086344,0.9997388740993043
2047.205546,0.9996228611347475
2047.324748,0.9996269795894194
2047.44395,0.9994874513979352
2047.563152,0.9996028288933341
2047.682354,0.999813387414295
2047.801556,0.9997629980893911
2047.920758,0.9996833001599851
2048.03996,0.9998757977137427
2048.159162,0.9997790444142818
2048.278364,0.9997192894065934
2048.397566,0.9996059576550851
2048.516768,0.9998226857220351
2048.63597,0.9999526971188165
2048.755172,0.9997576893619659
2048.874374,0.9999291335111482
2048.993576,0.9999127248087011
2049.112778,0.999685079597843
2049.23198,0.9997413134651331
2049.351182,0.9997262574743242
2049.470384,0.9997181897159798
2049.589586,0.9998285946915687
2049.708788,0.9998989451063898
2049.82799,0.9998206660822497
2049.947192,0.9997412034935946
2050.066394,0.9997305563064738
2050.185596,0.9996720837762813
2050.304798,0.9997491514677556
2050.424,0.99975495002965
2050.543202,0.9999503132344282
2050.662404,0.999713281111719
2050.781606,0.9997493814100868
2050.900808,0.9998473216565248
2051.02001,0.9998132574385632
2051.139212,0.9999134527454298
2051.258414,0.9998820769534691
2051.377616,0.999736004852853
2051.496818,0.9997129712006498
2051.61602,0.9998348236431168
2051.735222,0.9998814370291447
2051.854424,0.9996868190513949
2051.973626,0.9999214940817509
2052.092828,0.9997179897723619
2052.21203,0.9996611374268953
2052.331232,0.9999177013867167
2052.450434,0.9997948510459251
2052.569636,0.9997955908943886
2052.688838,0.9997585091636073
2052.80804,0.9997316560106906
2052.927242,0.9997346052234259
2053.046444,0.9997744354435107
2053.165646,0.9997334055426195
2053.284848,0.9996623570142269
2053.40405,0.9995718716730984
2053.523252,0.999734995119998
2053.642454,0.9996544497162564
2053.761656,0.9997312061315466
2053.880858,0.9997578293280522
2054.00006,0.9997311961342347
2054.119262,0.9997212488583208
2054.238464,0.9997896921178038
2054.357666,0.9996816206934516
2054.476868,0.9997925315245613
2054.59607,0.9997240580789771
2054.715272,0.9998680587050184
2054.834474,0.9995425046829117
2054.953676,0.9997794243303909
2055.072878,0.9996630967646448
2055.19208,0.999688058663819
2055.311282,0.9998447220568679
2055.430484,0.9997734456673096
2055.549686,0.999677482020109
2055.668888,0.9998841367126692
2055.78809,0.9996024390483068
2055.907292,0.9996407245548852
2056.026494,0.9997654775047008
2056.145696,0.9998066486947734
2056.264898,0.9996063275093579
2056.3841,0.9997473119310093
2056.503302,0.9996917175288095
2056.622504,0.9996282091313605
2056.741706,0.9998052989567088
2056.860908,0.9996549595401557
2056.98011,0.9996400048138226
2057.099312,0.9997061531814357
2057.218514,0.9997101820053511
2057.337716,0.9997568995537033
2057.456918,0.9998261451145124
2057.57612,0.9996401747526379
2057.695322,0.9999244048574568
2057.814524,0.9996984754676618
2057.933726,0.9997920716201026
2058.052928,0.9997135710286126
2058.17213,0.9998943155849913
2058.291332,0.9997202891263827
2058.410534,0.9998907459686565
2058.529736,0.9998263350814981
2058.648938,0.9999874230790902
2058.76814,0.9997574194274262
2058.887342,0.999737564442237
2059.006544,0.9997463121841972
2059.125746,0.9997015645407236
2059.244948,0.9998082383886087
2059.36415,0.999746692087868
2059.483352,0.9997052134580934
2059.602554,0.9999792532152175
2059.721756,0.9997953009537093
2059.840958,0.999885656537712
2059.96016,0.9997814038956108
2060.079362,0.9996811608400118
2060.198564,0.999902889715509
2060.317766,0.9997905319414978
2060.436968,0.9996978556547991
2060.55617,0.9998021395769559
2060.675372,0.9996493714845505
2060.794574,0.999764577716176
2060.913776,0.9999364940165903
2061.032978,0.9999434725977339
2061.15218,0.9997672570888346
2061.271382,0.9996105358608552
2061.390584,0.9997928814520086
2061.509786,0.9997206490257515
2061.628988,0.999780704048873
2061.74819,0.9996330973252547
2061.867392,0.9999026067430312
2061.986594,0.9997963307433996
2062.105796,0.9998035093068254
2062.224998,0.9999614927414235
2062.3442,0.9997710262184987
2062.463402,0.9998148471429064
2062.582604,0.9997699664617725
2062.701806,0.9997323758177421
2062.821008,0.9998158669545705
2062.94021,0.9998771875420674
2063.059412,0.99981236760516
2063.178614,0.9999142856736828
2063.297816,0.9997760750749294
2063.417018,0.999797900424871
2063.53622,0.9998012897454984
2063.655422,0.9997209389447818
2063.774624,0.9999028967148292
2063.893826,0.9998708083459605
2064.013028,0.9996289288639302
2064.13223,0.9998321940809884
2064.251432,0.9997607386275685
2064.370634,0.9999583018693912
2064.489836,1.0000311144840455
2064.609038,0.9996524704024055
2064.72824,0.9997128612322291
2064.847442,0.9994817043616124
2064.966644,0.9998702084236555
2065.085846,0.9997467420752039
2065.205048,0.9998745078747956
2065.32425,0.9998549705177923
2065.443452,0.9997283469043858
2065.562654,0.999893835635835
2065.681856,0.9998702484184647
2065.801058,0.9998205361055716
2065.92026,0.9996928471810885
2066.039462,0.9998752577809576
2066.158664,0.9995990504017822
2066.277866,0.9998479915544547
2066.397068,0.9998143872281824
2066.51627,0.999837433215412
2066.635472,0.9997932113837139
2066.754674,0.999731466061694
2066.873876,0.999752590610752
2066.993078,0.9996953464163305
2067.11228,0.999831604180168
2067.231482,0.9995352080492603
2067.350684,0.9997662573220774
2067.469886,0.9998550005134419
2067.589088,0.9997534903884884
2067.70829,0.999532289410714
2067.827492,0.999807768478847
2067.946694,0.9997402237476953
2068.065896,0.9998963253745855
2068.185098,0.9997834734452589
2068.3043,0.9996868590388684
2068.423502,0.9996303983195356
2068.542704,0.9996711140948303
2068.661906,0.9997506910826344
2068.781108,0.9996589281782228
2068.90031,0.9996835400840058
2069.019512,0.999734585228734
2069.138714,0.9995635952522653
2069.257916,0.9997244879604145
2069.377118,0.999637925564775
2069.49632,0.9998231256441136
2069.615522,0.9997453124383849
2069.734724,0.9997487615656626
2069.853926,0.9995243131748698
2069.973128,0.9996439833889591
2070.09233,0.9999048035314714
2070.211532,0.9997237981507558
2070.330734,0.9996956163341105
2070.449936,0.9998420024829225
2070.569138,0.9996291087971535
2070.68834,0.9997424431734556
2070.807542,0.999656309075262
2070.926744,0.9995592371644906
2071.045946,0.9996615472880457
2071.165148,0.999708322546142
2071.28435,0.9996873988699181
2071.403552,0.9996226911988756
2071.522754,0.9997341853349799
2071.641956,0.9996122851808236
2071.761158,0.9995254226474731
2071.88036,0.9995574179683344
2071.999562,0.9996152440375669
2072.118764,0.9996824704231903
2072.237966,0.99964988130586
2072.357168,0.9996568189001096
2072.47637,0.9994953173951304
2072.595572,0.9995624057722947
2072.714774,0.9995233436367562
2072.833976,0.9995379567748619
2072.953178,0.9996416842104414
2073.07238,0.999677741936288
2073.191582,0.9996576386190372
2073.310784,0.9995571680790112
2073.429986,0.9994017490235196
2073.549188,0.9995187558351379
2073.66839,0.9995380267425213
2073.787592,0.9994191687478176
2073.906794,0.9995725213950261
2074.025996,0.999602718937029
2074.145198,0.9994313917189946
2074.2644,0.9995274117050433
2074.383602,0.9993986608768863
2074.502804,0.9995434542487422
2074.622006,0.9994825839058993
2074.741208,0.9994969765587344
2074.86041,0.9994035679363581
2074.979612,0.9995738008486723
2075.098814,0.9993963022988298
2075.218016,0.9995720915789342
2075.337218,0.9996024390483068
2075.45642,0.9998442721268442
2075.575622,0.9993356907511591
2075.694824,0.9995213845729226
2075.814026,0.9993483823950234
2075.933228,0.9993088689411697
2076.05243,0.9994944578295271
2076.171632,0.9993205909029516
2076.290834,0.9994421156753618
2076.410036,0.9994928586396739
2076.529238,0.999236471636239
2076.64844,0.9993086091208976
2076.767642,0.9993006846350478
2076.886844,0.999217566261041
2077.006046,0.9992611630745145
2077.125248,0.9993193817257681
2077.24445,0.9993581360828335
2077.363652,0.9993430758692018
2077.482854,0.9992894025940056
2077.602056,0.9992797395122035
2077.721258,0.9991281402907325
2077.84046,0.9991560463293968
2077.959662,0.9993453643674659
2078.078864,0.999278480420525
2078.198066,0.9992616227347553
2078.317268,0.9992889029494292
2078.43647,0.9991667273646221
2078.555672,0.9991508407399561
2078.674874,0.9991311576622725
2078.794076,0.9992849757517576
2078.913278,0.9991886892906503
2079.03248,0.9990543474114952
2079.151682,0.9991121543683755
2079.270884,0.9991967727598442
2079.390086,0.9990775257412228
2079.509288,0.9991649488494303
2079.62849,0.9990027775571112
2079.747692,0.9990128375657332
2079.866894,0.9991503411646605
2079.986096,0.9991666873979539
2080.105298,0.9991699646700632
2080.2245,0.999041279866093
2080.343702,0.9989952051447568
2080.462904,0.998884322831068
2080.582106,0.9990179125638385
2080.701308,0.9990052550870717
2080.82051,0.9986964503599033
2080.939712,0.9989625385356505
2081.058914,0.9987879351446954
2081.178116,0.9988855214929746
2081.297318,0.9990008994336549
2081.41652,0.9988644452308264
2081.535722,0.9989075971069342
2081.654924,0.9989731275946809
2081.774126,0.998997502836371
2081.893328,0.9987355001545309
2082.01253,0.999000499833375
2082.131732,0.9988427701075409
2082.250934,0.9986129628264807
2082.370136,0.9987852384209112
2082.489338,0.9988794283098777
2082.60854,0.9989139901360133
2082.727742,0.9989086959058954
2082.846944,0.9987374976275287
2082.966146,0.998762566253329
2083.085348,0.9987695576157626
2083.20455,0.9987183220516603
2083.323752,0.9986722821982406
2083.442954,0.998656703032156
2083.562156,0.9986014788434413
2083.681358,0.9986112651858869
2083.80056,0.9987759497613862
2083.919762,0.9987951264437172
2084.038964,0.9985826054538453
2084.158166,0.9985593387501963
2084.277368,0.9986161583930747
2084.39657,0.998658101152519
2084.515772,0.9986404250605625
2084.634974,0.998513505928419
2084.754176,0.9985195968793825
2084.873378,0.9985751161123894
2084.99258,0.9984724678666633
2085.111782,0.9984541959876895
2085.230984,0.9984014789978821
2085.350186,0.9984209480165449
2085.469388,0.9986521092218879
2085.58859,0.9985547453878028
2085.707792,0.9985117086057259
2085.826994,0.9983731247985101
2085.946196,0.9984702712296503
2086.065398,0.9983861037334955
2086.1846,0.9984776599369956
2086.303802,0.9985388684935728
2086.423004,0.9984371225669163
2086.542206,0.9983820103588615
2086.661408,0.9986339339188958
2086.78061,0.9984397185068097
2086.899812,0.9983490642961327
2087.019014,0.9982468385859945
2087.138216,0.9981560022567988
2087.257418,0.998152109455981
2087.37662,0.9982341609316477
2087.495822,0.9983073341774107
2087.615024,0.9984287357303115
2087.734226,0.9982141964480746
2087.853428,0.9982622117056814
2087.97263,0.9982880670317896
2088.091832,0.9982826762907827
2088.211034,0.9981607934171084
2088.330236,0.9982320646421109
2088.449438,0.9983486649565869
2088.56864,0.9983891987352143
2088.687842,0.9982432449038442
2088.807044,0.9982762873020992
2088.926246,0.9982635094474002
2089.045448,0.9982195868192894
2089.16465,0.9982698983543051
2089.283852,0.9981716734290527
2089.403054,0.9983798139208548
2089.522256,0.9982628106631881
2089.641458,0.998243644201222
2089.76066,0.9983332905055301
2089.879862,0.9981514107497489
2089.999064,0.9981436251991087
2090.118266,0.9980508021583036
2090.237468,0.9981310486686635
2090.35667,0.9982854714861895
2090.475872,0.9982840738875078
2090.595074,0.9981366382181868
2090.714276,0.9981250599003378
2090.833478,0.9982642082321014
2090.95268,0.9982043141764471
2091.071882,0.9982294692421169
2091.191084,0.9981635882712427
2091.310286,0.9981406307727247
2091.429488,0.9981408304008709
2091.54869,0.9980552933970185
2091.667892,0.9981411298431649
2091.787094,0.9980891280449588
2091.906296,0.9980043938750042
2092.025498,0.9982614130962315
2092.1447,0.9982126991279029
2092.263902,0.9980570898981634
2092.383104,0.9980656732260449
2092.502306,0.9980714620237371
2092.621508,0.9979846335836329
2092.74071,0.9981615919460626
2092.859912,0.9980593854321101
2092.979114,0.9980430173924073
2093.098316,0.9979536965395185
2093.217518,0.9980087851039978
2093.33672,0.9981327454928886
2093.455922,0.9980201624689989
2093.575124,0.9980083859005636
2093.694326,0.9979945136804118
2093.813528,0.9979039996828928
2093.93273,0.9980950167881859
2094.051932,0.9979499043226768
2094.171134,0.9981024027186381
2094.290336,0.9981114854918294
2094.409538,0.9979005070250061
2094.52874,0.998015272182184
2094.647942,0.99791188315563
2094.767144,0.9980104817203747
2094.886346,0.9980113799302124
2095.005548,0.997952698586321
2095.12475,0.9980997078457888
2095.243952,0.9978306564343136
2095.363154,0.9981141803964784
2095.482356,0.9980208610833572
2095.601558,0.997965272869541
2095.72076,0.9980912240343284
2095.839962,0.9979049975873915
2095.959164,0.9979390267280027
2096.078366,0.9981635882712427
2096.197568,0.9981795590164207
2096.31677,0.998025352187337
2096.435972,0.9979698635203547
2096.555174,0.9979536965395185
2096.674376,0.9979532973581197
2096.793578,0.9979587861163493
2096.91278,0.9980941185030751
2097.031982,0.9980018988671382
2097.151184,0.9981009055661569
2097.270386,0.9979614806087094
2097.389588,0.9979517006341213
2097.50879,0.9979547942891884
2097.627992,0.9976661277248324
2097.747194,0.9979488065783859
2097.866396,0.9979926174926372
2097.985598,0.9979476090405365
2098.1048,0.9978270642504163
2098.224002,0.9978081057163022
2098.343204,0.9978723666274895
2098.462406,0.9977401572979728
2098.581608,0.9979446152022001
2098.70081,0.9979891245245887
2098.820012,0.997998605466306
2098.939214,0.9978483181932385
2099.058416,0.9979177708531093
2099.177618,0.9979321409724742
2099.29682,0.9978143919271697
2099.416022,0.9978478192692042
2099.535224,0.9980155715868105
2099.654426,0.9980411211124758
2099.773628,0.9979050973778962
2099.89283,0.9979671690053608
2100.012032,0.9979095879609382
2100.131234,0.9979136793986363
2100.250436,0.997876757275562
2100.369638,0.9978123963003815
2100.48884,0.9980240547552225
2100.608042,0.9979363322962681
2100.727244,0.9979553930622447
2100.846446,0.9978731649257021
2100.965648,0.9980421191540959
2101.08485,0.997899509124998
2101.204052,0.9978244699034219
2101.323254,0.9980564910640892
2101.442456,0.998000102465337
2101.561658,0.9979583869329146
2101.68086,0.9979039996828928
2101.800062,0.9978492162571291
2101.919264,0.9980366299375358
2102.038466,0.9978296586041561
2102.157668,0.99791936752282
2102.27687,0.9978078063739154
2102.396072,0.9977794690346065
2102.515274,0.997939924873531
2102.634476,0.9979783463002463
2102.753678,0.9979470102721507
2102.87288,0.9979634765336665
2102.992082,0.9980557924247899
2103.111284,0.9978950185873107
2103.230486,0.9979098873338595
2103.349688,0.9980106813224909
2103.46889,0.9977637042435379
2103.588092,0.9979835358011397
2103.707294,0.997862188381259
2103.826496,0.9978745619491108
2103.945698,0.9978770566386341
2104.0649,0.997915176270278
2104.184102,0.9979849329790679
2104.303304,0.9980370291522677
2104.422506,0.9979621791819903
2104.541708,0.9978740630119547
2104.66091,0.997989723318243
2104.780112,0.9980330370121354
2104.899314,0.9979788452895442
2105.018516,0.9980561916471868
2105.137718,0.9979568899964569
2105.25692,0.9978993095451162
2105.376122,0.9978472205606922
2105.495324,0.9978479190539911
2105.614526,0.9977952340747607
2105.733728,0.9978516110981218
2105.85293,0.9978054116380538
2105.972132,0.997913978772785
2106.091334,0.9979842343898593
2106.210536,0.9979549938801673
2106.329738,0.9979460123256394
2106.44894,0.9977345699687364
2106.568142,0.9980678689729413
2106.687344,0.997870969607154
2106.806546,0.9977837594955478
2106.925748,0.9978425306897768
2107.04495,0.9978448257302367
2107.164152,0.9977844579444239
2107.283354,0.9977931387069693
2107.402556,0.997649167544823
2107.521758,0.9977651011137016
2107.64096,0.997828361426443
2107.760162,0.9978631862439463
2107.879364,0.9978330512307627
2107.998566,0.9976992507901128
2108.117768,0.9978411337112117
2108.23697,0.9979442160244338
2108.356172,0.9979653726660732
2108.475374,0.9978961162724348
2108.594576,0.9979032013600124
2108.713778,0.9978936215352626
2108.83298,0.9976124547309774
2108.952182,0.9977624071515655
2109.071384,0.9977993250436069
2109.190586,0.9976184404236628
2109.309788,0.9976511628451534
2109.42899,0.9977385609149982
2109.548192,0.9976751067603875
2109.667394,0.9976009822537147
2109.786596,0.9977026429733321
2109.905798,0.9977053367741048
2110.025,0.9975659670737577
2110.144202,0.9974815765627122
2110.263404,0.997437887826449
2110.382606,0.997679696076434
2110.501808,0.9975403299578423
2110.62101,0.9977312774500883
2110.740212,0.997610559269114
2110.859414,0.9976327064693629
2110.978616,0.9975191823270128
2111.097818,0.997557188531873
2111.21702,0.9974810778220486
2111.336222,0.9974829730378969
2111.455424,0.997413550638901
2111.574626,0.9975326489268735
2111.693828,0.9974585350044246
2111.81303,0.9973608885937175
2111.932232,0.9972794075376659
2112.051434,0.9973359548831753
2112.170636,0.9972437055739449
2112.289838,0.9970554437348095
2112.40904,0.9972382207486475
2112.528242,0.9969531510939844
2112.647444,0.9971645275671308
2112.766646,0.9972166806357134
2112.885848,0.9970520537520637
2113.00505,0.9971236446596059
2113.124252,0.9971555531267677
2113.243454,0.9971553536956771
2113.362656,0.9971230463855986
2113.481858,0.9969880450649137
2113.60106,0.9968541585611415
2113.720262,0.997135709928701
2113.839464,0.997003498499376
2113.958666,0.9968251505271962
2114.077868,0.996876388656742
2114.19707,0.9969006130473115
2114.316272,0.9968653233902403
2114.435474,0.9968926378743078
2114.554676,0.9968180730937524
2114.673878,0.996730157616835
2114.79308,0.9966927809367415
2114.912282,0.9966542096724781
2115.031484,0.9965468757941295
2115.150686,0.9965610268602381
2115.269888,0.9965882333476382
2115.38909,0.9965150864558343
2115.508292,0.9965557451007924
2115.627494,0.9964513115311204
2115.746696,0.9965655113949491
2115.865898,0.9964520090472826
2115.9851,0.9964567920284052
2116.104302,0.9963119177434601
2116.223504,0.996432777709091
2116.342706,0.9962542329534135
2116.461908,0.996295777621128
2116.58111,0.996253635201053
2116.700312,0.9962266370933651
2116.819514,0.9961760300656302
2116.938716,0.996175830830444
2117.057918,0.9960877727792219
2117.17712,0.9960411569622744
2117.296322,0.9961293105054023
2117.415524,0.9959347854470508
2117.534726,0.9959741256480399
2117.653928,0.9957873980057443
2117.77313,0.9957939702242595
2117.892332,0.9957797304722997
2118.011534,0.9958129900707298
2118.130736,0.9958017374475194
2118.249938,0.9956183276600415
2118.36914,0.9956458071050996
2118.488342,0.9956091680135616
2118.607544,0.9954914939645756
2118.726746,0.9957317350459901
2118.845948,0.9954839282579713
2118.96515,0.9953999129599217
2119.084352,0.9957052489341047
2119.203554,0.9955703400131599
2119.322756,0.9955982163729475
2119.441958,0.9953867737677895
2119.56116,0.9952839556247078
2119.680362,0.9953490493239464
2119.799564,0.995068599479086
2119.918766,0.995367463451689
2120.037968,0.9951459193131021
2120.15717,0.9950718832108825
2120.276372,0.9951003426737106
2120.395574,0.9951123834607036
2120.514776,0.9951930903476223
2120.633978,0.9950178522745773
2120.75318,0.9949682021225303
2120.872382,0.9949639237684597
2120.991584,0.9949250214395858
2121.110786,0.9948903986512797
2121.229988,0.9946953197722135
2121.34919,0.9947105387270307
2121.468392,0.9947895218793953
2121.587594,0.9947529142985737
2121.706796,0.9947528148232873
2121.825998,0.9946768186113271
2121.9452,0.9946784100955101
2122.064402,0.9946500621647822
2122.183604,0.9945044560543086
2122.302806,0.9944991851946593
2122.422008,0.9944148552393954
2122.54121,0.9944686545383219
2122.660412,0.9942988137969389
2122.779614,0.9942600368993553
2122.898816,0.9941802010238455
2123.018018,0.9943611582870433
2123.13722,0.994443494799634
2123.256422,0.9942818114325936
2123.375624,0.9941809963683245
2123.494826,0.9942048569985638
2123.614028,0.9940383416310679
2123.73323,0.9941856690299882
2123.852432,0.9940883430171762
2123.971634,0.9941495807452086
2124.090836,0.9940146838000663
2124.210038,0.9938614185528786
2124.32924,0.9938503867523593
2124.448442,0.9937949314479959
2124.567644,0.9940384410349069
2124.686846,0.9937572673338334
2124.806048,0.9937441498244803
2124.92525,0.9937786333447649
2125.044452,0.9936342477992038
2125.163654,0.9937997016751153
2125.282856,0.9936352414339484
2125.402058,0.9938236525365325
2125.52126,0.9935875480870091
2125.640462,0.9936122887249761
2125.759664,0.9937160272629765
2125.878866,0.9936923771029657
2125.998068,0.9935226689384463
2126.11727,0.9936756832112594
2126.236472,0.9935661861843665
2126.355674,0.9935622119275703
2126.474876,0.9935018051814688
2126.594078,0.9932983568455883
2126.71328,0.9935106473868827
2126.832482,0.9934583901012087
2126.951684,0.9934072283115459
2127.070886,0.9931441095883797
2127.190088,0.9933932213683759
2127.30929,0.9935157143041049
2127.428492,0.9931381507415987
2127.547694,0.9933865656560894
2127.666896,0.9932811729326562
2127.786098,0.9931883054846078
2127.9053,0.9932561425624823
2128.024502,0.9934624632889583
2128.143704,0.9931977408183277
2128.262906,0.9931389452524372
2128.382108,0.9931495718960038
2128.50131,0.9932264446478056
2128.620512,0.993305409288958
2128.739714,0.9932939863424333
2128.858916,0.9931722159643844
2128.978118,0.9930637674797962
2129.09732,0.993195655105262
2129.216522,0.9929196843806165
2129.335724,0.9932303182384933
2129.454926,0.9932527654973385
2129.574128,0.9931415274170516
2129.69333,0.9930814441721794
2129.812532,0.9930628737228075
2129.931734,0.99286964248959
2130.050936,0.9931895966302442
2130.170138,0.9932206839511327
2130.28934,0.9932653798875616
2130.408542,0.9929530470425012
2130.527744,0.9931221613460868
2130.646946,0.9931227572195623
2130.766148,0.9929956456419528
2130.88535,0.9930991211792105
2131.004552,0.9931243462172451
2131.123754,0.9930476799770721
2131.242956,0.9931304042942342
2131.362158,0.993141030846412
2131.48136,0.9930179882953336
2131.600562,0.9931296097902286
2131.719764,0.9932604135730779
2131.838966,0.9930689314248133
2131.958168,0.9929790627531381
2132.07737,0.9931371576039446
2132.196572,0.9930357634764115
2132.315774,0.9931522534034679
2132.434976,0.9930836289537598
2132.554178,0.9931174936828975
2132.67338,0.9930920702004812
2132.792582,0.9931643699348701
2132.911784,0.993019577125386
2133.030986,0.992942323207502
2133.150188,0.9930101434842131
2133.26939,0.9931748975329876
2133.388592,0.9932715381520075
2133.507794,0.9932286297483875
2133.626996,0.9932766038497696
2133.746198,0.9932355823731299
2133.8654,0.9931809559183407
2133.984602,0.9933979896672824
2134.103804,0.9932093612998749
2134.223006,0.9933201103178029
2134.342208,0.9931923775650081
2134.46141,0.9934490516362326
2134.580612,0.9935019045316543
2134.699814,0.9931826443274009
2134.819016,0.9933662014402274
2134.938218,0.9933915326013351
2135.05742,0.9934434883371207
2135.176622,0.9936164619053525
2135.295824,0.99349395654821
2135.415026,0.9935587344659141
2135.534228,0.9936178529693729
2135.65343,0.993823255007151
2135.772632,0.993763031142699
2135.891834,0.9938449205902641
2136.011036,0.9936286834629963
2136.130238,0.9937971177992501
2136.24944,0.9939072366203722
2136.368642,0.994009415536203
2136.487844,0.9940819808721397
2136.607046,0.9940583220025366
2136.726248,0.9941429199653313
2136.84545,0.9941943184829338
2136.964652,0.9943858187495573
2137.083854,0.9944230094746408
2137.203056,0.9946147527143219
2137.322258,0.9945039588022049
2137.44146,0.9946907441842664
2137.560662,0.9945936671050726
2137.679864,0.994929498612256
2137.799066,0.9948703020682031
2137.918268,0.9947376946954152
2138.03747,0.9950117826841907
2138.156672,0.9950330761641796
2138.275874,0.9950829285700877
2138.395076,0.9951504969948597
2138.514278,0.9949546706469957
2138.63348,0.9950800428337792
2138.752682,0.9953028661995146
2138.871884,0.9951299971057711
2138.991086,0.9951463173715495
2139.110288,0.9952300126961795
2139.22949,0.9951470139742155
2139.348692,0.9951810485840819
2139.467894,0.9951243248809535
2139.587096,0.9952677326284489
2139.706298,0.9952739033075203
2139.8255,0.995279377329042
2139.944702,0.995267234994707
2140.063904,0.9951217375610724
2140.183106,0.9950948696368768
2140.302308,0.9952568842692869
2140.42151,0.9953249621684085
2140.540712,0.995460534660533
2140.659914,0.995575118762261
2140.779116,0.9953934428815152
2140.898318,0.995601800532978
2141.01752,0.9956068781151085
2141.136722,0.9955667559663872
2141.255924,0.9956822484085114
2141.375126,0.9954609328448265
2141.494328,0.9957518490301885
2141.61353,0.9956605427720884
2141.732732,0.9958118946770431
2141.851934,0.9956737851453689
2141.971136,0.9957217777784261
2142.090338,0.9956414262731862
2142.20954,0.9957529443578249
2142.328742,0.995599809331368
2142.447944,0.9957686773786363
2142.567146,0.995713513321968
2142.686348,0.9958493379082113
2142.80555,0.9959238302246648
2142.924752,0.9959490274163126
2143.043954,0.9959803007067616
2143.163156,0.9960620740461992
2143.282358,0.9961507275158102
2143.40156,0.9960952434655327
2143.520762,0.9961888808193051
2143.639964,0.9960619744399968
2143.759166,0.996301755413727
2143.878368,0.996175731212866
2143.99757,0.996223548795577
2144.116772,0.9961832025588676
2144.235974,0.9963805659994979
2144.355176,0.9963442984069696
2144.474378,0.9963473870790821
2144.59358,0.996305142845454
2144.712782,0.9963371247538463
2144.831984,0.9961452487018756
2144.951186,0.99641613742065
2145.070388,0.9963098254906296
2145.18959,0.9964213187980363
2145.308792,0.9965382058740242
2145.427994,0.9965943125544032
2145.547196,0.9964773192497507
2145.666398,0.9964104578648536
2145.7856,0.99659540880875
2145.904802,0.9964590838816625
2146.024004,0.9966552063271861
2146.143206,0.9963985010111004
2146.262408,0.9965388037971271
2146.38161,0.9965873364186318
2146.500812,0.9965835493939488
2146.620014,0.9965950101706661
2146.739216,0.9967261707041785
2146.858418,0.9965741815526133
2146.97762,0.9964320802063907
2147.096822,0.996530133947248
2147.216024,0.9965076126207127
2147.335226,0.9964426424424208
2147.454428,0.9964604789253565
2147.57363,0.9965775699105909
2147.692832,0.9964519094020867
2147.812034,0.996465959473062
2147.931236,0.9964473257338459
2148.050438,0.9965239554795708
2148.16964,0.9964614753863337
2148.288842,0.9965924190270082
2148.408044,0.9964866861805761
2148.527246,0.9963667164058854
2148.646448,0.9965223610425176
2148.76565,0.9964110557113076
2148.884852,0.996419824167179
2149.004054,0.9964388559675738
2149.123256,0.9963136114751598
2149.242458,0.9962314189926997
2149.36166,0.9964060736684842
2149.480862,0.9961564055911396
2149.600064,0.9962797373882325
2149.719266,0.9962073104840742
2149.838468,0.9961955553071662
2149.95767,0.996029602951867
2150.076872,0.9960579902000676
2150.196074,0.9959801015107214
2150.315276,0.995880110128181
2150.434478,0.9960674527959217
2150.55368,0.9958482424745422
2150.672882,0.9959211412339533
2150.792084,0.9960159574397786
2150.911286,0.9957417919873015
2151.030488,0.9956132500195185
2151.14969,0.9956485949172624
2151.268892,0.9955203636365089
2151.388094,0.9954953763889728
2151.507296,0.9957640968532556
2151.626498,0.9956467031867292
2151.7457,0.9954190248217238
2151.864902,0.9955058291453018
2151.984104,0.9954918921612529
2152.103306,0.9955146891866083
2152.222508,0.9954411233693679
2152.34171,0.9952683297892676
2152.460912,0.9952905245204923
2152.580114,0.9952413583829945
2152.699316,0.9951090995952565
2152.818518,0.9951479096069311
2152.93772,0.995129499540897
2153.056922,0.9949245239771994
2153.176124,0.9948969649495796
2153.295326,0.9947910140647972
2153.414528,0.9949534767021073
2153.53373,0.9947444589347375
2153.652932,0.9944273849455085
2153.772134,0.9946426023172904
2153.891336,0.9944715385016017
2154.010538,0.9943709030741439
2154.12974,0.9945595531273489
2154.248942,0.994398447529648
2154.368144,0.9943674227820737
2154.487346,0.9942919531587929
2154.606548,0.9943400780539389
2154.72575,0.994066373907555
2154.844952,0.9939540507536813
2154.964154,0.9940140873914349
2155.083356,0.9938229568602192
2155.202558,0.9938545609327494
2155.32176,0.9936065257904141
2155.440962,0.9935938077082799
2155.560164,0.9936357382516934
2155.679366,0.9934167650667141
2155.798568,0.993423917693172
2155.91777,0.9931951585075586
2156.036972,0.9932041966246243
2156.156174,0.9930396363234412
2156.275376,0.9931542397099611
2156.394578,0.9929248475763995
2156.51378,0.9929874038122976
2156.632982,0.9930492688546312
2156.752184,0.9925837372048901
2156.871386,0.9927484205069946
2156.990588,0.9924177910775123
2157.10979,0.9924150123115876
2157.228992,0.9924722763098484
2157.348194,0.9922139693964283
2157.467396,0.9920363789907217
2157.586598,0.9921700152911745
2157.7058,0.9921894620140516
2157.825002,0.9917432755488963
2157.944204,0.9919301375838607
2158.063406,0.9919487860457423
2158.182608,0.9916376605141508
2158.30181,0.9916713767677814
2158.421012,0.991505880626036
2158.540214,0.9915068721324124
2158.659416,0.9912127356807511
2158.778618,0.991005494765513
2158.89782,0.990960206849239
2159.017022,0.9909144255452388
2159.136224,0.9908843022045793
2159.255426,0.9909247311088533
2159.374628,0.9907399408787261
2159.49383,0.9905611284577039
2159.613032,0.9906930799877913
2159.732234,0.9904804010154226
2159.851436,0.9904764391017424
2159.970638,0.9904079005036194
2160.08984,0.9901946886357221
2160.209042,0.9899429141408859
2160.328244,0.9901202287948618
2160.447446,0.9899963725016123
2160.566648,0.98980235222721
2160.68585,0.9897716688298861
2160.805052,0.9896034219475751
2160.924254,0.9895212882721482
2161.043456,0.9895272254176892
2161.162658,0.9893609988072453
2161.28186,0.9892492073307175
2161.401062,0.98924327185328
2161.520264,0.9891631463933848
2161.639466,0.9890009369389151
2161.758668,0.989061267836142
2161.87787,0.9887863470194477
2161.997072,0.9886637451138924
2162.116274,0.9885688379499783
2162.235476,0.9887873358062891
2162.354678,0.9884769053229824
2162.47388,0.9884017839328268
2162.593082,0.988298007193888
2162.712284,0.9881893003920804
2162.831486,0.9881448328740894
2162.950688,0.9881527380643731
2163.06989,0.987957103190728
2163.189092,0.9878415189714633
2163.308294,0.9879659948446691
2163.427496,0.9875866887340828
2163.546698,0.987552123804867
2163.6659,0.9875916266798714
2163.785102,0.9873763551707022
2163.904304,0.9875205226425265
2164.023506,0.9873220509645472
2164.142708,0.9872795970291219
2164.26191,0.9871048640047766
2164.381112,0.9871127608752761
2164.500314,0.9870397172336194
2164.619516,0.9871285548058012
2164.738718,0.9870446524445435
2164.85792,0.9868482501013883
2164.977122,0.9868512106505795
2165.096324,0.9866972738690991
2165.215526,0.9867071408911728
2165.334728,0.9864782513866953
2165.45393,0.9865640787280011
2165.573132,0.9866242609723433
2165.692334,0.9865137652429907
2165.811536,0.9863145095879104
2165.930738,0.9864309015670335
2166.04994,0.9863036601879768
2166.169142,0.9865265900052997
2166.288344,0.9864170916310813
2166.407546,0.9863687583777658
2166.526748,0.9863154959029131
2166.64595,0.9864220237288697
2166.765152,0.9864831837902832
2166.884354,0.9862868931682736
2167.003556,0.9863362087458112
2167.122758,0.9862957697902569
2167.24196,0.986190241788738
2167.361162,0.9863825676370477
2167.480364,0.9863874995622156
2167.599566,0.9863825676370477
2167.718768,0.9862119382127172
2167.83797,0.9865650652925732
2167.957172,0.9863786221146682
2168.076374,0.9864595084779771
2168.195576,0.9868985806455615
2168.314778,0.9865838102068898
2168.43398,0.9865857833764834
2168.553182,0.9868541712086523
2168.672384,0.9870209636571514
2168.791586,0.9872489918359969
2168.910788,0.986782133483563
2169.02999,0.9871482975743243
2169.149192,0.9874316497948269
2169.268394,0.9875679247652552
2169.387596,0.9876903907806621
2169.506798,0.9877911403386619
2169.626,0.987936356309404
2169.745202,0.9881438447297506
2169.864404,0.988340504921892
2169.983606,0.9884136448253992
2170.102808,0.988468997539371
2170.22201,0.9885174337069268
2170.341212,0.9883839928608361
2170.460414,0.9885638951181457
2170.579616,0.9883642253786544
2170.698818,0.9887032924546386
2170.81802,0.98882293279112
2170.937222,0.9887487738521556
2171.056424,0.988854575631252
2171.175626,0.9889050085006365
2171.294828,0.9888367764090842
2171.41403,0.9889514881282987
2171.533232,0.988945554437171
2171.652434,0.9890503882220338
2171.771636,0.9890642350243963
2171.890838,0.9890118160090562
2172.01004,0.9890315964431801
2172.129242,0.9892877888021372
2172.248444,0.9891206132925581
2172.367646,0.9893718818380888
2172.486848,0.9892759174199
2172.60605,0.9894035422448714
2172.725252,0.9896073803691798
2172.844454,0.9896637895975086
2172.963656,0.9896875418134844
2173.082858,0.9901056741344756
2173.20206,0.9903852204223857
2173.321262,0.990250339140988
2173.440464,0.9901852818308625
2173.559666,0.9904348399648881
2173.678868,0.9907208197823864
2173.79807,0.9906038225623919
2173.917272,0.9906275973394295
2174.036474,0.990702095335839
2174.155676,0.9906438437652462
2174.274878,0.990961296906066
2174.39408,0.9910436492115299
2174.513282,0.9913237577242657
2174.632484,0.9913638080130881
2174.751686,0.9912614054209054
2174.870888,0.9914146662809427
2174.99009,0.9915134160993635
2175.109292,0.9914940817762599
2175.228494,0.9914987418093952
2175.347696,0.99173266395262
2175.466898,0.9918287675038989
2175.5861,0.991897007670538
2175.705302,0.991937973862901
2175.824504,0.9919835048608296
2175.943706,0.9921330080397938
2176.062908,0.9921955143882295
2176.18211,0.9921917440524385
2176.301312,0.9922288527175938
2176.420514,0.9921558273613998
2176.539716,0.9923521944295152
2176.658918,0.9923803776320366
2176.77812,0.9923915915936625
2176.897322,0.9926343602663646
2177.016524,0.9925831416548264
2177.135726,0.9928477995977278
2177.254928,0.9928447217743197
2177.37413,0.9927560646992626
2177.493332,0.9927359119557002
2177.612534,0.9926850851781848
2177.731736,0.9927535828122032
2177.850938,0.9928105685033303
2177.97014,0.9928931737789616
2178.089342,0.9928961524629509
2178.208544,0.9929267341354022
2178.327746,0.9927233042896773
2178.446948,0.992900918375921
2178.56615,0.9929249468688892
2178.685352,0.9929501674828402
2178.804554,0.9929260390869316
2178.923756,0.9931019018606428
2179.042958,0.9926669192073451
2179.16216,0.9929827367824672
2179.281362,0.99309048125444
2179.400564,0.9926596727652844
2179.519766,0.992805902304624
2179.638968,0.9926913391139213
2179.75817,0.9926989828666608
2179.877372,0.9927375003344301
2179.996574,0.9927434567773014
2180.115776,0.9925510817371215
2180.234978,0.9925776824625602
2180.35418,0.9927611277681033
2180.473382,0.9922809460998008
2180.592584,0.9925262682702477
2180.711786,0.9925564415274343
2180.830988,0.9922791599957053
2180.95019,0.9923166688568661
2181.069392,0.9921703129422238
2181.188594,0.9922164499344523
2181.307796,0.9921885690439376
2181.426998,0.9921127687328714
2181.5462,0.99204987077722
2181.665402,0.9919670380713237
2181.784604,0.9919358907953431
2181.903806,0.9919859848226917
2182.023008,0.9916395446274957
2182.14221,0.991577668250474
2182.261412,0.9916654267573708
2182.380614,0.9915613073539256
2182.499816,0.9913976140953318
2182.619018,0.9914991384089713
2182.73822,0.9913374380865165
2182.857422,0.9914810932888634
2182.976624,0.9912280004744192
2183.095826,0.9912560526237686
2183.215028,0.9912996688496339
2183.33423,0.9912118435896904
2183.453432,0.9909400905612209
2183.572634,0.9909941973672679
2183.691836,0.9907300335288541
2183.811038,0.990916011009588
2183.93024,0.9906872349158624
2184.049442,0.9904002743921461
2184.168644,0.9905319073354282
2184.287846,0.9905488455758651
2184.407048,0.9903338207632786
2184.52625,0.990585100327071
2184.645452,0.9902199389222222
2184.764654,0.9902085514584026
2184.883856,0.9898637218754875
2185.003058,0.9900132025830001
2185.12226,0.9899379644386895
2185.241462,0.9896479551035513
2185.360664,0.9896736862848879
2185.479866,0.98965092405187
2185.599068,0.9894391614135334
2185.71827,0.9897706790587121
2185.837472,0.9897459351010364
2185.956674,0.9893837543719058
2186.075876,0.9893847437561549
2186.195078,0.989340222444423
2186.31428,0.9891542439651282
2186.433482,0.9891562222755944
2186.552684,0.9889831350822673
2186.671886,0.988922808950993
2186.791088,0.9887715153354802
2186.91029,0.9887833806648562
2187.029492,0.9886953828599374
2187.148694,0.9886153017772533
2187.267896,0.9886073928864747
2187.387098,0.9885154566740364
2187.5063,0.988487778628744
2187.625502,0.988490744096528
2187.744704,0.9883335865625718
2187.863906,0.9884591128988188
2187.983108,0.9881033316626402
2188.10231,0.9879472236690938
2188.221512,0.987794103716528
2188.340714,0.9875471860565923
2188.459916,0.9874978099317029
2188.579118,0.9872904571644199
2188.69832,0.9870683418004733
2188.817522,0.9869479268082376
2188.936724,0.9871315161959077
2189.055926,0.9868176582798109
2189.175128,0.9868492369501319
2189.29433,0.9866390604472537
2189.413532,0.9863194411727872
2189.532734,0.9863884859502084
2189.651936,0.9857100840688816
2189.771138,0.9858451356012178
2189.89034,0.985416386226981
2190.009542,0.9852419829617631
2190.128744,0.9849838833747494
2190.247946,0.984635260789873
2190.367148,0.9842788873329544
2190.48635,0.9841302724416738
2190.605552,0.9840092318623118
2190.724754,0.984080083077619
2190.843956,0.9839925038475587
2190.963158,0.9841007489763548
2191.08236,0.9843369615004782
2191.201562,0.9849011482034719
2191.320764,0.9850400290562386
2191.439966,0.9858017593695354
2191.559168,0.9862425112566815
2191.67837,0.9869479268082376
2191.797572,0.9877358255836305
2191.916774,0.9884304480001879
2192.035976,0.9889326982285289
2192.155178,0.9892511858311106
2192.27438,0.9897845359452169
2192.393582,0.990268163807514
2192.512784,0.9904024532751465
2192.631986,0.9907514335286975
2192.751188,0.9909934045722272
2192.87039,0.9908872748619449
2192.989592,0.9909044173600822
2193.108794,0.9910244231512285
2193.227996,0.9908750870234195
2193.347198,0.9907350862649096
2193.4664,0.9906447353451068
2193.585602,0.9904954564319389
2193.704804,0.990781156517546
2193.824006,0.9904082966668588
2193.943208,0.9906661335024896
2194.06241,0.9903830415772976
2194.181612,0.9901789446653377
2194.300814,0.9901495367873904
2194.420016,0.9900033025004747
2194.539218,0.9900940899658557
2194.65842,0.9899112364744788
2194.777622,0.9900310229810296
2194.896824,0.9899706329305431
2195.016026,0.9898003726244852
2195.135228,0.9896776449875504
2195.25443,0.9896430068761464
2195.373632,0.9896588412909314
2195.492834,0.9897063460554185
2195.612036,0.9895499848056059
2195.731238,0.9895856092462949
2195.85044,0.9894559820222522
2195.969642,0.9894797292507863
2196.088844,0.9893728712104652
2196.208046,0.989492592570878
2196.327248,0.98965092405187
2196.44645,0.9897785972558173
2196.565652,0.9900033025004747
2196.684854,0.9896459758096203
2196.804056,0.9898577827109738
2196.923258,0.9897370274277051
2197.04246,0.9897528633468309
2197.161662,0.9899359845647405
2197.280864,0.9900161726270629
2197.400066,0.989742965867685
2197.519268,0.9901395363275711
2197.63847,0.990388785815597
2197.757672,0.9902517254924332
2197.876874,0.9903565987031014
2197.996076,0.990523884059473
2198.115278,0.9907307270401203
2198.23448,0.9905720246900461
2198.353682,0.99074806497955
2198.472884,0.9907933432007191
2198.592086,0.9908960937979354
2198.711288,0.9909020391923343
2198.83049,0.9911205571826993
2198.949692,0.9911464257668253
2199.068894,0.9913003627596451
2199.188096,0.9913088879794232
2199.307298,0.9911428576461152
2199.4265,0.9912148172296816
2199.545702,0.9915008239589393
2199.664904,0.9915266033154925
2199.784106,0.9916050361717933
2199.903308,0.9914277530409099
2200.02251,0.9918256928394854
2200.141712,0.9914807958445799
2200.260914,0.9916705834309972
2200.380116,0.9917599369758812
2200.499318,0.991740697019732
2200.61852,0.9920169352682426
2200.737722,0.9917428788516655
2200.856924,0.9918151795428619
2200.976126,0.9919429335651695
2201.095328,0.9918277756756274
2201.21453,0.9916492627426517
2201.333732,0.991621695276337
2201.452934,0.9915765775156388
2201.572136,0.9917100527056512
2201.691338,0.9915079627905716
2201.81054,0.9916846652532627
2201.929742,0.9917217549533163
2202.048944,0.9914637425215505
2202.168146,0.9914134765840569
2202.287348,0.9914998324586111
2202.40655,0.9911803235542355
2202.525752,0.9911108442488324
2202.644954,0.9910836881837398
2202.764156,0.9911700153324733
2202.883358,0.9909273075165035
2203.00256,0.9909018410119463
2203.121762,0.991063371176382
2203.240964,0.9907399408787261
2203.360166,0.9906292814077764
2203.479368,0.9904715857790815
2203.59857,0.9904014628731884
2203.717772,0.9903692753486951
2203.836974,0.9900783475949775
2203.956176,0.9899646931245649
2204.075378,0.9900240927881245
2204.19458,0.9898815395828402
2204.313782,0.9895539430134614
2204.432984,0.9895044665532325
2204.552186,0.989510403597843
2204.671388,0.9893174678809852
2204.79059,0.9890721475699267
2204.909792,0.9889781901789542
2205.028994,0.9889940139565869
2205.148196,0.988675609150018
2205.267398,0.9886617677883796
2205.3866,0.9887299878039204
2205.505802,0.9883049253041517
2205.625004,0.9884166100707815
2205.744206,0.9881319870747599
2205.863408,0.9877407642751052
2205.98261,0.9877654581028836
2206.101812,0.9875471860565923
2206.221014,0.9874207881064185
2206.340216,0.9871552076365925
2206.459418,0.9871265805506658
2206.57862,0.9869775356901729
2206.697822,0.9866568201101782
2206.817024,0.9864930486714455
2206.936226,0.9863095780276914
2207.055428,0.9864358337338717
2207.17463,0.9861133219497913
2207.293832,0.9860521848191011
2207.413034,0.9858579516712849
2207.532236,0.9856637567836302
2207.651438,0.9856006763217923
2207.77064,0.9852764670346346
2207.889842,0.9851769591366974
2208.009044,0.9850055532585515
2208.128246,0.984935620346918
2208.247448,0.9845210497239912
2208.36665,0.9845564931197586
2208.485852,0.9842897144602643
2208.605054,0.9840495770678892
2208.724256,0.9839826639717196
2208.843458,0.9838901739484055
2208.96266,0.9835793137719324
2209.081862,0.9834485064220824
2209.201064,0.9833108332685289
2209.320266,0.9832626522181441
2209.439468,0.9829873772158219
2209.55867,0.9825972086806458
2209.677872,0.9825922957068849
2209.797074,0.9823751668031613
2209.916276,0.9823565018523096
2210.035478,0.9818850838807849
2210.15468,0.9817299582927759
2210.273882,0.9815208720801317
2210.393084,0.9813579531380127
2210.512286,0.9812794476420234
2210.631488,0.9807683342064133
2210.75069,0.9809409646242647
2210.869892,0.9805574916809425
2210.989094,0.9804163015680726
2211.108296,0.9802653290828108
2211.227498,0.9800055931871301
2211.3467,0.9797302503029315
2211.465902,0.9798105914773995
2211.585104,0.979406992660776
2211.704306,0.9794402930646302
2211.823508,0.9793472506563734
2211.94271,0.9788948967283736
2212.061912,0.9785817004754935
2212.181114,0.9784045932163979
2212.300316,0.9783380639660794
2212.419518,0.978012331628223
2212.53872,0.9778715079920136
2212.657922,0.9777267937179512
2212.777124,0.9778040371857317
2212.896326,0.9773592375484035
2213.015528,0.977265415565126
2213.13473,0.977154013657781
2213.253932,0.9770875694439811
2213.373134,0.9767896031774662
2213.492336,0.9766850922813589
2213.611538,0.9765600845902098
2213.73074,0.9763569812160983
2213.849942,0.9761666101665416
2213.969144,0.9759616367013738
2214.088346,0.9760280043491439
2214.207548,0.9759967719527257
2214.32675,0.9758630695537917
2214.445952,0.975679624541087
2214.565154,0.9755166996483959
2214.684356,0.9754084233041832
2214.803558,0.9753967184733326
2214.92276,0.9754240299638091
2215.041962,0.9752279894365193
2215.161164,0.9749052423895987
2215.280366,0.9748681966942606
2215.399568,0.9747697399785424
2215.51877,0.974802882713125
2215.637972,0.974491970186724
2215.757174,0.9744179116112514
2215.876376,0.9743789356743108
2215.995578,0.974468582660091
2216.11478,0.9742210990718415
2216.233982,0.9741655700517866
2216.353184,0.9739892620399636
2216.472386,0.973950303248663
2216.591588,0.9737935098720455
2216.71079,0.9737263204379264
2216.829992,0.9735744309796239
2216.949194,0.9735491183734838
2217.068396,0.9734118576249032
2217.187598,0.9731305822442998
2217.3068,0.9732940819157048
2217.426002,0.9727268168397848
2217.545204,0.9727715633025201
2217.664406,0.9725643850248066
2217.783608,0.9721871032408163
2217.90281,0.9720092092787171
2218.022012,0.9722172415081574
2218.141214,0.9720335098127045
2218.260416,0.9716923859215054
2218.379618,0.9716797540025961
2218.49882,0.9714815515501171
2218.618022,0.9713358402460055
2218.737224,0.97112993887419
2218.856426,0.9712911598250118
2218.975628,0.970996903185717
2219.09483,0.970853206277879
2219.214032,0.9708813614291087
2219.333234,0.9707289450203656
2219.452436,0.970625082579988
2219.571638,0.9705066735430113
2219.69084,0.9704775587795287
2219.810042,0.9702747501639823
2219.929244,0.9701039968346872
2220.048446,0.9700554928474553
2220.167648,0.9700554928474553
2220.28685,0.9698062206186469
2220.406052,0.9699012662854292
2220.525254,0.9696937296216591
2220.644456,0.9695385910363374
2220.763658,0.9693689366280998
2220.88286,0.9695987042924733
2221.002062,0.9695744646278631
2221.121264,0.9695977346942538
2221.240466,0.9695822212546066
2221.359668,0.9695424691984579
2221.47887,0.9692506808315814
2221.598072,0.9692632811723342
2221.717274,0.9693165921188363
2221.836476,0.9693330706409694
2221.955678,0.9691828356585319
2222.07488,0.9692458345902928
2222.194082,0.969366028525652
2222.313284,0.9693321013083834
2222.432486,0.9693514881442773
2222.551688,0.9693059296949664
2222.67089,0.9694542448480297
2222.790092,0.9693922017617593
2222.909294,0.9693844466551657
2223.028496,0.969459092131372
2223.147698,0.9693408253365532
2223.2669,0.969269096769468
2223.386102,0.9693185307539591
2223.505304,0.9694891458290581
2223.624506,0.9693068990013808
2223.743708,0.9692438961005622
2223.86291,0.9694523059414789
2223.982112,0.9693602123469294
2224.101314,0.9693718447392718
2224.220516,0.9693224080358367
2224.339718,0.9694125592117487
2224.45892,0.9694571532151267
2224.578122,0.9695405301154586
2224.697324,0.969463939438951
2224.816526,0.9696840327328474
2224.935728,0.9694823594287897
2225.05493,0.9695637993674112
2225.174132,0.9695250175910772
2225.293334,0.9693728141116013
2225.412536,0.9696229445630827
2225.531738,0.9696694875814453
2225.65094,0.9697286392242945
2225.770142,0.9697751873161226
2225.889344,0.9696229445630827
2226.008546,0.9695948259054129
2226.127748,0.9692555270971012
2226.24695,0.969501749269876
2226.366152,0.9696345801082307
2226.485354,0.9696374890163344
2226.604556,0.9696908205448338
2226.723758,0.9695909475338661
2226.84296,0.9696801540044739
2226.962162,0.9695337433555015
2227.081364,0.9698372549142528
2227.200566,0.9700457923410294
2227.319768,0.9697974924019384
2227.43897,0.9702495233484281
2227.558172,0.9702689285329462
2227.677374,0.9704503857883066
2227.796576,0.9703679010111672
2227.915778,0.9704125389612787
2228.03498,0.9703504345461477
2228.154182,0.9704484448894758
2228.273384,0.9705920818881952
2228.392586,0.9705552000898421
2228.511788,0.9706794391065809
2228.63099,0.9709046628613991
2228.750192,0.9709415579395898
2228.869394,0.9708794196683276
2228.988596,0.9711085742505464
2229.107798,0.9714864089700184
2229.227,0.9717254240242713
2229.346202,0.9719644978834603
2229.465404,0.9722269637291835
2229.584606,0.972360167947495
2229.703808,0.9725410437596623
2229.82301,0.9727472443174262
2229.942212,0.9728698181922021
2230.061414,0.9730780346116575
2230.180616,0.9732016233697732
2230.299818,0.9732775360569524
2230.41902,0.9735277005284767
2230.538222,0.9738275932413465
2230.657424,0.9740788731741202
2230.776626,0.9744754039640441
2230.895828,0.9746751918994204
2231.01503,0.9748681966942606
2231.134232,0.9753157639053605
2231.253434,0.9756942598452197
2231.372636,0.9758006163158652
2231.491838,0.9760563095716938
2231.61104,0.9761041375026376
2231.730242,0.9765219994895751
2231.849444,0.9767505323747604
2231.968646,0.9765815691484001
2232.087848,0.9769156171640035
2232.20705,0.9769761878099383
2232.326252,0.9769361326073753
2232.445454,0.9775449534459892
2232.564656,0.9774540459925809
2232.683858,0.9777463484493722
2232.80306,0.9780886195652808
2232.922262,0.9780602554065957
2233.041464,0.9781590444811561
2233.160666,0.9783136058202083
2233.279868,0.9783087142644081
2233.39907,0.9788019061303077
2233.518272,0.9788068001520734
2233.637474,0.9788733612775363
2233.756676,0.9790113921524245
2233.875878,0.9790877580192425
2233.99508,0.9794598820663809
2234.114282,0.9794971022490784
2234.233484,0.9795382419913014
2234.352686,0.9797713998375784
2234.471888,0.9797674807598172
2234.59109,0.980049694431094
2234.710292,0.9802251390282202
2234.829494,0.9804663040745056
2234.948696,0.9807389115977284
2235.067898,0.9808919188021893
2235.1871,0.9811087198718804
2235.306302,0.9812814102028812
2235.425504,0.981440390668404
2235.544706,0.9816141209922324
2235.663908,0.9816563313069504
2235.78311,0.9819302516334938
2235.902312,0.9818094816400497
2236.021514,0.9821463000533079
2236.140716,0.9821571037220286
2236.259918,0.9821669253421738
2236.37912,0.9825539753546041
2236.498322,0.9825775569329904
2236.617524,0.9827966961613023
2236.736726,0.9828635286089187
2236.855928,0.9827799887594808
2236.97513,0.9831486003656221
2237.094332,0.9831761289118303
2237.213534,0.9832685518117562
2237.332736,0.9834170365733971
2237.451938,0.9836245594610088
2237.57114,0.9838862383955808
2237.690342,0.9838222878684997
2237.809544,0.9840554813830645
2237.928746,0.9842424696878538
2238.047948,0.9843763357664183
2238.16715,0.9843015260077069
2238.286352,0.9847356987087204
2238.405554,0.984832207536049
2238.524756,0.9847317597738033
2238.643958,0.9850055532585515
2238.76316,0.9849169067479111
2238.882362,0.9853809118756189
2239.001564,0.9855169038246865
2239.120766,0.985575051037338
2239.239968,0.9858352771991539
2239.35917,0.9860531708717789
2239.478372,0.9858964008811548
2239.597574,0.9862306764175557
2239.716776,0.9863460721572156
2239.835978,0.9864683866535051
2239.95518,0.9866272208495661
2240.074382,0.9867554907256378
2240.193584,0.9868166714626461
2240.312786,0.9869173318967301
2240.431988,0.9869982624360524
2240.55119,0.9872736733693107
2240.670392,0.9875047224405662
2240.789594,0.9876894030907652
2240.908796,0.9875244727325173
2241.027998,0.987683476972125
2241.1472,0.9877901525480154
2241.266402,0.9878632517239402
2241.385604,0.9878474460383584
2241.504806,0.9879561152341187
2241.624008,0.9879116582092238
2241.74321,0.9880361429205303
2241.862412,0.988266382163661
2241.981614,0.9881833712740654
2242.100816,0.9882881242632308
2242.220018,0.9883148084028202
2242.33922,0.9882367346169115
2242.458422,0.9882851594033053
2242.577624,0.9884156216546657
2242.696826,0.9885975068619761
2242.816028,0.9886103587131021
2242.93523,0.9887299878039204
2243.054432,0.988792279755328
2243.173634,0.9888832528297627
2243.292836,0.9887161456809863
2243.412038,0.9884680090708676
2243.53124,0.9888713863019281
2243.650442,0.9885905867036486
2243.769644,0.9887339427317815
2243.888846,0.9888694085611333
2244.008048,0.9887082359834597
2244.12725,0.9886607791271061
2244.246452,0.988728999074427
2244.365654,0.9885540095286225
2244.484856,0.9886676997767823
2244.604058,0.9886340856464333
2244.72326,0.988638040190685
2244.842462,0.9886845072705418
2244.961664,0.9887270216184063
2245.080866,0.988820955147232
2245.200068,0.9887270216184063
2245.31927,0.988755695117797
2245.438472,0.988710213401909
2245.557674,0.9888990750883857
2245.676876,0.9885826780105899
2245.796078,0.9886281538597148
2245.91528,0.9887912909635426
2246.034482,0.988468997539371
2246.153684,0.9886340856464333
2246.272886,0.9886143131624459
2246.392088,0.9886232107313033
2246.51129,0.9885895981135562
2246.630492,0.9886617677883796
2246.749694,0.9886340856464333
2246.868896,0.9888506202208603
2246.988098,0.9886064042795761
2247.1073,0.9885134796451001
2247.226502,0.9884946980674124
2247.345704,0.9884946980674124
2247.464906,0.9884087027695302
2247.584108,0.9884324248630607
2247.70331,0.9884403323540896
2247.822512,0.9885905867036486
2247.941714,0.988487778628744
2248.060916,0.9884739398967145
2248.180118,0.9884798707581465
2248.29932,0.9883632370149232
2248.418522,0.9884087027695302
2248.537724,0.9887349314662186
2248.656926,0.9884383554754017
2248.776128,0.9884067259541015
2248.89533,0.9882278405263234
2249.014532,0.9884966750587856
2249.133734,0.9879906943032821
2249.252936,0.9883148084028202
2249.372138,0.9881853476427843
2249.49134,0.9883167850344136
2249.610542,0.9881300108127621
2249.729744,0.9880134183505767
2249.848946,0.988130998943267
2249.968148,0.9880519516252864
2250.08735,0.9880074902878507
2250.206552,0.987874118279475
2250.325754,0.9879067186632816
2250.444956,0.9880262626085027
2250.564158,0.9878998033404547
2250.68336,0.9880430591977377
2250.802562,0.9878612759994124
2250.921764,0.9878375676132902
2251.040966,0.987803981706955
2251.160168,0.98802132248954
2251.27937,0.9876992800341807
2251.398572,0.9877229851013613
2251.517774,0.9877684214037028
2251.636976,0.9877002677339546
2251.756178,0.9876271806183989
2251.87538,0.9875985398454542
2251.994582,0.9875718750448548
2252.113784,0.9874671979740829
2252.232986,0.9874464613806604
2252.352188,0.987482997575647
2252.47139,0.9873111904817193
2252.590592,0.9874277000761271
2252.709794,0.9874355995293255
2252.828996,0.987349696369008
2252.948198,0.9874168384311655
2253.0674,0.9872963809249341
2253.186602,0.987562986937976
2253.305804,0.9873714183012686
2253.425006,0.9873348862346388
2253.544208,0.9873309369029926
2253.66341,0.9870841350202876
2253.782612,0.9871660664035996
2253.901814,0.9871492847231155
2254.021016,0.9872016050216814
2254.140218,0.9871788996458788
2254.25942,0.9874207881064185
2254.378622,0.9871512590236592
2254.497824,0.9870456394896895
2254.617026,0.9872470173399878
2254.736228,0.9872016050216814
2254.85543,0.9871710022462713
2254.974632,0.9870367561189093
2255.093834,0.9869331227003666
2255.213036,0.9870732771545208
2255.332238,0.987057484108431
2255.45144,0.9871690279062411
2255.570642,0.9870180025987021
2255.689844,0.9870258987743076
2255.809046,0.987016028564671
2255.928248,0.9871078253238106
2256.04745,0.9870643935350026
2256.166652,0.9870308339161392
2256.285854,0.9869321357677373
2256.405056,0.9869726008148316
2256.524258,0.9870229377010529
2256.64346,0.9868679872637613
2256.762662,0.9868393685071047
2256.881864,0.9867554907256378
2257.001066,0.9869716138427242
2257.120268,0.9869252272669667
2257.23947,0.9867998957218254
2257.358672,0.9867554907256378
2257.477874,0.986723915055148
2257.597076,0.9865048866590573
2257.716278,0.9868877248208816
2257.83548,0.9865394149343316
2257.954682,0.986660766745352
2258.073884,0.9866143947790647
2258.193086,0.986752530463606
2258.312288,0.9865009406474027
2258.43149,0.9864535897386825
2258.550692,0.9865729578446657
2258.669894,0.9866272208495661
2258.789096,0.98649206217889
2258.908298,0.986391445120105
2259.0275,0.9865838102068898
2259.146702,0.986445698141531
2259.265904,0.98631155064882
2259.385106,0.9864654272527843
2259.504308,0.9861774213989275
2259.62351,0.986353962957356
2259.742712,0.9863224001355493
2259.861914,0.9861941865575947
2259.981116,0.986164601175781
2260.100318,0.9861429057932052
2260.21952,0.9861261415063035
2260.338722,0.986291824615068
2260.457924,0.9859802056368814
2260.577126,0.9861162802941946
2260.696328,0.9860965581658107
2260.81553,0.9859013303754829
2260.934732,0.9860255617695237
2261.053934,0.9859940094563868
2261.173136,0.9859900654882369
2261.292338,0.9863312770770967
2261.41154,0.986041338304724
2261.530742,0.9860216176751648
2261.649944,0.9860216176751648
2261.769146,0.9860659896463221
2261.888348,0.986087683336724
2262.00755,0.9860640175163149
2262.126752,0.9860393662240194
2262.245954,0.9859999254381915
2262.365156,0.9860511987674092
2262.484358,0.9859762617239466
2262.60356,0.9860955720697455
2262.722762,0.9860679617802734
2262.841964,0.9859516126255186
2262.961166,0.9861675596740223
2263.080368,0.986164601175781
2263.19957,0.9862504012283314
2263.318772,0.9860857111633294
2263.437974,0.9861833384812072
2263.557176,0.9862612500424133
2263.676378,0.9862829480285912
2263.79558,0.9863154959029131
2263.914782,0.9863529766038862
2264.033984,0.9862661813609919
2264.153186,0.9862365938193663
2264.272388,0.9862326488808809
2264.39159,0.9864052546970035
2264.510792,0.9863638265463035
2264.629994,0.9865759175679788
2264.749196,0.9865137652429907
2264.868398,0.9866055152894694
2264.9876,0.9865611190402045
2265.106802,0.9865591459199395
2265.226004,0.9867426629876388
2265.345206,0.9865443476437381
2265.464408,0.9867623980382485
2265.58361,0.9866124215522484
2265.702812,0.9868235792035234
2265.822014,0.9869291749757712
2265.941216,0.9865798638795417
2266.060418,0.9868571317756067
2266.17962,0.986703194070503
2266.298822,0.9868502237998623
2266.418024,0.9869568093795503
2266.537226,0.9869341096339828
2266.656428,0.9871226320522406
2266.77563,0.9868946330591342
2266.894832,0.9870634064711027
2267.014034,0.9871364518658278
2267.133236,0.9871137479885305
2267.252438,0.9871423747023075
2267.37164,0.9871048640047766
2267.490842,0.9871463232797034
2267.610044,0.9873575951981743
2267.729246,0.9872825588723557
2267.848448,0.9871611305856072
2267.96765,0.9874968224343867
2268.086852,0.9875244727325173
2268.206054,0.9875303978971292
2268.325256,0.9876242177413014
2268.444458,0.9876518716065504
2268.56366,0.9877674336357753
2268.682862,0.9875669371978242
2268.802064,0.9878148476105161
2268.921266,0.987913634034516
2269.040468,0.9878563367053806
2269.15967,0.9882149936479014
2269.278872,0.9881072840838717
2269.398074,0.9881389040228787
2269.517276,0.9883533534319711
2269.636478,0.9884858016551638
2269.75568,0.9884353901647832
2269.874882,0.9886370515531391
2269.994084,0.9888338099032047
2270.113286,0.988915886515559
2270.232488,0.9892135950002794
2270.35169,0.9890840165069109
2270.470892,0.9893817756063759
2270.590094,0.9894668660979168
2270.709296,0.9892561320994054
2270.828498,0.9895242568404659
2270.9477,0.9897073357622594
2271.066902,0.9895262358909586
2271.186104,0.9900876543751866
2271.305306,0.990092109779656
2271.424508,0.9903097559438228
2271.54371,0.9904920887531121
2271.662912,0.9907111107659267
2271.782114,0.9907391482870904
2271.901316,0.9908598276645767
2272.020518,0.991126603036538
2272.13972,0.9913508212322667
2272.258922,0.9913841311794641
2272.378124,0.9914735580611883
2272.497326,0.9916529318517117
2272.616528,0.9915808413040893
2272.73573,0.9917286970298982
2272.854932,0.9915746935219313
2272.974134,0.9918756821141237
2273.093336,0.9917454573865025
2273.212538,0.9919673356614798
2273.33174,0.9919189288366356
2273.450942,0.9920590968839195
2273.570144,0.992101458711775
2273.689346,0.9921858901384176
2273.808548,0.9922003761581614
2273.92775,0.9923126995981292
2274.046952,0.9923840494462266
2274.166154,0.9922403626390427
2274.285356,0.9924365479510155
2274.404558,0.9925837372048901
2274.52376,0.9925376823879638
2274.642962,0.9928646781537883
2274.762164,0.9926951113481771
2274.881366,0.99273988290729
2275.000568,0.9928422396656179
2275.11977,0.993049368159563
2275.238972,0.9928257586212326
2275.358174,0.9926512351939256
2275.477376,0.9929595012582831
2275.596578,0.9932487924942226
2275.71578,0.9932321060546752
2275.834982,0.9931751954855016
2275.954184,0.9934379250691633
2276.073386,0.9936079168405239
2276.192588,0.9936539219520837
2276.31179,0.9936321611694744
2276.430992,0.9935458182863214
2276.550194,0.9938848739591292
2276.669396,0.9937461373147676
2276.788598,0.9938136149683316
2276.9078,0.9941348674402924
2277.027002,0.9942761440424205
2277.146204,0.9941490836705426
2277.265406,0.9944223133787777
2277.384608,0.9943781620082314
2277.50381,0.9945705927996586
2277.623012,0.9944453842440691
2277.742214,0.9945840195932921
2277.861416,0.9946755255323033
2277.980618,0.994822748404306
2278.09982,0.9948838323963173
2278.219022,0.9948051401974922
2278.338224,0.9949182559724427
2278.457426,0.9949942706309219
2278.576628,0.9949411393554879
2278.69583,0.9951649267816818
2278.815032,0.995234292194435
2278.934234,0.9952341926710108
2279.053436,0.9952856476088705
2279.172638,0.9953926465670795
2279.29184,0.9952600690964123
2279.411042,0.9953718430781634
2279.530244,0.9954883083968918
2279.649446,0.9956102631842487
2279.768648,0.9955583932407606
2279.88785,0.9953354131353788
2280.007052,0.9955160829081487
2280.126254,0.9955292238071729
2280.245456,0.9956178298510022
2280.364658,0.9956228079525967
2280.48386,0.9955310157613885
2280.603062,0.9954452046863403
2280.722264,0.9955683488744711
2280.841466,0.9956608414702961
2280.960668,0.9955327081655538
2281.07987,0.9952856476088705
2281.199072,0.995742090709884
2281.318274,0.995740099227694
2281.437476,0.9957199854808391
2281.556678,0.9954193234474761
2281.67588,0.9954865165195494
2281.795082,0.9956723912030454
2281.914284,0.9957320337655554
2282.033486,0.9957877963207833
2282.152688,0.995608769769974
2282.27189,0.9956220114546689
2282.391092,0.9957142103216713
2282.510294,0.9955816895797285
2282.629496,0.995497168282263
2282.748698,0.9956561618753382
2282.8679,0.9954906975716991
2282.987102,0.9954841273547768
2283.106304,0.9955173770798977
2283.225506,0.9954296758622724
2283.344708,0.9954466978552673
2283.46391,0.9954689961110388
2283.583112,0.9953118239656202
2283.702314,0.9952425526733412
2283.821516,0.9953070464803312
2283.940718,0.995186422576254
2284.05992,0.9952870410097526
2284.179122,0.9952650454091986
2284.298324,0.9952978896976248
2284.417526,0.9953702504844886
2284.536728,0.995258377155733
2284.65593,0.9950541710889996
2284.775132,0.995010290167636
2284.894334,0.9950381508458084
2285.013536,0.9948894037613786
2285.132738,0.995028797531151
2285.25194,0.9949221361612073
2285.371142,0.9949965591203761
2285.490344,0.994994370130354
2285.609546,0.9948896027392792
2285.728748,0.994932980871595
2285.84795,0.994882240583459
2285.967152,0.994869705146201
2286.086354,0.9948655267022142
2286.205556,0.9947620660674834
2286.324758,0.9948125017827676
2286.44396,0.9946712484367394
2286.563162,0.9946358387705908
2286.682364,0.9943704058888166
2286.801566,0.9944997818943495
2286.920768,0.9944866545838689
2287.03997,0.9947067588341654
2287.159172,0.9946112715687794
2287.278374,0.9944477709158553
2287.397576,0.9943448508977684
2287.516778,0.9944992846445828
2287.63598,0.994421915609932
2287.755182,0.9942522817013127
2287.874384,0.9945509004968757
2287.993586,0.9943424644729899
2288.112788,0.9942999075262356
2288.23199,0.9943648374301354
2288.351192,0.9942725646547449
2288.470394,0.9942539719316283
2288.589596,0.9942655053445963
2288.708798,0.9941759260581723
2288.828,0.9939249283266398
2288.947202,0.9941290020618774
2289.066404,0.9939822794495682
2289.185606,0.9940610059636295
2289.304808,0.9941014650699094
2289.42401,0.9939111128661537
2289.543212,0.9940216419272063
2289.662414,0.9940952022504074
2289.781616,0.9938988878346495
2289.900818,0.9938259383335619
2290.02002,0.9936154682893874
2290.139222,0.9936929733185708
2290.258424,0.9939375512533849
2290.377626,0.9936102021413608
2290.496828,0.9936434886406782
2290.61603,0.9937473298108478
2290.735232,0.993650444169443
2290.854434,0.9937441498244803
2290.973636,0.993561814502765
2291.092838,0.9933777245549981
2291.21204,0.9935101506316831
2291.331242,0.9934998181798455
2291.450444,0.9936578965757208
2291.569646,0.9936241127815649
2291.688848,0.9933759364767031
2291.80805,0.993100312898871
2291.927252,0.9932876292812634
2292.046454,0.9930887930020569
2292.165656,0.9933019327261096
2292.284858,0.9928580259827295
2292.40406,0.9930936591490647
2292.523262,0.9931991312961381
2292.642464,0.9929891911912331
2292.761666,0.9930912757271428
2292.880868,0.9927943858229529
2293.00007,0.9928970460698903
2293.119272,0.9928149368794421
2293.238474,0.9927720482005711
2293.357676,0.9926608639576064
2293.476878,0.9925247794819618
2293.59608,0.9927210210287032
2293.715282,0.9924910342131322
2293.834484,0.992608452847655
2293.953686,0.9925877075477796
2294.072888,0.9924017140395212
2294.19209,0.9924692988974856
2294.311292,0.9923722401463037
2294.430494,0.992320141971285
2294.549696,0.992345049519437
2294.668898,0.9921958120469285
2294.7881,0.9923822631565453
2294.907302,0.992158109322427
2295.026504,0.9919718987217188
2295.145706,0.99214173884868
2295.264908,0.9921386632140567
2295.38411,0.9920187209003332
2295.503312,0.9919588047790758
2295.622514,0.9921025500239798
2295.741716,0.9919264674491414
2295.860918,0.9919681292356657
2295.98012,0.9920669341817422
2296.099322,0.9917577551064198
2296.218524,0.9919877703990714
2296.337726,0.9920104871791197
2296.456928,0.9917932606695985
2296.57613,0.9917785822379612
2296.695332,0.9916615592697481
2296.814534,0.9918489018322421
2296.933736,0.9919294432330075
2297.052938,0.9917878058216656
2297.17214,0.9916842685794759
2297.291342,0.9916713767677814
2297.410544,0.9917819542908733
2297.529746,0.9917628130838687
2297.648948,0.9917666809663821
2297.76815,0.991768763678599
2297.887352,0.9918706235610443
2298.006554,0.9919570192548343
2298.125756,0.991829362601338
2298.244958,0.9916221910873086
2298.36416,0.9917848304627112
2298.483362,0.9917810616875161
2298.602564,0.9916376605141508
2298.721766,0.9914869430445705
2298.840968,0.9914870421932698
2298.96017,0.991505484023763
2299.079372,0.9915447484183603
2299.198574,0.991534039792904
2299.317776,0.9916287358153674
2299.436978,0.9914635442288218
2299.55618,0.9916420237294561
2299.675382,0.991547921366632
2299.794584,0.9915673558963485
2299.913786,0.9915364194774552
2300.032988,0.9915126228889479
2300.15219,0.9913856182567762
2300.271392,0.9914526381898185
2300.390594,0.9913162236923363
2300.509796,0.9914053470268801
2300.628998,0.9914484740974828
2300.7482,0.991221260146933
2300.867402,0.9914501595613214
2300.986604,0.9914521424636235
2301.105806,0.9914817873258716
2301.225008,0.9914913055967175
2301.34421,0.9911317569082738
2301.463412,0.9911521744327659
2301.582614,0.9912336504901244
2301.701816,0.9913861139497092
2301.821018,0.9913858165339197
2301.94022,0.9912336504901244
2302.059422,0.9912600176559092
2302.178624,0.9912400935297924
2302.297826,0.9911176829372512
2302.417028,0.9911257110229966
2302.53623,0.9911517779719754
2302.655432,0.9910142156522388
2302.774634,0.9910839855088909
2302.893836,0.9910077740807721
2303.013038,0.9910781381306261
2303.13224,0.9911580222478461
2303.251442,0.9912398952817936
2303.370644,0.9912928289055167
2303.489846,0.991283808181818
2303.609048,0.9911641674466342
2303.72825,0.9911031136143967
2303.847452,0.9912540701136459
2303.966654,0.9914099075019656
2304.085856,0.9911587160587045
2304.205058,0.9910707050724641
2304.32426,0.9912181873657894
2304.443462,0.9911570310903195
2304.562664,0.9910662452643259
2304.681866,0.9912654696009991
2304.801068,0.9911497956704018
2304.92027,0.991236227700966
2305.039472,0.9912740936480992
2305.158674,0.9913422956518642
2305.277876,0.991236822442881
2305.397078,0.9912063919395426
2305.51628,0.991262495809051
2305.635482,0.9913816527222342
2305.754684,0.9914014805535664
2305.873886,0.9914491681116575
2305.993088,0.9915837168926986
2306.11229,0.9915874849179821
2306.231492,0.991543657719737
2306.350694,0.9914876370856736
2306.469896,0.9916555101526863
2306.589098,0.9918191468115146
2306.7083,0.9917489285016778
2306.827502,0.9916680050908322
2306.946704,0.9917053916793569
2307.065906,0.9918300568821348
2307.185108,0.9919873736040427
2307.30431,0.9917549781885933
2307.423512,0.9917899877572386
2307.542714,0.9919523570677999
2307.661916,0.9920912401193761
2307.781118,0.9918975036191658
2307.90032,0.9917912770850607
2308.019522,0.9920056263396416
2308.138724,0.9919902503715974
2308.257926,0.9917950458990744
2308.377128,0.9920243754231577
2308.49633,0.9917767970381198
2308.615532,0.992069910387009
2308.734734,0.9919105967526282
2308.853936,0.9918544562016445
2308.973138,0.9920382638616324
2309.09234,0.9918609032765628
2309.211542,0.9917383168449153
2309.330744,0.9917215566089851
2309.449946,0.9917828468950338
2309.569148,0.9919091088878489
2309.68835,0.9918297593331624
2309.807552,0.9918217255446486
2309.926754,0.9916896236889851
2310.045956,0.9916564026430471
2310.165158,0.9918145844539327
2310.28436,0.9917215566089851
2310.403562,0.9917424821545933
2310.522764,0.9914675100909304
2310.641966,0.9916887311687254
2310.761168,0.9914064375733617
2310.88037,0.9915308668890533
2310.999572,0.9915381050908011
2311.118774,0.9913475497799545
2311.237976,0.9914898183608746
2311.357178,0.9914478792285768
2311.47638,0.9913632131949818
2311.595582,0.9912783561358662
2311.714784,0.9912982810310691
2311.833986,0.9912506007304719
2311.953188,0.991036811033942
2312.07239,0.9911408753623823
2312.191592,0.9908339665605636
2312.310794,0.9909056064460965
2312.429996,0.990825148177503
2312.549198,0.9906805973336243
2312.6684,0.9908374344855153
2312.787602,0.9906484007374086
2312.906804,0.9907415260638996
2313.026006,0.9905163561065604
2313.145208,0.9904167151731591
2313.26441,0.9902723229425362
2313.383612,0.9904126544729513
2313.502814,0.990393737771906
2313.622016,0.9903656109891554
2313.741218,0.9901655773398144
2313.86042,0.9900912186971581
2313.979622,0.9899676630230991
2314.098824,0.989903317216264
2314.218026,0.9899122263862102
2314.337228,0.9895212882721482
2314.45643,0.9896598309502674
2314.575632,0.9895272254176892
2314.694834,0.9896291519710346
2314.814036,0.989358030728701
2314.933238,0.9892017245083624
2315.05244,0.9892323902371386
2315.171642,0.9889979699405548
2315.290844,0.9890068709623387
2315.410046,0.9888684196922191
2315.529248,0.9888476536734495
2315.64845,0.9888605087765052
2315.767652,0.9885223763064518
2315.886854,0.9884215521661871
2316.006056,0.9882505700280438
2316.125258,0.9883602719296598
2316.24446,0.9881181533237774
2316.363662,0.9879185736150352
2316.482864,0.9877871891820028
2316.602066,0.9875708874734735
2316.721268,0.9876775508890415
2316.84047,0.9874247377974703
2316.959672,0.9872776224719024
2317.078874,0.9869281880470897
2317.198076,0.9869962884415016
2317.317278,0.9870081324680269
2317.43648,0.9867051674788645
2317.555682,0.9865492803778081
2317.674884,0.9864930486714455
2317.794086,0.986178407576842
2317.913288,0.9862898520333914
2318.03249,0.9859535845307157
2318.151692,0.9859200626787163
2318.270894,0.9856913557552038
2318.390096,0.9855375998969748
2318.509298,0.9853454388013106
2318.6285,0.9852075000958131
2318.747702,0.9852656290531061
2318.866904,0.9847878910838376
2318.986106,0.984635260789873
2319.105308,0.9845210497239912
2319.22451,0.9844521356625309
2319.343712,0.9843064475276407
2319.462914,0.9841519235458288
2319.582116,0.9840613857336659
2319.701318,0.9838321261405697
2319.82052,0.9835084986107172
2319.939722,0.9833668835834439
2320.058924,0.9829244680367952
2320.178126,0.9829352802654108
2320.297328,0.9831023934672756
2320.41653,0.9827976789584898
2320.535732,0.9825706789141649
2320.654934,0.9823849906039482
2320.774136,0.982231750498453
2320.893338,0.9823093498718772
2321.01254,0.9818615189215524
2321.131742,0.9816681112536056
2321.250944,0.9815581705819377
2321.370146,0.9814207620568774
2321.489348,0.9814099664878706
2321.60855,0.9808732820327819
2321.727752,0.9810351394771893
2321.846954,0.9808232587710023
2321.966156,0.9805692584414432
2322.085358,0.9804957185048422
2322.20456,0.9804163015680726
2322.323762,0.9801379028729132
2322.442964,0.980060475037026
2322.562166,0.9797037979432818
2322.681368,0.9796988994365383
2322.80057,0.9792963259233938
2322.919772,0.9793717346436884
2323.038974,0.9792542170867256
2323.158176,0.97910048624283
2323.277378,0.9789957280954629
2323.39658,0.979064260195025
2323.515782,0.9788185459041496
2323.634984,0.978611058366874
2323.754186,0.9784603638676598
2323.873388,0.978302844429732
2323.99259,0.9780191777385057
2324.111792,0.9779898376032777
2324.230994,0.9780093975956291
2324.350196,0.9776935515720845
2324.469398,0.9776309811870576
2324.5886,0.9776681318702012
2324.707802,0.9775693923753107
2324.827004,0.9774100615501686
2324.946206,0.9774491587345691
2325.065408,0.977312325430901
2325.18461,0.9772390297551159
2325.303812,0.9769449250721349
2325.423014,0.976975210834239
2325.542216,0.9767935103436933
2325.661418,0.9767808121105975
2325.78062,0.9766606754592634
2325.899822,0.9765903584220741
2326.019024,0.9762583741407365
2326.138226,0.9762837571884424
2326.257428,0.976195895604126
2326.37663,0.9761217075352424
2326.495832,0.9760660701835925
2326.615034,0.9761187791745124
2326.734236,0.9759050325679809
2326.853438,0.9757147496398185
2326.97264,0.9759450454945755
2327.091842,0.9756962112356908
2327.211044,0.9756923084586514
2327.330246,0.9757186525066228
2327.449448,0.9754903610530781
2327.56865,0.9755684034036147
2327.687852,0.9755147486169476
2327.807054,0.9756474276447289
2327.926256,0.975707919660476
2328.045458,0.9752162867708623
2328.16466,0.9757049925411078
2328.283862,0.9753674570107026
2328.403064,0.9755001160054633
2328.522266,0.9754464649744998
2328.641468,0.9754786552389805
2328.76067,0.975499140505835
2328.879872,0.9756786488619503
2328.999074,0.9754503667681633
2329.118276,0.9754874345863845
2329.237478,0.9753157639053605
2329.35668,0.9757245068361008
2329.475882,0.9755840126229426
2329.595084,0.9755635255737922
2329.714286,0.9754864590994378
2329.833488,0.9758708764895758
2329.95269,0.9757167010712693
2330.071892,0.9759069843799978
2330.191094,0.9759957959564418
2330.310296,0.9760660701835925
2330.429498,0.9762163959331864
2330.5487,0.9764048238803135
2330.667902,0.9765073517694409
2330.787104,0.9766157501014835
2330.906306,0.9765874286553935
2331.025508,0.976781788891898
2331.14471,0.9770406703662348
2331.263912,0.9770338311054796
2331.383114,0.9771588994400637
2331.502316,0.9773934457203571
2331.621518,0.9774657755115097
2331.74072,0.977713105638656
2331.859922,0.9778949771898346
2331.979124,0.9779262703297923
2332.098326,0.9784310104970465
2332.217528,0.9784701485202216
2332.33673,0.9786051867181388
2332.455932,0.9787392648128589
2332.575134,0.9788821711774324
2332.694336,0.9790221613369686
2332.813538,0.9792551963414323
2332.93274,0.9795470578751507
2333.051942,0.9796489360667439
2333.171144,0.9798566436574166
2333.290346,0.9801212406701935
2333.409548,0.9799781534146794
2333.52875,0.9803035601761466
2333.647952,0.9805712195819212
2333.767154,0.9807585265721095
2333.886356,0.9809919748806804
2334.005558,0.9811813246034928
2334.12476,0.981354027714051
2334.243962,0.9815895809459595
2334.363164,0.9820245214625299
2334.482366,0.9818968665724874
2334.601568,0.9822209460086223
2334.72077,0.9827288855287608
2334.839972,0.9828232320303313
2334.959174,0.9828723744204823
2335.078376,0.9832459368951371
2335.197578,0.9833629501237766
2335.31678,0.9835960347623945
2335.435982,0.9837229268352417
2335.555184,0.9837544064725718
2335.674386,0.9840131679071114
2335.793588,0.9838990289998187
2335.91279,0.9846972947653524
2336.031992,0.9846657849560796
2336.151194,0.984714034761653
2336.270396,0.984785921510025
2336.389598,0.9850754911355981
2336.5088,0.9851690777525499
2336.628002,0.9852873051353813
2336.747204,0.9856233453980411
2336.866406,0.9856499575876297
2336.985608,0.9858569658138261
2337.10481,0.9860728921324082
2337.224012,0.9861596703651021
2337.343214,0.9862740715220033
2337.462416,0.9864368201701986
2337.581618,0.986437806607512
2337.70082,0.9867367425494222
2337.820022,0.9867081275988071
2337.939224,0.9868186450979626
2338.058426,0.9868087769608523
2338.177628,0.9870278728280791
2338.29683,0.9872489918359969
2338.416032,0.987482997575647
2338.535234,0.9875165725683361
2338.654436,0.9875540989110897
2338.773638,0.9876439704231824
2338.89284,0.9877447152460642
2339.012042,0.9877703969425212
2339.131244,0.9879650068791682
2339.250446,0.9881438447297506
2339.369648,0.9880479994253842
2339.48885,0.9883078902233751
2339.608052,0.9884927210799933
2339.727254,0.9884393439142514
2339.846456,0.9887359202016445
2339.965658,0.9885816894284061
2340.08486,0.9887655827241861
2340.204062,0.9889287425056474
2340.323264,0.9892581106136482
2340.442466,0.989315489248028
2340.561668,0.9893768287098651
2340.68087,0.9894718134446155
2340.800072,0.9892393148881065
2340.919274,0.9896341001291649
2341.038476,0.9897489043432955
2341.157678,0.9897172328851026
2341.27688,0.9899646931245649
2341.396082,0.989789484880269
2341.515284,0.9900191426800359
2341.634486,0.9900901295974166
2341.753688,0.9900830009741466
2341.87289,0.9903199561868401
2341.992092,0.9904805991115226
2342.111294,0.9904268174751755
2342.230496,0.9903229271511651
2342.349698,0.9906596941935495
2342.4689,0.9906419615437312
2342.588102,0.9905482512467361
2342.707304,0.9905944118707783
2342.826506,0.9906345317568813
2342.945708,0.9906963492803497
2343.06491,0.9909484144929421
2343.184112,0.9908027557821892
2343.303314,0.99102283751342
2343.422516,0.9910363155156604
2343.541718,0.9908915356863875
2343.66092,0.9909407842195271
2343.780122,0.9908365427322255
2343.899324,0.9909352349666735
2344.018526,0.9908388216588947
2344.137728,0.9908946074549094
2344.25693,0.9910259096889782
2344.376132,0.9910631729637276
2344.495334,0.9910674345445337
2344.614536,0.9910338379279686
2344.733738,0.9909048137219284
2344.85294,0.990864881062584
2344.972142,0.9909914225874
2345.091344,0.9908315885618973
2345.210546,0.9909547565830895
2345.329748,0.9909832964910519
2345.44895,0.9909083809856789
2345.568152,0.9910568301797176
2345.687354,0.9909838910812081
2345.806556,0.9909137319053837
2345.925758,0.9911522735479883
2346.04496,0.9907170550504242
2346.164162,0.9909207674178563
2346.283364,0.9906422587363642
2346.402566,0.9908736007119037
2346.521768,0.9905173466234118
2346.64097,0.9908548733778241
2346.760172,0.9908826177026974
2346.879374,0.990576779447176
2346.998576,0.9906574156788732
2347.117778,0.9906746532678726
2347.23698,0.9906417634153587
2347.356182,0.9905279452157231
2347.475384,0.9905029842260133
2347.594586,0.9906695017730694
2347.713788,0.9903418424997147
2347.83299,0.9906942688202006
2347.952192,0.990390469477964
2348.071394,0.990283612111366
2348.190596,0.9902893557729727
2348.309798,0.9901491407276548
2348.429,0.9902965849116563
2348.548202,0.9902017190429694
2348.667404,0.9902700453188128
2348.786606,0.9900670607661499
2348.905808,0.990132407348574
2349.02501,0.9899973624984798
2349.144212,0.9900409233407612
2349.263414,0.9898845092319134
2349.382616,0.9899142062126428
2349.501818,0.9900211227203013
2349.62102,0.989977562749228
2349.740222,0.9900141925966977
2349.859424,0.989839965431241
2349.978626,0.9898934182325869
2350.097828,0.9900151826113853
2350.21703,0.9897073357622594
2350.336232,0.9897231712063148
2350.455434,0.9898736205621996
2350.574636,0.9897459351010364
2350.693838,0.9897182226028304
2350.81304,0.989702387237952
2350.932242,0.9897825563781246
2351.051444,0.9897657302176889
2351.170646,0.9896430068761464
2351.289848,0.9895480057076153
2351.40905,0.9897093151789104
2351.528252,0.9894282776426186
2351.647454,0.9894332247963747
2351.766656,0.989568786433932
2351.885858,0.9894569714787289
2352.00506,0.9894401508531895
2352.124262,0.9895430579799561
2352.243464,0.9894352036648032
2352.362666,0.9891898541588906
2352.481868,0.9895331625988533
2352.60107,0.9895064455641447
2352.720272,0.989431245931904
2352.839474,0.9893105426829483
2352.958676,0.9893392331046952
2353.077878,0.9892175518625731
2353.19708,0.9893491265464933
2353.316282,0.9895212882721482
2353.435484,0.989454003112267
2353.554686,0.9894164045745255
2353.673888,0.9894747818645085
2353.79309,0.989389690692241
2353.912292,0.9892937245466772
2354.031494,0.9894619187759546
2354.150696,0.989459939854096
2354.269898,0.9894114575048704
2354.3891,0.9895499848056059
2354.508302,0.9893985952395277
2354.627504,0.989570765573484
2354.746706,0.9894124469168225
2354.865908,0.9897033769408341
2354.98511,0.9897568223662023
2355.104312,0.9894074998669556
2355.223514,0.9894094786839341
2355.342716,0.9895895675966486
2355.461918,0.989586598832399
2355.58112,0.9896875418134844
2355.700322,0.9896281623423775
2355.819524,0.9895341521325106
2355.938726,0.9896341001291649
2356.057928,0.9896944696505244
2356.17713,0.9896301416006814
2356.296332,0.9896034219475751
2356.415534,0.9898686712064702
2356.534736,0.9896261830880321
2356.653938,0.9896439965196481
2356.77314,0.9897073357622594
2356.892342,0.9897568223662023
2357.011544,0.9898845092319134
2357.130746,0.9897261403802823
2357.249948,0.9896083699770549
2357.36915,0.9899112364744788
2357.488352,0.98970832547009
2357.607554,0.9899409342570376
2357.726756,0.9897518735944625
2357.845958,0.9895984739428354
2357.96516,0.9898518435820949
2358.084362,0.9898756003114205
2358.203564,0.989867681338294
2358.322766,0.9899755827960824
2358.441968,0.9895588907955459
2358.56117,0.989833036575734
2358.680372,0.9897845359452169
2358.799574,0.9899102465637373
2358.918776,0.9898607522887762
2359.037978,0.9900662687128181
2359.15718,0.990067555799804
2359.276382,0.9900526058925836
2359.395584,0.9900181526613882
2359.514786,0.9901951837331903
2359.633988,0.9901646861911958
2359.75319,0.9900916147337249
2359.872392,0.9899943925108473
2359.991594,0.9901394373136225
2360.110796,0.9903503594761831
2360.229998,0.9903439222197676
2360.3492,0.9903497652661457
2360.468402,0.990291930528645
2360.587604,0.9903896771659053
2360.706806,0.9903179755489084
2360.826008,0.9903926483393936
2360.94521,0.9906279935905477
2361.064412,0.9905647935406596
2361.183614,0.990952972866133
2361.302816,0.9905956996443508
2361.422018,0.9907242873113237
2361.54122,0.9908621066448011
2361.660422,0.9910712006079405
2361.779624,0.9908347592280539
2361.898826,0.9910286845654102
2362.018028,0.9911242243355451
2362.13723,0.9910538570136868
2362.256432,0.9908365427322255
2362.375634,0.9907486594285674
2362.494836,0.9909511891523872
2362.614038,0.9912921350007794
2362.73324,0.9911719976744864
2362.852442,0.9913753078999603
2362.971644,0.9913775880657907
2363.090846,0.9913349597460193
2363.210048,0.9913648985138767
2363.32925,0.9913863122269518
2363.448452,0.9916588817871526
2363.567654,0.9914968579635755
2363.686856,0.9914199207925983
2363.806058,0.9912976862522789
2363.92526,0.9916914087319142
2364.044462,0.9916527335211451
2364.163664,0.9916355780772502
2364.282866,0.9916302232595867
2364.402068,0.9915922445493328
2364.52127,0.9918542578307731
2364.640472,0.9916890286753893
2364.759674,0.9916549151595587
2364.878876,0.9918770707410507
2364.998078,0.9916621542668621
2365.11728,0.9916056311349934
2365.236482,0.9913399164332097
2365.355684,0.9915127220402151
2365.474886,0.9916027554828328
2365.594088,0.9916833760640358
2365.71329,0.9916240751712616
2365.832492,0.9916572951342111
2365.951694,0.9914690964402156
2366.070896,0.9914348913464297
2366.190098,0.9915087559972591
2366.3093,0.9913417008466653
2366.428502,0.9914307273286305
2366.547704,0.9914608672808662
2366.666906,0.9912643792095822
2366.786108,0.9913167193505721
2366.90531,0.9914219036344227
2367.024512,0.9913040305777727
2367.143714,0.9913743165251481
2367.262916,0.9913359510814747
2367.382118,0.9912170970263829
2367.50132,0.9913673769292211
2367.620522,0.9912004447190327
2367.739724,0.9912192777063952
2367.858926,0.9911708082688028
2367.978128,0.9909458380304138
2368.09733,0.9911198633985522
2368.216532,0.9909010482907906
2368.335734,0.9909691255312346
2368.454936,0.9908709253567934
2368.574138,0.9907956220280291
2368.69334,0.9908361463976878
2368.812542,0.9907191355584243
2368.931744,0.9906824796285475
2369.050946,0.9905721237472536
2369.170148,0.990562416188008
2369.28935,0.9904820848335356
2369.408552,0.9906233376499193
2369.527754,0.9905392372986632
2369.646956,0.9904711895905264
2369.766158,0.9903438231853804
2369.88536,0.9903447144952223
2370.004562,0.9903103501298546
2370.123764,0.9901556757335491
2370.242966,0.9901865690725656
2370.362168,0.9901672606227266
2370.48137,0.9902450908280986
2370.600572,0.9901458732408818
2370.719774,0.9899043071200763
2370.838976,0.989836995915799
2370.958178,0.9898171993738467
2371.07738,0.9897726586020498
2371.196582,0.989674675959069
2371.315784,0.9895480057076153
2371.434986,0.9894104680939075
2371.554188,0.9895668072983382
2371.67339,0.9894480664060585
2371.792592,0.9893332970871046
2371.911794,0.9892907566699554
2372.030996,0.9891156677018555
2372.150198,0.9891067657009054
2372.2694,0.9889376429043817
2372.388602,0.9888407317641005
2372.507804,0.9888753417953843
2372.627006,0.9885065600749611
2372.746208,0.9886518812201346
2372.86541,0.9885589523110271
2372.984612,0.9883167850344136
2373.103814,0.9886241993550083
2373.223016,0.9883019603938232
2373.342218,0.98802132248954
2373.46142,0.9882723117797428
2373.580622,0.9880736890073324
2373.699824,0.9878178110595042
2373.819026,0.9879650068791682
2373.938228,0.9876795262461187
2374.05743,0.9874079517196098
2374.176632,0.9872894698744563
2374.295834,0.9872085154571031
2374.415036,0.9872282598248553
2374.534238,0.9870446524445435
2374.65344,0.9871019026946265
2374.772642,0.9867959485301369
2374.891844,0.9869143711491756
2375.011046,0.9867397027640902
2375.130248,0.9868285133337547
2375.24945,0.9865354687845642
2375.368652,0.9865640787280011
2375.487854,0.9864141323842452
2375.607056,0.9863105643377625
2375.726258,0.9861468503727175
2375.84546,0.9861350166815154
2375.964662,0.9860866972495337
2376.083864,0.9860147155479986
2376.203066,0.9859042880839106
2376.322268,0.9857909156098231
2376.44147,0.9856450293501624
2376.560672,0.98570416982612
2376.679874,0.9853543069501665
2376.799076,0.9851917369019175
2376.918278,0.9851779443141492
2377.03748,0.9851907517106732
2377.156682,0.9852567617023478
2377.275884,0.9847553936196429
2377.395086,0.9847819823742172
2377.514288,0.9847071417875352
2377.63349,0.9846076913885443
2377.752692,0.9846165528976435
2377.871894,0.9844895455544694
2377.991096,0.9843812576604019
2378.110298,0.9842040849800425
2378.2295,0.9841873536528146
2378.348702,0.9842218008130142
2378.467904,0.9838970612037284
2378.587106,0.9839925038475587
2378.706308,0.9836304612260709
2378.82551,0.9835999691544024
2378.944712,0.983223322498655
2379.063914,0.9834662086545176
2379.183116,0.9832243057224691
2379.302318,0.9833993352260514
2379.42152,0.9830994441645191
2379.540722,0.9832056246381312
2379.659924,0.9830846977834548
2379.779126,0.9830591379135921
2379.898328,0.9827564023227889
2380.01753,0.9826571489385346
2380.136732,0.9827829371038697
2380.255934,0.9825412022359499
2380.375136,0.9826296349235624
2380.494338,0.9822612178929767
2380.61354,0.9823299785848253
2380.732742,0.9822003195853344
2380.851944,0.9824075857185749
2380.971146,0.9821541572551371
2381.090348,0.9821600501977594
2381.20955,0.9819989891568933
2381.328752,0.981901776069094
2381.447954,0.9817378121638577
2381.567156,0.9816749829544353
2381.686358,0.9816749829544353
2381.80556,0.9815895809459595
2381.924762,0.9815287242785171
2382.043964,0.9815827098429418
2382.163166,0.9815179275219322
2382.282368,0.9812137041214639
2382.40157,0.9812902417753151
2382.520772,0.9813471582599002
2382.639974,0.9813294941700287
2382.759176,0.9810675141709716
2382.878378,0.9808742629065544
2382.99758,0.9810871357174697
2383.116782,0.980982165009981
2383.235984,0.9806016177608976
2383.355186,0.980827182071884
2383.474388,0.9806016177608976
2383.59359,0.9805378807272191
2383.712792,0.9804878745704699
2383.831994,0.9806261331077821
2383.951196,0.9803261074173228
2384.070398,0.9802300401661682
2384.1896,0.9801976931085721
2384.308802,0.9802172972584751
2384.428004,0.9801780893507481
2384.547206,0.980181029889427
2384.666408,0.9799918732048656
2384.78561,0.980051654532443
2384.904812,0.9799801133729462
2385.024014,0.9798684020076905
2385.143216,0.9797576831339978
2385.262418,0.9797077167663112
2385.38162,0.9798252887465009
2385.500822,0.9798840800275465
2385.620024,0.9796891024965287
2385.739226,0.9796381599877156
2385.858428,0.9794853483543748
2385.97763,0.9794559642346883
2386.096832,0.9794177661969496
2386.216034,0.9793736933891164
2386.335236,0.9793668377972573
2386.454438,0.9792992638167785
2386.57364,0.9793100361679282
2386.692842,0.9792179853509846
2386.812044,0.9791758798828886
2386.931246,0.9791935052073539
2387.050448,0.9792130892732981
2387.16965,0.9790104131415218
2387.288852,0.9789830012337224
2387.408054,0.9789017490166336
2387.527256,0.9789409058697262
2387.646458,0.9791396510455705
2387.76566,0.978923285092008
2387.884862,0.9788175670860931
2388.004064,0.9788488897493998
2388.123266,0.9789223061692124
2388.242468,0.9786824995817074
2388.36167,0.9788596571464077
2388.480872,0.9787157753523781
2388.600074,0.9784593854077851
2388.719276,0.9785640861634143
2388.838478,0.9787852666393396
2388.95768,0.9786365025851649
2389.076882,0.9788087577676313
2389.196084,0.9786325880469837
2389.315286,0.9787686274312404
2389.434488,0.9788439955171867
2389.55369,0.9785308155500884
2389.672892,0.9787607973135415
2389.792094,0.9786159514343985
2389.911296,0.9786433530646597
2390.030498,0.9785171162145663
2390.1497,0.9785719147074177
2390.268902,0.9788253976579521
2390.388104,0.9786433530646597
2390.507306,0.9788097365768785
2390.626508,0.9789683165988389
2390.74571,0.978800927328891
2390.864912,0.9787803727252412
2390.984114,0.979002581089545
2391.103316,0.9788107153871045
2391.222518,0.9791984011871199
2391.34172,0.9791925260143384
2391.460922,0.9788674880549884
2391.580124,0.9791053817575
2391.699326,0.9792258191262025
2391.818528,0.9790534905473961
2391.93773,0.9790750299611208
2392.056932,0.979461840988104
2392.176134,0.9793746727632995
2392.295336,0.9792551963414323
2392.414538,0.9795862405411138
2392.53374,0.9795137538413548
2392.652942,0.9796038732521375
2392.772144,0.9795979956465308
2392.891346,0.9797106558938702
2393.010548,0.9798458652936176
2393.12975,0.9798468451399728
2393.248952,0.9797694402967383
2393.368154,0.9801692677876411
2393.487356,0.9799134769908996
2393.606558,0.9799801133729462
2393.72576,0.9802094555514639
2393.844962,0.9805300364555505
2393.964164,0.9802663093486301
2394.083366,0.9804721868899785
2394.202568,0.9805976953622714
2394.32177,0.9807320464493753
2394.440972,0.9806957600349595
2394.560174,0.9807457767941378
2394.679376,0.9809929558731457
2394.798578,0.9810096328951499
2394.91778,0.9811724940113091
2395.036982,0.9814109478983278
2395.156184,0.9816013600916056
2395.275386,0.9817476295910663
2395.394588,0.9818497366540191
2395.51379,0.9817623559159574
2395.632992,0.9819557821519316
2395.752194,0.982132550101357
2395.871396,0.9823525724341611
2395.990598,0.9824400057038305
2396.1098,0.9825166390129356
2396.229002,0.982801610157068
2396.348204,0.982827163331122
2396.467406,0.982739695605957
2396.586608,0.983215456743538
2396.70581,0.983341316376846
2396.825012,0.9833885178928593
2396.944214,0.983710138520317
2397.063416,0.9838242555150432
2397.182618,0.9838085144528838
2397.30182,0.9841332248369198
2397.421022,0.9843202279143686
2397.540224,0.9843753513905747
2397.659426,0.9845879994316368
2397.778628,0.9846766163392866
2397.89783,0.98493463541179
2398.017032,0.9848686470018538
2398.136234,0.9851917369019175
2398.255436,0.9853424827694283
2398.374638,0.9852331158238187
2398.49384,0.9852922315842232
2398.613042,0.9856706564540764
2398.732244,0.9856913557552038
2398.851446,0.9858293622052356
2398.970648,0.9859033021801155
2399.08985,0.9863036601879768
2399.209052,0.9862474424815659
2399.328254,0.9864496439322151
2399.447456,0.9864486574830644
2399.566658,0.9866232743485757
2399.68586,0.9869489137566578
2399.805062,0.9871167093342165
2399.924264,0.9869508876564592
2400.043466,0.9873269875871435
2400.162668,0.9871009155932174
2400.28187,0.9874158510148207
2400.401072,0.9875708874734735
2400.520274,0.98782966494436
2400.639476,0.9879096823878832
2400.758678,0.98817052497374
2400.87788,0.9881823830911882
2400.997082,0.9882278405263234
2401.116284,0.9883711439524471
2401.235486,0.9883760858205215
2401.354688,0.9885638951181457
2401.47389,0.9887428413773099
2401.593092,0.9889772012012585
2401.712294,0.9888100781765489
2401.831496,0.989170070559644
2401.950698,0.9892680032442174
2402.0699,0.9895499848056059
2402.189102,0.9896667585933309
2402.308304,0.9897399966432412
2402.427506,0.9901394373136225
2402.546708,0.9898953980214031
2402.66591,0.9902528147699304
2402.785112,0.9903284729750854
2402.904314,0.9904076033812939
2403.023516,0.9905669727856026
2403.142718,0.9906196723503508
2403.26192,0.9909180919353962
2403.381122,0.9910955812593563
2403.500324,0.9909239383693855
2403.619526,0.9912042112878792
2403.738728,0.9912817264880067
2403.85793,0.9915026086620287
2403.977132,0.9916838719058478
2404.096334,0.9919923335533105
2404.215536,0.9918490010171371
2404.334738,0.9921167371918832
2404.45394,0.9921942245348992
2404.573142,0.9922494912923707
2404.692344,0.9923825608712689
2404.811546,0.9926996777561921
2404.930748,0.9927750265211832
2405.04995,0.9928976418082966
2405.169152,0.9929410323833209
2405.288354,0.9933117664639205
2405.407556,0.9931323905570291
2405.526758,0.9933679895009992
2405.64596,0.993594304505308
2405.765162,0.9936328567122307
2405.884364,0.9936727021886813
2406.003566,0.9937621367563735
2406.122768,0.9938261370987694
2406.24197,0.994036452960013
2406.361172,0.9939893367488056
2406.480374,0.9938669841924063
2406.599576,0.9942104245613521
2406.718778,0.9940834719962294
2406.83798,0.9942179805892917
2406.957182,0.9944313626630037
2407.076384,0.9945781515648873
2407.195586,0.994489936395244
2407.314788,0.9946426023172904
2407.43399,0.9948421476370417
2407.553192,0.9946692590962318
2407.672394,0.9950320811316009
2407.791596,0.9948082240982069
2407.910798,0.9950697935621218
2408.03,0.9949936736345386
2408.149202,0.9949307920214449
2408.268404,0.9950623305666564
2408.387606,0.9952430502947419
2408.506808,0.9950779531678834
2408.62601,0.9953169000688665
2408.745212,0.9952033408892431
2408.864414,0.9952901264043621
2408.983616,0.9952143877076367
2409.102818,0.9954628242223957
2409.22202,0.9954533673704857
2409.341222,0.9955979176935275
2409.460424,0.9955120013005762
2409.579626,0.9956183276600415
2409.698828,0.9956148430019929
2409.81803,0.9958501345880003
2409.937232,0.9956759756301057
2410.056434,0.9956712959640175
2410.175636,0.995511901749381
2410.294838,0.9956405301963057
2410.41404,0.9959184522505021
2410.533242,0.995760312956877
2410.652444,0.9957436838985037
2410.771646,0.9959490274163126
2410.890848,0.9959501229608453
2411.01005,0.9958627819650203
2411.129252,0.9960620740461992
2411.248454,0.9960183478809449
2411.367656,0.9958310144489702
2411.486858,0.9960068937358058
2411.60606,0.9959086922974939
2411.725262,0.9959053062136964
2411.844464,0.9958246411508722
2411.963666,0.9960272124836885
2412.082868,0.9961903751037471
2412.20207,0.9960048021235252
2412.321272,0.9960328898549802
2412.440474,0.9959992245122505
2412.559676,0.9960771146970739
2412.678878,0.996151524436711
2412.79808,0.9962384922608846
2412.917282,0.9961924671057314
2413.036484,0.9962939842903422
2413.155686,0.9961980457991676
2413.274888,0.9961881834873326
2413.39409,0.9964005934501496
2413.513292,0.9964857893429622
2413.632494,0.9962643947984149
2413.751696,0.9963002609622147
2413.870898,0.9964291905575482
2413.9901,0.9964265002023657
2414.109302,0.9963024528251999
2414.228504,0.9962431745928018
2414.347706,0.9964434395968536
2414.466908,0.9964443363963528
2414.58611,0.9963169989471976
2414.705312,0.9964646640681568
2414.824514,0.9964662584128947
2414.943716,0.996271866809396
2415.062918,0.9964076679194774
2415.18212,0.9963211834873807
2415.301322,0.9963702036954956
2415.420524,0.9964066715123078
2415.539726,0.9963511732063467
2415.658928,0.9963617345847579
2415.77813,0.9964980461935505
2415.897332,0.9965398003364292
2416.016534,0.996600192478193
2416.135736,0.9964361655862947
2416.254938,0.9966338781339832
2416.37414,0.9965095059869754
2416.493342,0.9963184934238168
2416.612544,0.9965585354607852
2416.731746,0.9962884050596521
2416.850948,0.9964352687941491
2416.97015,0.9962973716956474
2417.089352,0.9963009583726415
2417.208554,0.9964993416418526
2417.327756,0.9964293898434062
2417.446958,0.9966124507359486
2417.56616,0.996383455507329
2417.685362,0.9964017891315792
2417.804564,0.9964529058544943
2417.923766,0.9964972489954325
2418.042968,0.9965151861073479
2418.16217,0.9963555571611534
2418.281372,0.9964200234511638
2418.400574,0.9965130934276544
2418.519776,0.9965596316757771
2418.638978,0.9965119972638545
2418.75818,0.9966624819367482
2418.877382,0.9964053761844768
2418.996584,0.996565013112318
2419.115786,0.9966475321116431
2419.234988,0.9964965514476023
2419.35419,0.9966264034079274
2419.473392,0.9964962524986817
2419.592594,0.9966028833023454
2419.711796,0.9964992419919234
2419.830998,0.9965916217533919
2419.9502,0.996578267515134
2420.069402,0.9967173995524693
2420.188604,0.9963740895468673
2420.307806,0.9965937145979951
2420.427008,0.9966716512737609
2420.54621,0.9967519862463095
2420.665412,0.9968152820070553
2420.784614,0.9965609272041404
2420.903816,0.9966172344871932
2421.023018,0.9966747409606689
2421.14222,0.996800728610178
2421.261422,0.9966566016454517
2421.380624,0.9969660118725854
2421.499826,0.9968735974067615
2421.619028,0.9965601299557175
2421.73823,0.9965515595754526
2421.857432,0.9968125906094272
2421.976634,0.996807407197433
2422.095836,0.9968798777302081
2422.215038,0.9969515559702188
2422.33424,0.9967424174731717
2422.453442,0.9969604288785513
2422.572644,0.9968764883443858
2422.691846,0.9970748865055287
2422.811048,0.9968601397040362
2422.93025,0.9968588437866969
2423.049452,0.9968990180076066
2423.168654,0.9969801688904686
2423.287856,0.9965432882318342
2423.407058,0.996748397945618
2423.52626,0.9970604290244913
2423.645462,0.99705534402927
2423.764664,0.997099614269337
2423.883866,0.9972619553007415
2424.003068,0.9970089820336975
2424.12227,0.9972637503738766
2424.241472,0.9973377500895098
2424.360674,0.997183773028231
2424.479876,0.9972860893320803
2424.599078,0.9971617355103626
2424.71828,0.997206509077446
2424.837482,0.997171108874731
2424.956684,0.9972205697883518
2425.075886,0.9972421099852925
2425.195088,0.9974220286901131
2425.31429,0.9974809780739458
2425.433492,0.9972199714561895
2425.552694,0.99756197681787
2425.671896,0.9973818333922976
2425.791098,0.9974964391489289
2425.9103,0.997413750121631
2426.029502,0.9973727572589102
2426.148704,0.9975788357577358
2426.267906,0.9974840702697707
2426.387108,0.9976230294790436
2426.50631,0.997684584718922
2426.625512,0.9976552532233064
2426.744714,0.9974622256078317
2426.863916,0.9974928481682118
2426.983118,0.9978097022105485
2427.10232,0.9978250685982835
2427.221522,0.9976110580745183
2427.340724,0.997972458245373
2427.459926,0.9976742088531956
2427.579128,0.9980949169786892
2427.69833,0.9979877273407923
2427.817532,0.9979283488375436
2427.936734,0.9980106813224909
2428.055936,0.9980950167881859
2428.175138,0.998179159744677
2428.29434,0.9981685791016612
2428.413542,0.9980426181752802
2428.532744,0.9979328395252174
2428.651946,0.9980703641457327
2428.771148,0.9981284535313106
2428.89035,0.9982322642885437
2429.009552,0.9983655371915946
2429.128754,0.9981999220871273
2429.247956,0.9981508118590822
2429.367158,0.9981939329055624
2429.48636,0.9983326915057356
2429.605562,0.9982796814472461
2429.724764,0.9982337616380632
2429.843966,0.998166482949846
2429.963168,0.9982646075378645
2430.08237,0.9984526983075188
2430.201572,0.9983283986843916
2430.320774,0.9982060111252236
2430.439976,0.9984512006295946
2430.559178,0.9984907400800155
2430.67838,0.9983890988962993
2430.797582,0.99855115059719
2430.916784,0.9983648383359632
2431.035986,0.9987324040792793
2431.155188,0.9986532077398123
2431.27439,0.9986673887160469
2431.393592,0.9984362239739103
2431.512794,0.9986011792630426
2431.631996,0.9985973845857713
2431.751198,0.9985132063744121
2431.8704,0.9987384963655257
2431.989602,0.9986431213933502
2432.108804,0.9987594700941728
2432.228006,0.99867018498865
2432.347208,0.9987542765584314
2432.46641,0.9988315831311628
2432.585612,0.9985613358708709
2432.704814,0.9989535479132616
2432.824016,0.9989968035383637
2432.943218,0.9988719367422588
2433.06242,0.9989791214514281
2433.181622,0.9991699546783637
2433.300824,0.9991400299863455
2433.420026,0.998891414934937
2433.539228,0.9990919725066948
2433.65843,0.9989825179862151
2433.777632,0.9989932071563445
2433.896834,0.9988495622614709
2434.016036,0.9990139065100414
2434.135238,0.9991939350450392
2434.25444,0.9990378231892447
2434.373642,0.9989204830980514
2434.492844,0.9989164874241103
2434.612046,0.9990777155659707
2434.731248,0.9990840597296072
2434.85045,0.9993399479302696
2434.969652,0.9992131697134219
2435.088854,0.9992136493358584
2435.208056,0.9991724625980973
2435.327258,0.9992295769283714
2435.44646,0.9990096707000576
2435.565662,0.9991159909664146
2435.684864,0.9991937651820846
2435.804066,0.9992352625608397
2435.923268,0.9991450656647866
2436.04247,0.9990600220563045
2436.161672,0.999198031748571
2436.280874,0.9992591545615953
2436.400076,0.9991478233089733
2436.519278,0.9992380204539704
2436.63848,0.9991933155449915
2436.757682,0.9994621147121862
2436.876884,0.9994875813313123
2436.996086,0.9994370385223101
2437.115288,0.9992711557361085
2437.23449,0.9994082551500832
2437.353692,0.9994518802725318
2437.472894,0.9996206119858403
2437.592096,0.999620162156666
2437.711298,0.9993198114331946
2437.8305,0.9996648161866499
2437.949702,0.9993868080790556
2438.068904,0.9993164936969281
2438.188106,0.9993693589377179
2438.307308,0.9992054458254729
2438.42651,0.9993621934851026
2438.545712,0.999642164038565
2438.664914,0.9993973516654981
2438.784116,0.9993342117354314
2438.903318,0.9993394482604205
2439.02252,0.999297976533862
2439.141722,0.9995015042902935
2439.260924,0.9994080752566135
2439.380126,0.9998014197196745
2439.499328,0.9992004098427165
2439.61853,0.999424085902224
2439.737732,0.9994311718441127
2439.856934,0.9993995503420904
2439.976136,0.9997217287246355
2440.095338,0.9996738432006971
2440.21454,0.9996291687749018
2440.333742,0.9998220758303829
2440.452944,0.9995710520244996
2440.572146,0.9994738784505057
2440.691348,0.9994485720922832
2440.81055,0.9994556282241103
2440.929752,0.9994663824245275
2441.048954,0.9996304782899706
2441.168156,0.9995055422845276
2441.287358,0.999699075286927
2441.40656,0.9995965913911429
2441.525762,0.9995870752768896
2441.644964,0.9996936269418134
2441.764166,0.999742243224987
2441.883368,0.999617083331308
2442.00257,0.9997398038568895
2442.121772,0.99955501903341
2442.240974,0.9993864882753282
2442.360176,0.9995623857810467
2442.479378,0.9998199462116294
2442.59858,0.9994734886557691
2442.717782,0.9996464825020415
2442.836984,0.9997366046946359
2442.956186,0.9998330339403843
2443.075388,0.999486791736435
2443.19459,0.9994463433244526
2443.313792,0.9999459654599183
2443.432994,0.9995844163788057
2443.552196,0.999743502901007
2443.671398,0.9997098720952428
2443.7906,0.9997035939369594
2443.909802,0.9998816370054521
2444.029004,0.9996251402774692
2444.148206,0.9996978556547991
2444.267408,0.999729866492628
2444.38661,0.9997065130757157
2444.505812,0.9997074128119823
2444.625014,0.9996971158786596
2444.744216,0.9997486815857648
2444.863418,1.000039483779464
2444.98262,0.9998815070208477
2445.101822,0.9999014828531329
2445.221024,0.9998052589644976
2445.340226,0.9997325057829594
2445.459428,0.9996377756190974
2445.57863,0.9998830868348768
2445.697832,0.9997657274461014
2445.817034,1.0000316024993485
2445.936236,0.9996329473803014
2446.055438,0.99965489956086
2446.17464,0.9997615384364794
2446.293842,0.9997482117039949
2446.413044,0.9997854130270788
2446.532246,0.9997228084246855
2446.651448,0.9997250877952872
2446.77065,0.9998477815863985
2446.889852,0.9996236808258298
2447.009054,0.999859179916079
2447.128256,0.9998886661980678
2447.247458,0.9999434335999391
2447.36666,0.9996591980861699
2447.485862,1.0000173941512764
2447.605064,1.0002033106648123
2447.724266,0.9996906978437776
2447.843468,1.0000705534887804
2447.96267,0.999797900424871
2448.081872,0.9998886761969544
2448.201074,0.9996450929943965
2448.320276,0.9996822105057818
2448.439478,1.000107935824652
2448.55868,0.9997505111275262
2448.677882,0.9997553299366031
2448.797084,1.0000277273843967
2448.916286,0.9996372957930802
2449.035488,0.9998046590815222
2449.15469,0.9998277948290129
2449.273892,0.9997770248626519
2449.393094,0.9998926057671735
2449.512296,0.9997688367223487
2449.631498,1.0000946354776543
2449.7507,0.9998565402913283
2449.869902,1.0000154401191974
2449.989104,0.9998743478948872
2450.108306,0.9999802181956625
2450.227508,0.9998199062188323
2450.34671,0.9997901120295626
2450.465912,0.9999693444698904
2450.585114,1.0000219242403325
2450.704316,1.0000133770894724
2450.823518,0.9998254952277293
2450.94272,0.9998829268535957
2451.061922,0.9998242154519145
2451.181124,0.9996940568101654
2451.300326,0.9997159903383818
2451.419528,0.9996173732203042
2451.53873,0.9998817669900733
2451.657932,0.9998038892322311
2451.777134,0.9998506511536495
2451.896336,1.0000136000924804
2452.015538,0.9998922458059003
2452.13474,0.9998481115362209
2452.253942,0.9999444065453734
2452.373144,0.9997420432765584
2452.492346,0.9996144943264149
2452.611548,0.9998621395036317
2452.73075,0.9999791912165057
2452.849952,1.0000963566420031
2452.969154,0.9998216059141176
2453.088356,0.9999018438176334
2453.207558,1.0000741267472515
2453.32676,0.9997564396656352
2453.445962,0.9998050190112643
2453.565164,0.9998973952642259
2453.684366,0.9997341353482719
2453.803568,1.0000403788152024
2453.92277,0.9999504992252037
2454.041972,0.9998493513486478
2454.161174,1.0000988008804856
2454.280376,1.0000074173275082
2454.399578,1.0000122370748723
2454.51878,1.0000749928118204
2454.637982,0.9998895161037953
2454.757184,1.0000126510800242
2454.876386,1.0000343915913772
2454.995588,0.9998568902411786
2455.11479,0.9998967853270009
2455.233992,0.9998740079376666
2455.353194,0.9998549405221436
2455.472396,0.9997092222840371
2455.591598,0.9999974997031258
2455.7108,0.9999496082697059
2455.830002,0.9998856165422866
2455.949204,0.9997250478062846
2456.068406,0.9999906407437981
2456.187608,0.999814057289489
2456.30681,1.0000071608256387
2456.426012,1.0000760048882251
2456.545214,0.9998462418220004
2456.664416,1.0000595007701005
2456.783618,0.9998110478537058
2456.90282,0.9999200471963958
2457.022022,0.9999329322491421
2457.141224,0.9999081122219405
2457.260426,0.9999367889978996
2457.379628,0.9998303443931404
2457.49883,0.999964850617754
2457.618032,0.9999936642200712
2457.737234,0.9999905510446416
2457.856436,0.9999439855688669
2457.975638,0.9996728335306253
2458.09484,0.9998888061824909
2458.214042,1.0000166851391954
2458.333244,1.000002068302139
2458.452446,0.9999025497485843
2458.571648,1.0000062240193692
2458.69085,0.9997590290381673
2458.810052,0.999890346012438
2458.929254,0.9999278006065017
2459.048456,0.9999536860725231
2459.167658,0.9999694784657915
2459.28686,0.9999470933996035
2459.406062,1.0000325235288785
2459.525264,0.9997857929456079
2459.644466,0.9999453944909351
2459.763668,1.0000980928107852
2459.88287,0.9999185403180201
2460.002072,1.000059689781364
2460.121274,1.0000897810300755
2460.240476,1.000133988975721
2460.359678,1.0000447300003565
2460.47888,1.0001410499466084
2460.598082,1.0000671722559549
2460.717284,0.9998039292243874
2460.836486,0.9999245908434133
2460.955688,0.999804009208705
2461.07489,1.0000067287226377
2461.194092,0.9996259499741607
2461.313294,1.0000339255754593
2461.432496,0.9999176023948692
2461.551698,0.9997546700983031
2461.6709,0.9997564396656352
2461.790102,0.9998753677672421
2461.909304,1.0000081115328983
2462.028506,0.9999382899041463
2462.147708,0.9998388829807412
2462.26691,1.0000412058489376
2462.386112,0.9998674187896656
2462.505314,0.9998859465045945
2462.624516,0.9999719373937623
2462.743718,0.9999942761163815
2462.86292,1.000074276758382
2462.982122,0.9999846251181947
2463.101324,0.9999147006381974
2463.220526,0.9998561203516696
2463.339728,0.9999311373711397
2463.45893,0.9999775792513488
2463.578132,0.9999198202145708
2463.697334,0.9999909007413985
2463.816536,0.9998930457200169
2463.935738,0.9998723881430858
2464.05494,0.999914836626606
2464.174142,0.9999161615146422
2464.293344,1.0000663782029355
2464.412546,0.9998982951722867
2464.531748,0.9997651675774508
2464.65095,0.9999588758456213
2464.770152,1.0002517616866553
2464.889354,0.9998732080387802
2465.008556,1.000188957850286
2465.127758,0.9998129175021134
2465.24696,0.9998516310077677
2465.366162,1.0001401098144633
2465.485364,0.9997061531814357
2465.604566,0.9999908321420251
2465.723768,0.9997707662780656
2465.84297,0.9997488715380324
2465.962172,1.000101985200137
2466.081374,0.9999520691487199
2466.200576,1.0000266883561277
2466.319778,1.0000327785372045
2466.43898,0.9999774582540689
2466.558182,0.9999864190922214
2466.677384,0.9998970453001989
2466.796586,0.9998623394760796
2466.915788,0.9999519191559209
2467.03499,0.9999982755014869
2467.154192,0.9999427946362892
2467.273394,1.0000445969944163
2467.392596,1.0000653771369918
2467.511798,0.9999027827259055
2467.631,0.9999765472750195
2467.750202,0.9999556539833137
2467.869404,0.999814947124396
2467.988606,0.9997592389875853
2468.107808,0.9998994250579987
2468.22701,0.9999091621260096
2468.346212,1.0000217182358375
2468.465414,0.9999268486756886
2468.584616,0.9999428626324016
2468.703818,0.9999083482002828
2468.82302,1.0000056714160823
2468.942222,0.9998864664454219
2469.061424,1.000152851680628
2469.180626,0.9998583200375539
2469.299828,0.9998606597087603
2469.41903,0.9999605907765639
2469.538232,0.9999297324688786
2469.657434,0.9998909259490069
2469.776636,1.000042187889884
2469.895838,0.999758639132222
2470.01504,0.9996264797760546
2470.134242,1.0000851996292823
2470.253444,0.9998836167730533
2470.372646,1.0000640690523341
2470.491848,0.9998317041633334
2470.61105,0.9999912071386574
2470.730252,0.999933714197001
2470.849454,0.999808038426981
2470.968656,0.9999345181440303
2471.087858,0.9998366733392515
2471.20706,0.9999586288558094
2471.326262,0.9999575429013281
2471.445464,0.9999393468394773
2471.564666,0.9999429076298314
2471.683868,0.9998032993481104
2471.80307,0.9999453184950879
2471.922272,1.0000834214793781
2472.041474,0.9999192972566416
2472.160676,0.9999544610369301
2472.279878,0.9999022577770823
2472.39908,1.0001408099127853
2472.518282,0.9999036186449812
2472.637484,1.0000163231332209
2472.756686,0.9999779792424605
2472.875888,1.0000342375860927
2472.99509,1.0000139220969115
2473.114292,1.0001574223896041
2473.233494,0.9998309942830754
2473.352696,0.9998700584431355
2473.471898,0.999910812977399
2473.5911,0.9999818061655098
2473.710302,0.9996638964954421
2473.829504,0.9998899460563796
2473.948706,0.9998472916611055
2474.067908,0.9998962953776961
2474.18711,0.99997212338856
2474.306312,1.0000062395194658
2474.425514,0.9996084266848497
2474.544716,1.0000391137649234
2474.663918,0.9998216259105499
2474.78312,1.0000183341680688
2474.902322,0.9997823236949255
2475.021524,0.99976525755632
2475.140726,0.9998636792925122
2475.259928,0.9999129317906565
2475.37913,0.9997658474179959
2475.498332,0.9997377943819032
2475.617534,0.9999923899289568
2475.736736,1.000045666042662
2475.855938,0.9997538902899645
2475.97514,0.9998467717406491
2476.094342,0.9997199592187417
2476.213544,0.9999352920936468
2476.332746,1.000118276994172
2476.451948,0.9999741613338241
2476.57115,0.9999579958821977
2476.690352,0.9997880724598144
2476.809554,0.9997395639193654
2476.928756,0.9999650876094517
2477.047958,0.9998723881430858
2477.16716,0.9998831468278638
2477.286362,0.999867948719538
2477.405564,0.9999107679814134
2477.524766,0.99988696638878
2477.643968,0.9998596298528112
2477.76317,0.9998363933850222
2477.882372,0.9997990102011565
2478.001574,0.9998877762975509
2478.120776,0.9997206190341325
2478.239978,0.9998383030743573
2478.35918,0.9998449320242816
2478.478382,0.9998662189494829
2478.597584,0.9999263157148203
2478.716786,0.9998729780679688
2478.835988,1.00009253328094
2478.95519,0.9999102220302831
2479.074392,1.0000072351261733
2479.193594,1.0000363606610327
2479.312796,0.9999126888118437
2479.431998,0.9997599388192976
2479.5512,0.9996681450760304
2479.670402,0.9999693974682671
2479.789604,1.0000425259042007
2479.908806,0.9998383530662737
2480.028008,1.000012591079267
2480.14721,0.9998849166225999
2480.266412,0.9999242848665354
2480.385614,0.999821285971255
2480.504816,0.9999299154560364
2480.624018,0.9999899040509644
2480.74322,0.999959443822424
2480.862422,1.000038217730279
2480.981624,0.9998673587976222
2481.100826,1.000088323900326
2481.220028,1.0000503882694463
2481.33923,0.9998468217329889
2481.458432,0.9998121476464633
2481.577634,0.9998601397813524
2481.696836,1.0001087959178467
2481.816038,1.0002180237637268
2481.93524,1.000039606784328
2482.054442,0.999681190830447
2482.173644,0.9999113289315116
2482.292846,1.0000225582544335
2482.412048,0.9997369546025088
2482.53125,0.999775895115252
2482.650452,1.0000041052084263
2482.769654,0.9999506552174938
2482.888856,0.9999187962971992
2483.008058,0.9999487983108513
2483.12726,0.9999501562422414
2483.246462,0.9999482383396809
2483.365664,0.9999678325173845
2483.484866,0.9999707294283915
2483.604068,0.9997238881259016
2483.72327,0.9998864164510998
2483.842472,0.9998783174039277
2483.961674,0.999985673102631
2484.080876,1.0001658737555303
2484.200078,0.9996293986896371
2484.31928,0.9999638186545606
2484.438482,0.9998460618496932
2484.557684,1.000121887427669
2484.676886,1.0001139464914084
2484.796088,1.000047870145739
2484.91529,1.0000277513850626
2485.034492,1.0000945784722617
2485.153694,0.9999160635228632
2485.272896,1.0001298684321749
2485.392098,0.9999849381134314
2485.5113,1.0000655491482515
2485.630502,0.99998143617231
2485.749704,1.0002497911926256
2485.868906,1.0001351391304698
2485.988108,0.9999482703380251
2486.10731,1.0000606858413112
2486.226512,1.0002109622494062
2486.345714,1.0001908382072944
2486.464916,0.9999544280384334
2486.584118,0.9997254177046206
2486.70332,0.9998926557618051
2486.822522,1.0000999089905709
2486.941724,1.0001746952574395
2487.060926,1.0000051035130229
2487.180128,0.9996758325536244
2487.29933,0.9999636296614168
2487.418532,1.0002241351145222
2487.537734,1.0000646140874003
2487.656936,0.999742503158004
2487.776138,0.9998648491337013
2487.89534,1.0001213873668502
2488.014542,1.000122287476504
2488.133744,1.0001919084120636
2488.252946,0.9999550410106857
2488.372148,1.000012394076806
2488.49135,1.0001114662118966
2488.610552,0.9997427031065246
2488.729754,0.9999590908368027
2488.848956,0.999952907108905
2488.968158,1.0000678813038315
2489.08736,1.0000343095885604
2489.206562,0.9998437622063955
2489.325764,0.9999159375334472
2489.444966,1.0000880378751063
2489.564168,0.9999290665158985
2489.68337,0.999999492130129
2489.802572,1.0001968493722955
2489.921774,0.9999455644816666
2490.040976,1.0000475221291405
2490.160178,1.00006578016342
2490.27938,1.00009334935678
2490.398582,0.9999294904859126
2490.517784,0.9999293164981964
2490.636986,1.000101225122917
2490.756188,1.0000056745161
2490.87539,0.9998285347018548
2490.994592,0.9999328982514231
2491.113794,1.000011519066344
2491.232996,0.999809978056457
2491.352198,1.0000236262790962
2491.4714,0.9998551604902547
2491.590602,1.000002466603042
2491.709804,0.9996733133737006
2491.829006,0.9998611396419921
2491.948208,0.9996718538517284
2492.06741,1.0000195411909265
2492.186612,1.0000325455295942
2492.305814,1.0001913283009252
2492.425016,1.0002082216751242
2492.544218,0.9997673370702184
2492.66342,1.0001233076017575
2492.782622,1.000098584859168
2492.901824,0.9998846966479426
2493.021026,1.0000356266346135
2493.140228,1.0000925662839941
2493.25943,1.0000319325098317
2493.378632,0.9996647762000581
2493.497834,0.9998822869287273
2493.617036,1.000113826477742
2493.736238,1.0000508072906467
2493.85544,1.000178565941
2493.974642,1.000022924262757
2494.093844,0.999951495176397
2494.213046,1.0000084174354265
2494.332248,1.0000766579380695
2494.45145,0.999978172238229
2494.570652,1.000031043481839
2494.689854,1.00002834740178
2494.809056,1.0000960796153506
2494.928258,1.0000278713883999
2495.04746,0.9999327632604909
2495.166662,1.0000045366102903
2495.285864,1.0000249233105805
2495.405066,0.9998147371632792
2495.524268,0.999871818215987
2495.64347,0.9999377799357485
2495.762672,1.000104665477049
2495.881874,0.9999125038280133
2496.001076,1.0001007650764593
2496.120278,1.000017372150894
2496.23948,0.9998787673492718
2496.358682,0.9997826436253203
2496.477884,0.9997242980127798
2496.597086,0.9999728983672559
2496.716288,0.9999508892059745
2496.83549,1.0000306724703907
2496.954692,0.9998383430678902
2497.073894,0.9999999776100003
2497.193096,0.999780914002843
2497.312298,0.9998070186233019
2497.4315,1.0000232662706554
2497.550702,1.0000962206289077
2497.669904,0.999841862505052
2497.789106,1.0000660431807549
2497.908308,1.0000408528344542
2498.02751,1.000054981511428
2498.146712,1.0001006550653813
2498.265914,0.9998613096184003
2498.385116,0.9999734373527933
2498.504318,0.9999188762907061
2498.62352,1.0000927753033624
2498.742722,0.9999285615518475
2498.861924,1.0000476771365185
2498.981126,0.9998999050098378
2499.100328,0.9999993750601953
2499.21953,0.9998667288813846
2499.338732,1.0000032664053347
2499.457934,0.9999465354292811
2499.577136,0.9998257051911054
2499.696338,0.9999572829124008
2499.81554,0.9999338261895832
2499.934742,1.0000814493168155
2500.053944,0.9998393729019139
2500.173146,0.9997309462014669
2500.292348,1.0000814523170598
2500.41155,0.9998984851529809
2500.530752,1.00002454730128
2500.649954,1.000055091517482
2500.769156,1.000108825921111
2500.888358,1.0000192951861497
2501.00756,0.9999781772381199
2501.126762,0.9998563303214769
2501.245964,0.9998945455607103
2501.365166,0.9998128075226985
2501.484368,1.0000229682637665
2501.60357,0.999947166395744
2501.722772,1.0001242177143814
2501.841974,0.9998309842847656
2501.961176,0.9997928614561512
2502.080378,0.9998655890339634
2502.19958,1.0000135760921542
2502.318782,0.9999832831397283
2502.437984,0.9999513701824679
2502.557186,0.999824255444884
2502.676388,1.0000195701914938
2502.79559,1.0000672332600544
2502.914792,0.9998377431650644
2503.033994,0.9998995950409153
2503.153196,0.9997776547223759
2503.272398,0.9998103679824244
2503.3916,0.9998650191107401
2503.510802,0.9998627594183503
2503.630004,0.9997265873840436
2503.749206,1.0002150731249089
2503.868408,0.9999021517874487
2503.98761,0.9997851030936488
2504.106812,0.9998790273177851
2504.226014,0.9998163068736488
2504.345216,0.999829484539414
2504.464418,0.9997067230141055
2504.58362,0.9999306394055573
2504.702822,0.9999689474821394
2504.822024,0.9998785673735383
2504.941226,0.9999201931847334
2505.060428,0.9998300944355856
2505.17963,1.0000808112650543
2505.298832,0.9998717582236797
2505.418034,0.9999489183047142
2505.537236,0.9999273216411999
2505.656438,0.9999023047724895
2505.77564,0.99991415468492
2505.894842,0.9997991401750362
2506.014044,0.999823445587565
2506.133246,1.0000626119600469
2506.252448,0.9999475453757919
2506.37165,0.9999060854102512
2506.490852,0.9999302224345675
2506.610054,0.9998705883744069
2506.729256,0.9998272249273322
2506.848458,0.9999745293243831
2506.96766,0.9998070486175129
2507.086862,0.9998930357210865
2507.206064,0.9999275126273366
2507.325266,0.9996931071012626
2507.444468,0.9997439927754435
2507.56367,0.9998455519283317
2507.682872,0.9997477018325369
2507.802074,0.9997098221097505
2507.921276,0.9999568969289641
2508.040478,0.9998544605918873
2508.15968,1.0000893409906686
2508.278882,0.9999032896767448
2508.398084,0.999920984121919
2508.517286,1.0000792421394924
2508.636488,1.0001566822733854
2508.75569,0.9998272249273322
2508.874892,0.9999280875858216
2508.994094,0.9999762302825043
2509.113296,0.9998476716031486
2509.232498,1.0000065118212018
2509.3517,0.9998296745070341
2509.470902,0.9997292866494736
2509.590104,0.9998492213682406
2509.709306,0.9996330473436011
2509.828508,0.9998477115970562
2509.94771,0.9997155504634428
2510.066912,0.999890735969749
2510.186114,0.9996981855551459
2510.305316,0.9998178665883041
2510.424518,0.999887526325638
2510.54372,0.9998037692557716
2510.662922,0.9998918358501635
2510.782124,0.9998840667207821
2510.901326,0.9998506111596243
2511.020528,0.9999065693649136
2511.13973,0.9996285989864381
2511.258932,0.9997804641015329
2511.378134,0.9996497913373747
2511.497336,0.9998156369969475
2511.616538,0.9999782412367253
2511.73574,0.9997277270730028
2511.854942,0.9999253917833314
2511.974144,0.9999071703089424
2512.093346,0.999691397627511
2512.212548,0.9996720237959581
2512.33175,0.9998070186233019
2512.450952,0.9998739279477492
2512.570154,0.999892435785445
2512.689356,0.9998979352089652
2512.808558,1.0000865467449536
2512.92776,0.9999464324347933
2513.046962,0.999891345903284
2513.166164,0.9999082212119307
2513.285366,0.9998624994540667
2513.404568,0.9996468323783716
2513.52377,0.9998762476579529
2513.642972,0.9996843598248448
2513.762174,0.9996483518427116
2513.881376,0.9999188532925722
2514.000578,0.9998401127833236
2514.11978,0.9997401537658821
2514.238982,0.9999430126238422
2514.358184,0.9997584991660222
2514.477386,0.9998451519901909
2514.596588,0.9998589099541368
2514.71579,0.9997369346077698
2514.834992,0.9999504632269864
2514.954194,1.0000034225058567
2515.073396,0.9997625381985177
2515.192598,0.9996147842146603
2515.3118,0.9999427136409261
2515.431002,0.9997034139903287
2515.550204,0.9997604087065792
2515.669406,0.9997320359087921
2515.788608,0.9999039036175532
2515.90781,0.9996849996230399
2516.027012,0.9996963461121768
2516.146214,0.9998580300786832
2516.265416,0.9997545001400236
2516.384618,1.000043446943791
2516.50382,0.9998056588866812
2516.623022,0.9997185796061498
2516.742224,0.9997097921184562
2516.861426,0.9998005798868347
2516.980628,0.9997209689364104
2517.09983,0.999749451392546
2517.219032,0.9996894182405034
2517.338234,0.9997091123160287
2517.457436,0.9997838933544059
2517.576638,0.9998263150849716
2517.69584,0.9997825136535851
2517.815042,0.9996903879397093
2517.934244,0.9997234382502532
2518.053446,0.9997976604734038
2518.172648,0.9996656958920753
2518.29185,0.9999453654925191
2518.411052,0.9997153905089675
2518.530254,0.9997558897997446
2518.649456,0.9998032893500776
2518.768658,0.9994846128576039
2518.88786,0.9998192663342971
2519.007062,0.9998633093430193
2519.126264,0.9995239033699853
2519.245466,0.9996196723429066
2519.364668,0.9997969406193474
2519.48387,1.0000157131234497
2519.603072,0.9997723759102951
2519.722274,0.99956952268196
2519.841476,0.9995619959517923
2519.960678,0.9998006898649046
2520.07988,0.9998218958624254
2520.199082,0.9997525806132261
2520.318284,0.999686239233208
2520.437486,1.0001163167642704
2520.556688,0.9995605965659776
2520.67589,0.9998154570301491
2520.795092,0.9997825036557599
2520.914294,0.9997430230242408
2521.033496,0.9997854730142053
2521.152698,0.9997830735319495
2521.2719,0.9999762952809613
2521.391102,0.9997933813485743
2521.510304,0.999791851665871
2521.629506,1.000052505378359
2521.748708,0.9998758777038097
2521.86791,1.0001242077131394
2521.987112,0.9997911118201745
2522.106314,0.999786202857867
2522.225516,0.999836283403025
2522.344718,0.9999271276553183
2522.46392,0.999860369749211
2522.583122,0.9999145786486114
2522.702324,1.0000471751127107
2522.821526,0.9997701664157858
2522.940728,0.9999006979307768
2523.05993,0.999922490004055
2523.179132,0.999800029996667
2523.298334,1.0000949415066596
2523.417536,0.9998438721892153
2523.536738,0.9998288846419032
2523.65594,0.9998927657500033
2523.775142,0.9999615507391918
2523.894344,0.9999256567635953
2524.013546,1.0000129320836186
2524.132748,0.9997077727067157
2524.25195,0.9997915217346144
2524.371152,0.9998378131537088
2524.490354,0.9998185664610556
2524.609556,0.9995561885134665
2524.728758,0.999742753093661
2524.84796,0.9997245879328683
2524.967162,0.9996499412848546
2525.086364,0.9997332255906227
2525.205566,1.0000365216668998
2525.324768,1.000023752282081
2525.44397,0.9999479453548901
2525.563172,1.0000608758528595
2525.682374,0.9998466217636446
2525.801576,0.9999009659041999
2525.920778,0.9999178943708517
2526.03998,1.0000171241466165
2526.159182,0.9999502192391032
2526.278384,0.9998787673492718
2526.397586,0.9998810470754602
2526.516788,0.9998529108186746
2526.63599,0.9999108659726735
2526.755192,0.9999258887463747
2526.874394,0.9996994351786589
2526.993596,0.9997969606152864
2527.112798,0.9999818011656008
2527.232,0.9998657290151557
2527.351202,0.9999780182416024
2527.470404,0.9998673787949697
2527.589606,0.9999796322074263
2527.708808,0.999882956850084
2527.82801,0.999794531111624
2527.947212,0.9999220320396595
2528.066414,0.9995823672328524
2528.185616,0.9997886723328379
2528.304818,0.9997825936361894
2528.42402,0.9997974605138917
2528.543222,0.9998781474246282
2528.662424,0.9998320041128896
2528.781626,0.9997288467686842
2528.900828,0.9998211859891313
2529.02003,0.9998898260695933
2529.139232,0.9999937458195575
2529.258434,0.9998913359043706
2529.377636,0.9998720781826935
2529.496838,0.9997407036231178
2529.61604,0.9999223460152268
2529.735242,0.9999772182595078
2529.854444,0.9998282747464696
2529.973646,0.9999159055361376
2530.092848,0.9997549600271994
2530.21205,0.9998197162530682
2530.331252,0.9996920674209718
2530.450454,0.9998255452190054
2530.569656,0.9998832268185188
2530.688858,0.9998721881686281
2530.80806,0.9999848001155194
2530.927262,0.9996415942426938
2531.046464,0.9999247408321132
2531.165666,0.9997294666007613
2531.284868,0.9997581392530274
2531.40407,0.9996153439990962
2531.523272,0.9998615695823746
2531.642474,0.9997545801203869
2531.761676,0.9998287246692945
2531.880878,0.9997667971960021
2532.00008,0.9998005598908233
2532.119282,0.9999070843169295
2532.238484,0.9997250378090341
2532.357686,0.9997886123455193
2532.476888,0.9998064187392707
2532.59609,0.9997686367686014
2532.715292,0.9996366360326828
2532.834494,0.9998295745240716
2532.953696,0.9997662573220774
2533.072898,0.9997720459854654
2533.1921,0.9996207419365283
2533.311302,0.9999145116543369
2533.430504,0.999822275794818
2533.549706,0.9998272649204221
2533.668908,0.9998658090044172
2533.78811,0.9996470123148177
2533.907312,0.9998321040960951
2534.026514,0.9995919832614782
2534.145716,0.9995634952959107
2534.264918,0.9995349881515387
2534.38412,0.9998006798668977
2534.503322,1.0000783760712437
2534.622524,0.9998660289749194
2534.741726,0.9997771648314451
2534.860928,0.9998082283905263
2534.98013,0.9998058688458916
2535.099332,0.9998514710315196
2535.218534,0.9998111878272623
2535.337736,0.9997845532119932
2535.456938,0.9996842198690442
2535.57614,0.9996159137800047
2535.695342,0.999783883356567
2535.814544,0.9997868227255049
2535.933746,0.9996893482622465
2536.052948,0.9998144672133366
2536.17215,0.999883466790522
2536.291352,0.9997427730885163
2536.410554,0.9997366646788339
2536.529756,0.9996359462836419
2536.648958,0.9998170767325014
2536.76816,0.9998769675691104
2536.887362,0.9998147871540173
2537.006564,0.9995966313750073
2537.125766,0.9997044436853755
2537.244968,0.9998126975432958
2537.36417,0.9998150970966494
2537.483372,0.9997735956333377
2537.602574,0.9997546900933967
2537.721776,0.9997419033126821
2537.840978,0.999668335012996
2537.96018,0.9998260651284241
2538.079382,0.9997678769447261
2538.198584,0.9996350666043963
2538.317786,0.999902041798218
2538.436988,0.9996404046699046
2538.55619,0.9996851395789497
2538.675392,0.9997438028241029
2538.794594,0.9997618083721312
2538.913796,0.9998131574572424
2539.032998,0.9994581368608855
2539.1522,0.9997170800294052
2539.271402,0.9997018044691278
2539.390604,0.9998472316702699
2539.509806,0.9998556604179599
2539.629008,0.9999032226832266
2539.74821,0.9997718960196698
2539.867412,0.9996461926046036
2539.986614,1.000076472923905
2540.105816,0.9997366146920019
2540.225018,0.9997487715631502
2540.34422,0.9997769548782626
2540.463422,0.9999101350380976
2540.582624,0.9997612685009004
2540.701826,0.9996000699933336
2540.821028,0.999557617879838
2540.94023,0.9995636452304463
2541.059432,0.9995171266208938
2541.178634,0.9991614617698438
2541.297836,0.9998906459795868
2541.417038,0.999952336135958
2541.53624,0.999875707724925
2541.655442,0.9996229111158919
2541.774644,0.9997496813349463
2541.893846,0.9996770021750327
2542.013048,0.9994815044652915
2542.13225,1.0000007859503088
2542.251452,0.9998577001255877
2542.370654,0.9998213859533885
2542.489856,0.9999214370862274
2542.609058,0.9995193855321525
2542.72826,1.000025994337847
2542.847462,0.9995681432769704
2542.966664,0.9997069629437478
2543.085866,0.9997265473949809
2543.205068,0.9997373345026237
2543.32427,0.9997749153353549
2543.443472,0.9996504611029593
2543.562674,0.999865759011128
2543.681876,0.9996089964618153
2543.801078,0.9996690547744563
2543.92028,0.9996137646081005
2544.039482,0.999766097359489
2544.158684,0.9997991801670026
2544.277886,0.999841802514542
2544.397088,0.9997130611748213
2544.51629,0.9996626269230997
2544.635492,0.9996795113674573
2544.754694,0.9997707362849431
2544.873896,0.9997084525082323
2544.993098,0.9998277248410697
2545.1123,0.9997574394225748
2545.231502,0.9996299284933589
2545.350704,0.9994731388401094
2545.469906,0.9998030094051957
2545.589108,0.9999548630187042
2545.70831,0.9998211060034397
2545.827512,0.9998702984119784
2545.946714,0.9997158603753115
2546.065916,0.999787472587151
2546.185118,0.9999220990344379
2546.30432,0.9995183860132667
2546.423522,0.9998313342256713
2546.542724,0.9997295865683046
2546.661926,0.9998176766229274
2546.781128,0.9998637592816098
2546.90033,0.9997575194031731
2547.019532,0.9996710641112758
2547.138734,0.9995758199897894
2547.257936,0.9994861320753701
2547.377138,0.9996110356662481
2547.49634,0.9994984458203698
2547.615542,0.9996424739276839
2547.734744,0.9999464304349004
2547.853946,0.9995382566362939
2547.973148,0.9997626581700295
2548.09235,0.9996489916178615
2548.211552,0.9996541498199664
2548.330754,0.999748751568175
2548.449956,0.9997358848845396
2548.569158,0.9995754001680331
2548.68836,0.9996595979499291
2548.807562,0.9998406227019112
2548.926764,0.9996649161531366
2549.045966,0.9997426931090977
2549.165168,0.999754230206345
2549.28437,0.9997285268555044
2549.403572,0.9997730257625506
2549.522774,0.9994727290562064
2549.641976,0.9994738584610284
2549.761178,0.9998400327961178
2549.88038,0.99979683064169
2549.999582,0.9995831269157402
2550.118784,0.9997465921132038
2550.237986,0.9996566689515981
2550.357188,0.9995326992190366
2550.47639,0.9997694165884422
2550.595592,0.9998490713908686
2550.714794,0.9996115654602373
2550.833996,0.9995381366917103
2550.953198,0.9996765923075458
2551.0724,0.9996255401276052
2551.191602,0.9998011797673626
2551.310804,0.9995767695872694
2551.430006,0.999653160162848
2551.549208,0.9997613884722599
2551.66841,0.999722358549523
2551.787612,0.999782373684043
2551.906814,0.999424785499329
2552.026016,0.9996544697093456
2552.145218,0.9994615450189431
2552.26442,0.9997867627382974
2552.383622,0.9995796183851222
2552.502824,0.9995654144596642
2552.622026,0.9995071414946746
2552.741228,0.9995502711583458
2552.86043,0.9995258724340146
2552.979632,0.9996809609037997
2553.098834,0.999660457657553
2553.218036,0.9996954163950073
2553.337238,0.9997780746290791
2553.45644,0.9997508410452492
2553.575642,0.9996009296497635
2553.694844,0.9996808609357085
2553.814046,0.9996196423543169
2553.933248,0.9995864055537735
2554.05245,0.9997180097667219
2554.171652,0.9996035985878087
2554.290854,0.9997695165653888
2554.410056,0.9997081226044974
2554.529258,0.9997233582723813
2554.64846,0.9996739031811294
2554.767662,0.9994999550641624
2554.886864,0.9998048690405227
2555.006066,0.9998724081405338
2555.125268,0.9998403327481726
2555.24447,0.99970659305224
2555.363672,0.9997754052251835
2555.482874,0.999775495204974
2555.602076,0.999766487268343
2555.721278,0.9998103379881138
2555.84048,0.9996749928262777
2555.959682,0.9995296106677679
2556.078884,0.9996963561091403
2556.198086,0.9997387241384844
2556.317288,0.9997282169397091
2556.43649,0.9996789415502981
2556.555692,0.9996015593985476
2556.674894,0.9999029757071611
2556.794096,0.9998831168313699
2556.913298,0.999766757205331
2557.0325,0.9995296006724719
2557.151702,0.9998656690232137
2557.270904,0.9996092163758187
2557.390106,0.9999647066228259
2557.509308,0.999808038426981
2557.62851,0.9998999250078361
2557.747712,0.9999169604479745
2557.866914,0.999880417150599
2557.986116,0.999796110788231
2558.105318,0.9997988602313163
2558.22452,0.9997108518113975
2558.343722,0.9998537206998603
2558.462924,0.9999235279241383
2558.582126,0.9998425623946008
2558.701328,0.9998854965560198
2558.82053,0.9998396728537708
2558.939732,0.9997998300366809
2559.058934,0.9997512709382034
2559.178136,0.9997093522462445
2559.297338,0.9998612896211743
2559.41654,0.9999668215504169
2559.535742,0.9998854765583101
2559.654944,0.9998261451145124
2559.774146,0.9997344352685575
2559.893348,0.9998030493973169
2560.01255,0.9999473393866187
2560.131752,0.9999780092418002
2560.250954,0.999862219492606
2560.370156,0.9997222785717375
2560.489358,1.0000813813112792
2560.60856,0.9997884723751234
2560.727762,0.9998210960052286
2560.846964,0.9997303663576862
2560.966166,0.9998058888420092
2561.085368,1.0000194921899703
2561.20457,0.999983325139027
2561.323772,0.9998847066467895
2561.442974,0.9996305082788854
2561.562176,0.9999868110869745
2561.681378,0.9999673325335933
2561.80058,0.9999501412429891
2561.919782,0.9999470084041042
2562.038984,0.9999269996646541
2562.158186,0.9999114119241553
2562.277388,0.9998562503329737
2562.39659,0.9998916558696492
2562.515792,1.0000974527482105
2562.634994,0.9997078626804193
2562.754196,0.9997854430206415
2562.873398,0.9998497112944792
2562.9926,1.0000155691211976
2563.111802,0.9998377631618194
2563.231004,0.9996889983710359
2563.350206,1.0000741107460656
2563.469408,0.9997528405489309
2563.58861,0.9998663389334363
2563.707812,1.00002380228327
2563.827014,0.9998830468395541
2563.946216,1.0000162981328131
2564.065418,0.9998608996753474
2564.18462,0.9999704804357109
2564.303822,0.9998272849169676
2564.423024,0.9997650975938915
2564.542226,1.0000426779106761
2564.661428,0.9999516201703417
2564.78063,1.000081832348084
2564.899832,1.0001419100682811
2565.019034,1.0001548119821382
2565.138236,0.9999426046471763
2565.257438,1.0001470708138518
2565.37664,0.9999628006919115
2565.495842,0.9999327612606254
2565.615044,0.9997082125782325
2565.734246,0.9998955054599348
2565.853448,1.0000605308319168
2565.97265,1.000049612230646
2566.091852,0.9999747533187028
2566.211054,1.0000029111042372
2566.330256,0.9999499292535816
2566.449458,1.0000492902147227
2566.56866,1.0000011034006087
2566.687862,0.9997608585988644
2566.807064,0.9998712882840638
2566.926266,0.9999960669077347
2567.045468,1.0000017489015294
2567.16467,1.000179956190173
2567.283872,1.00013427901462
2567.403074,1.0000982918303254
2567.522276,0.9999410527374581
2567.641478,0.9997614684531742
2567.76068,0.9996600677900506
2567.879882,0.9999939344183957
2567.999084,1.0000068496234586
2568.118286,1.0001126363429966
2568.237488,1.00014872105788
2568.35669,0.9998723781443619
2568.475892,0.999799470108807
2568.595094,1.0002575931714246
2568.714296,0.9999824571538776
2568.833498,1.0000024415029805
2568.9527,1.0000880638773957
2569.071902,0.9999081892148681
2569.191104,0.9999750453113734
2569.310306,1.0000477411395718
2569.429508,0.9999587548506046
2569.54871,1.000034192584553
2569.667912,1.0000638490382632
2569.787114,1.0000587577261675
2569.906316,1.0000190941822915
2570.025518,1.000252261812661
2570.14472,0.9998848366318098
2570.263922,0.9998886561991811
2570.383124,0.9999805641888778
2570.502326,1.0001286182706206
2570.621528,0.9999182663403776
2570.74073,1.0000833234712077
2570.859932,0.9999789952206035
2570.979134,0.9998906959741204
2571.098336,1.0000515083265082
2571.217538,1.0000779530381803
2571.33674,0.9999618447279309
2571.455942,0.999908419193778
2571.575144,0.9999172374250109
2571.694346,0.9998146471799569
2571.813548,1.0001329888422321
2571.93275,1.0000148341100243
2572.051952,0.9999662725687826
2572.171154,0.9999744563262452
2572.290356,0.9999933129223586
2572.409558,1.0001945089144062
2572.52876,1.0000510343022058
2572.647962,1.0000387817519927
2572.767164,1.0000281073950055
2572.886366,1.0001418900654433
2573.005568,1.0000996869684156
2573.12477,1.0002536321591984
2573.243972,0.9999913419374813
2573.363174,0.9998697284860707
2573.482376,0.9997914517492104
2573.601578,0.9999659485797627
2573.72078,0.9998482815104143
2573.839982,0.9999305784097902
2573.959184,0.999944940515829
2574.078386,1.0001477709170465
2574.197588,1.0000028170039676
2574.31679,1.0000618399120085
2574.435992,1.0000821523743215
2574.555194,1.0000732506827001
2574.674396,1.000111366200755
2574.793598,1.0000728786555202
2574.9128,1.0001960792210178
2575.032002,1.0001783158963897
2575.151204,1.0000772689850943
2575.270406,1.0000329065414084
2575.389608,0.999992156430761
2575.50881,0.9999440045678027
2575.628012,1.0001606028952643
2575.747214,1.0001963192681058
2575.866416,1.0000484521737687
2575.985618,1.0000095235453488
2576.10482,1.0002094919403723
2576.224022,1.0000153811182881
2576.343224,1.0000704614822937
2576.462426,1.0000611898720237
2576.581628,1.0000363306599425
2576.70083,1.000280509335388
2576.820032,1.0002081716647144
2576.939234,1.0000121270735323
2577.058436,1.0001657037273461
2577.177638,1.00007681094981
2577.29684,1.000059659779574
2577.416042,0.9998496812989882
2577.535244,0.9999710274197133
2577.654446,1.0001367293466052
2577.773648,1.0000706534958408
2577.89285,1.0002616642281135
2578.012052,1.0001841369511275
2578.131254,1.0001997099393753
2578.250456,1.0001663738385922
2578.369658,1.0001632033162124
2578.48886,1.0001902781005818
2578.608062,1.0001454305740007
2578.727264,1.0000774479989414
2578.846466,1.0000253963224812
2578.965668,1.0002298164037444
2579.08487,1.0000334615598254
2579.204072,1.0001433402722353
2579.323274,1.0001166868073759
2579.442476,1.0004274913483937
2579.561678,1.0000934093623828
2579.68088,1.0001806363127743
2579.800082,1.0000177581576741
2579.919284,1.0002584733984938
2580.038486,1.0002091118608376
2580.157688,1.0002537921997925
2580.27689,1.0003858544226742
2580.396092,1.0002160633383215
2580.515294,1.0001165167875536
2580.634496,1.0003117585866101
2580.753698,1.0002445298925613
2580.8729,1.0000626399618004
2580.992102,1.0000924462728933
2581.111304,1.0001676040439886
2581.230506,1.0003663170777202
2581.349708,1.0000805572445606
2581.46891,0.9999892580576951
2581.588112,1.000151051407115
2581.707314,1.0001425901650114
2581.826516,1.0002037407523283
2581.945718,1.0000788371074814
2582.06492,1.0001429902221273
2582.184122,1.000122537507107
2582.303324,1.0003062368809428
2582.422526,1.000171724743006
2582.541728,1.0002141229210408
2582.66093,1.0001493311487861
2582.780132,1.0001635533733948
2582.899334,1.0000540544608898
2583.018536,1.000042034883441
2583.137738,1.000067663289057
2583.25694,1.0002721670307275
2583.376142,1.000233657293614
2583.495344,1.0003015354526779
2583.614546,1.0004037814978115
2583.733748,1.0003765608812552
2583.85295,1.0000383777364066
2583.972152,1.0001816564975436
2584.091354,1.0002132527351324
2584.210556,1.00013172867546
2584.329758,1.0004210986371487
2584.44896,1.0000855716610457
2584.568162,0.9999576778956055
2584.687364,1.0002332672025636
2584.806566,1.0002157832778629
2584.925768,1.000188857831395
2585.04497,1.0003382471926852
2585.164172,1.0002908522893272
2585.283374,1.0005152727073965
2585.402576,1.0001902580967763
2585.521778,1.0005711030172646
2585.64098,1.0002600338029295
2585.760182,1.0001827466961435
2585.879384,1.0003166501230696
2585.998586,1.0003289040770889
2586.117788,1.000136869365757
2586.23699,1.0000994969494932
2586.356192,1.0001807763380732
2586.475394,1.000280309279306
2586.594596,1.0001020352052374
2586.713798,1.0001456406045632
2586.833,1.0002373881721138
2586.952202,1.0002221846793604
2587.071404,1.0001526316470246
2587.190606,1.0001809063615825
2587.309808,1.0000536204375243
2587.42901,1.00022703576872
2587.548212,1.0001074757751074
2587.667414,1.00041653672734
2587.786616,1.000377751330071
2587.905818,1.0002074015047187
2588.02502,1.0002152731679435
2588.144222,1.000195049019587
2588.263424,1.0003089277083392
2588.382626,1.0004376057214592
2588.501828,1.0001836268573479
2588.62103,1.0002859908875985
2588.740232,1.0002372081294
2588.859434,1.0002177537048969
2588.978636,1.0001935987378172
2589.097838,1.0003669673160376
2589.21704,1.000152131570834
2589.336242,1.0004266509896538
2589.455444,1.0004558838834863
2589.574646,1.000234507492584
2589.693848,1.0002975942723922
2589.81305,1.0003024257214406
2589.932252,1.0002987146063251
2590.051454,1.0002054110939702
2590.170656,1.000168584208721
2590.289858,1.0001690142813044
2590.40906,1.0001797761577969
2590.528262,1.0003073072091888
2590.647464,1.0002358678124392
2590.766666,1.000280869436436
2590.885868,1.0003921268616454
2591.00507,1.0000477101380925
2591.124272,1.0002949034754827
2591.243474,1.0005265785938562
2591.362676,1.0001954390957322
2591.481878,1.0003440491713447
2591.60108,1.0002886216432139
2591.720282,1.000404471776659
2591.839484,1.0001941788502728
2591.958686,1.0002211644532524
2592.077888,1.0000932083436278
2592.19709,1.0003639462123581
2592.316292,1.0002196141116488
2592.435494,1.0003896558961438
2592.554696,1.0004556937968865
2592.673898,1.0002822198165213
2592.7931,1.0001661838069993
2592.912302,1.000380662433563
2593.031504,1.0003898259623998
2593.150706,1.0002856407875629
2593.269908,1.000279178963195
2593.38911,1.0000781100504312
2593.508312,1.00035109161824
2593.627514,1.00033482604173
2593.746716,1.0002157932800209
2593.865918,1.0002513615860307
2593.98512,1.0001938487862483
2594.104322,1.0001863373586493
2594.223524,1.0001766355982304
2594.342726,1.000093395361075
2594.461928,1.0000728166510036
2594.58113,1.0004975637437943
2594.700332,1.0002540622683527
2594.819534,1.0004899900059034
2594.938736,1.0001700744610216
2595.057938,1.0002524418580845
2595.17714,1.0001844470082581
2595.296342,1.0003714589738044
2595.415544,1.0001684041783918
2595.534746,1.0001378795045053
2595.653948,1.000271206769908
2595.77315,1.0002914524640187
2595.892352,1.0002552325662903
2596.011554,0.9999420456794165
2596.130756,1.0003896959117309
2596.249958,1.000262334403653
2596.36916,1.0003303745616587
2596.488362,1.0004311028981563
2596.607564,1.0004118547889038
2596.726766,1.000367007330717
2596.845968,1.0003466100553884
2596.96517,1.0003821530018604
2597.084372,1.0003629858634306
2597.203574,1.0003837836260987
2597.322776,1.0004662886787834
2597.441978,1.0004632972890526
2597.56118,1.0003516518150084
2597.680382,1.0002472005490213
2597.799584,1.0002603338809848
2597.918786,1.0002566129194637
2598.037988,1.000145670608933
2598.15719,1.0002089018169462
2598.276392,1.000268896146089
2598.395594,1.0003815327651178
2598.514796,1.000514902516814
2598.633998,1.000335826377056
2598.7532,1.000452472334739
2598.872402,1.0001665638702213
2598.991604,1.0004089035782853
2599.110806,1.0003943977543508
2599.230008,1.0003264232644828
2599.34921,1.0001611829885821
2599.468412,1.0001357792171637
2599.587614,1.000157542408502
2599.706816,1.0002594036393067
2599.826018,1.0003122087270029
2599.94522,1.0005229767046566
2600.064422,1.0001852371542832
2600.183624,1.0004272212330074
2600.302826,1.000519344812843
2600.422028,1.0004746726214113
2600.54123,1.000237798269527
2600.660432,1.0002233849467022
2600.779634,1.0003833534611644
2600.898836,1.0004113345748746
2601.018038,1.0005059579535678
2601.13724,1.000314729516945
2601.256442,1.0002601938445477
2601.375644,1.0004789846765427
2601.494846,1.0004257706145883
2601.614048,1.000083836514084
2601.73325,1.0004405970343724
2601.852452,1.0002447899561728
2601.971654,1.000298064412372
2602.090856,1.0002784587624456
2602.210058,1.0002786888265176
2602.32926,1.0003315449488817
2602.448462,1.0001687742407699
2602.567664,1.0004369654415965
2602.686866,1.0002386084624717
2602.806068,1.0003818728948968
2602.92527,1.0002606539643428
2603.044472,1.0003511516393075
2603.163674,1.0002179237419295
2603.282876,1.000282039765738
2603.402078,1.0003586943154268
2603.52128,1.0003240825033912
2603.640482,1.0004036514453283
2603.759684,1.0002150931292106
2603.878886,1.0003062968993188
2603.998088,1.0003078773845164
2604.11729,1.0002213544952916
2604.236492,1.0004227993544619
2604.355694,1.0005783671898416
2604.474896,1.0003414582836125
2604.594098,1.0004222191094065
2604.7133,1.000388495444816
2604.832502,1.0003442892539451
2604.951704,1.0003005751636647
2605.070906,1.0001935287242678
2605.190108,1.0005602969077052
2605.30931,1.0002344974902388
2605.428512,1.0003707787214438
2605.547714,1.000122767535317
2605.666916,1.000337196838077
2605.786118,1.000428131622193
2605.90532,1.0006812519467707
2606.024522,1.0004606760786474
2606.143724,1.0006880065680182
2606.262926,1.0003175604116352
2606.382128,1.0003311648229667
2606.50133,1.0002501812901203
2606.620532,1.0005033166213253
2606.739734,1.000311478499357
2606.858936,1.0004556837923295
2606.978138,1.0003265833167234
2607.09734,1.0003564335073323
2607.216542,1.00054261716346
2607.335744,1.000166193808661
2607.454946,1.0002404489032044
2607.574148,1.000210252099875
2607.69335,1.0003827432275048
2607.812552,1.0003418184066022
2607.931754,1.0005042170747156
2608.050956,1.0002474206034297
2608.170158,1.0004425779087156
2608.28936,1.0004567442759165
2608.408562,1.000514902516814
2608.527764,1.0003893157637185
2608.646966,1.0000962576324686
2608.766168,1.0002943032987208
2608.88537,1.0003311448163437
2609.004572,1.000333315537283
2609.123774,1.0004656083619385
2609.242976,1.0004779641884989
2609.362178,1.0004661886321597
2609.48138,1.0004293421409647
2609.600582,1.000343849102555
2609.719784,1.000426060738104
2609.838986,1.000132998843562
2609.958188,1.0002542523166427
2610.07739,1.0005270188256477
2610.196592,1.0004498311436982
2610.315794,1.0002532520628904
2610.434996,1.0003793519357536
2610.554198,1.0003422185434097
2610.6734,1.0005837503159376
2610.792602,1.000492421199533
2610.911804,1.0002275558869138
2611.031006,1.0004336439963848
2611.150208,1.0003355062696428
2611.26941,1.000538915162625
2611.388612,1.000512801437725
2611.507814,1.0005248276738756
2611.627016,1.000253262065423
2611.746218,1.000362915838024
2611.86542,1.0005269387834894
2611.984622,1.0003166001072383
2612.103824,1.0002646250070215
2612.223026,1.0002415391658879
2612.342228,1.0005990993883944
2612.46143,1.0007762010882715
2612.580632,1.0004084633984647
2612.699834,1.0004305326525902
2612.819036,1.0004062424941411
2612.938238,1.0004442986714295
2613.05744,1.0003375569595327
2613.176642,1.0003276036503588
2613.295844,1.0004373155945956
2613.415046,1.0003949579753706
2613.534248,1.0003765408737242
2613.65345,1.000501625772149
2613.772652,1.0005746650567318
2613.891854,1.0004069427787559
2614.011056,1.0003099180146677
2614.130258,1.0005314211542156
2614.24946,1.0004570043947036
2614.368662,1.0005423970441083
2614.487864,1.0003259030948781
2614.607066,1.0004878789742517
2614.726268,1.0005510817898065
2614.84547,1.0003551530519168
2614.964672,1.0004315931095167
2615.083874,1.00033789707436
2615.203076,1.0003416683553408
2615.322278,1.000525407978444
2615.44148,1.0005139820435272
2615.560682,1.0003313048693396
2615.679884,1.0002911723824512
2615.799086,1.0004219990165426
2615.918288,1.0003673674629046
2616.03749,1.0004665888187152
2616.156692,1.0002332972095622
2616.275894,1.00028635099062
2616.395096,1.0004330737493703
2616.514298,1.0004264809171377
2616.6335,1.0004220790503058
2616.752702,1.0005576854487381
2616.871904,1.000350441390242
2616.991106,1.0004167168023328
2617.110308,1.0006469491814067
2617.22951,1.0004803053096742
2617.348712,1.0004309128162647
2617.467914,1.00036481652937
2617.587116,1.0005601868460785
2617.706318,1.000395658252086
2617.82552,1.000473882246732
2617.944722,1.0004175171360263
2618.063924,1.0004730818679466
2618.183126,1.0002794790469938
2618.302328,1.0003167201452374
2618.42153,1.0002564528784184
2618.540732,1.0001919784254998
2618.659934,1.0002324670162699
2618.779136,1.000268746105766
2618.898338,1.000453102619995
2619.01754,1.0004359349920526
2619.136742,1.0003830733538646
2619.255944,1.0001388796428847
2619.375146,1.0001315386504497
2619.494348,1.0003687979892628
2619.61355,1.0002445398950066
2619.732752,1.0002689261541564
2619.851954,1.000497353639328
2619.971156,1.000258253341654
2620.090358,1.0003977590851745
2620.20956,1.0003701384843502
2620.328762,1.0006856649608225
2620.447964,1.000449651062745
2620.567166,1.0004532126698424
2620.686368,1.0003563534788207
2620.80557,1.0003833834726654
2620.924772,1.0003686579376407
2621.043974,1.0004826464363277
2621.163176,1.0004028211106422
2621.282378,1.0004721314189702
2621.40158,1.0002055511227375
2621.520782,1.0004788546142833
2621.639984,1.0002140629081953
2621.759186,1.000496593261628
2621.878388,1.000214553013206
2621.99759,1.0002921526682806
2622.116792,1.0002909323125988
2622.235994,1.0001506113407492
2622.355196,1.0003715289998092
2622.474398,1.000182926729054
2622.5936,1.000253202050229
2622.712802,1.0002174936483146
2622.832004,1.0002264856440015
2622.951206,1.00028037929893
2623.070408,1.0005152526970913
2623.18961,1.000550151277733
2623.308812,1.0001041554237995
2623.428014,1.0002800792148614
2623.547216,1.0002376482338684
2623.666418,1.0003309047368976
2623.78562,1.0002607739956284
2623.904822,0.9999819661626116
2624.024024,1.0003600748113775
2624.143226,1.0004038415220402
2624.262428,1.0003318650550272
2624.38163,1.0002371681199125
2624.500832,1.000340527966489
2624.620034,1.0002832801162362
2624.739236,1.000334505934637
2624.858438,1.0004435183251807
2624.97764,1.0003033059879625
2625.096842,1.000492421199533
2625.216044,1.00037292952093
2625.335246,1.0004226492910533
2625.454448,1.0003077873568116
2625.57365,1.000483716953332
2625.692852,1.000503166545839
2625.812054,1.0002995948695814
2625.931256,1.0003454996712675
2626.050458,1.0003642863361577
2626.16966,1.0004332938446707
2626.288862,1.0004460694594053
2626.408064,1.0003708787585266
2626.527266,1.0002010502078846
2626.646468,1.0001403798523294
2626.76567,1.000183786886741
2626.884872,1.0003893257676117
2627.004074,1.0004648580130135
2627.123276,1.0004626169742417
2627.242478,1.00040576229926
2627.36168,1.0006387238972905
2627.480882,1.0003930072071046
2627.600084,1.0001360892593032
2627.719286,1.000393597439153
2627.838488,1.0003662370484179
2627.95769,1.000166633881883
2628.076892,1.0003723493047991
2628.196094,1.000607984747848
2628.315296,1.0005090595268449
2628.434498,1.0005027163195155
2628.5537,1.000611887126598
2628.672902,1.0005082591199175
2628.792104,1.000398879531292
2628.911306,1.000606103606605
2629.030508,1.0002871512200209
2629.14971,1.0002650351156017
2629.268912,1.0003950680188218
2629.388114,1.0004069927991042
2629.507316,1.000576035844962
2629.626518,1.0003799521635448
2629.74572,1.000466708874713
2629.864922,1.0003231021862706
2629.984124,1.0004401568406065
2630.103326,1.0003602148617976
2630.222528,1.0003331054673088
2630.34173,1.000261564201952
2630.460932,1.0005833300708507
2630.580134,1.0003739999205372
2630.699336,1.0003784215833889
2630.818538,1.0004933316480507
2630.93774,1.0004090536396322
2631.056942,1.000404811914237
2631.176144,1.0003967286760131
2631.295346,1.0002269457482909
2631.414548,1.0003840437259164
2631.53375,1.0003242625617423
2631.652952,1.0004079932065972
2631.772154,1.0003895358493922
2631.891356,1.0005882229352978
2632.010558,1.0002424393836784
2632.12976,1.0005296802310573
2632.248962,1.0008459075781775
2632.368164,1.0006078346566616
2632.487366,1.0004083933698746
2632.606568,1.0004085534352303
2632.72577,1.000615749495937
2632.844972,1.000398619427617
2632.964174,1.0005745249762885
2633.083376,1.0004607461108972
2633.202578,1.0002956536969416
2633.32178,1.000158602576059
2633.440982,1.0004044417645253
2633.560184,1.0001572923691477
2633.679386,1.0005942965242443
2633.798588,1.000031045481901
2633.91779,1.000419037771808
2634.036992,1.0004091536805424
2634.156194,1.0003763708097266
2634.275396,1.0006041324145225
2634.394598,1.000450271341721
2634.5138,1.000386164542337
2634.633002,1.000289882007671
2634.752204,1.0004853277334131
2634.871406,1.0003153997280383
2634.990608,1.0002022904579557
2635.10981,1.0003815927880115
2635.229012,1.0003118986302661
2635.348214,1.0003902561301175
2635.467416,1.0005534030710088
2635.586618,1.000393217289658
2635.70582,1.0003287540277646
2635.825022,1.0002369780748686
2635.944224,1.0004623768632424
2636.063426,1.0005595965157426
2636.182628,1.0004992545861058
2636.30183,1.0003951280425278
2636.421032,1.0004284517592463
2636.540234,1.0001910082397512
2636.659436,1.0005953371428538
2636.778638,1.000372389319694
2636.89784,1.0003744100739613
2637.017042,1.000472281489801
2637.136244,1.0002748577664757
2637.255446,1.0003257630492615
2637.374648,1.0005888032766355
2637.49385,1.0002539422378725
2637.613052,1.0004100740573871
2637.732254,1.0004172070066442
2637.851456,1.0003753104113355
2637.970658,1.0002739475167695
2638.08986,1.0003051965629974
2638.209062,1.0001035353594154
2638.328264,1.0000700354523677
2638.447466,1.0001651236314062
2638.566668,1.0004239298328639
2638.68587,1.000235917824234
2638.805072,1.0000590627441353
2638.924274,1.0005746750624787
2639.043476,1.0001189370724528
2639.162678,1.0003165100787483
2639.28188,1.0004000199866647
2639.401082,1.0001817565157143
2639.520284,1.000276758290511
2639.639486,1.0002986045734727
2639.758688,1.0005401158100435
2639.87789,1.000389966016985
2639.997092,1.0001344590388064
2640.116294,1.0003361564879334
2640.235496,1.0003347660216422
2640.354698,1.0003056366973806
2640.4739,1.0002449599978016
2640.593102,1.0001704145189048
2640.712304,1.0001980096013137
2640.831506,1.0003215316802332
2640.950708,1.000211612386743
2641.06991,1.00020820167096
2641.189112,1.000367847639356
2641.308314,1.0001986697322178
2641.427516,1.0002204242898645
2641.546718,1.0003118186053175
2641.66592,1.0003552830980953
2641.785122,1.000448680627054
2641.904324,1.0003050565202796
2642.023526,1.0003490409006044
2642.142728,1.0004739322704275
2642.26193,1.00056642035546
2642.381132,1.0002808794392448
2642.500334,1.0004669990101007
2642.619536,1.0002610440660737
2642.738738,1.0001899280340456
2642.85794,1.000541346475143
2642.977142,1.0005606471038704
2643.096344,1.0002908522893272
2643.215546,1.000421498805668
2643.334748,1.0004908504276648
2643.45395,1.0005513019110686
2643.573152,1.0004269211048862
2643.692354,1.000392927175667
2643.811556,1.0001520115525853
2643.930758,1.0002391585938577
2644.04996,1.0004492608874571
2644.169162,1.0003490108901336
2644.288364,1.0003912665247863
2644.407566,1.0004144558631078
2644.526768,1.000425480491157
2644.64597,1.0006036521246542
2644.765172,1.0003420985023506
2644.884374,1.0003816227994597
2645.003576,1.000322802089385
2645.122778,1.0004790547100741
2645.24198,1.0004676793278913
2645.361182,1.0000978617881524
2645.480384,1.0004085034148038
2645.599586,1.0006156994651507
2645.718788,1.000270886683173
2645.83799,1.0006118771204793
2645.957192,1.0003433689376224
2646.076394,1.0003609151141932
2646.195596,1.0003494510437951
2646.314798,1.0001455805958266
2646.434,1.0002919326040312
2646.553202,1.0003525521319
2646.672404,1.000294143251645
2646.791606,1.0003891456975493
2646.910808,1.0002385384457715
2647.03001,1.0002780686539228
2647.149212,1.0003112884401941
2647.268414,1.00025488247702
2647.387616,1.000479304829869
2647.506818,1.0003783115417686
2647.62602,1.0004197680779723
2647.745222,1.0002688161245807
2647.864424,1.0002152031528768
2647.983626,1.0001987797540774
2648.102828,1.0003415883280105
2648.22203,1.0005036367824378
2648.341232,1.0003711188475664
2648.460434,1.0001786759606484
2648.579636,1.0003186607615568
2648.698838,1.0003344059011912
2648.81804,1.0003576339357727
2648.937242,1.000396928755379
2649.056444,1.0003049864989282
2649.175646,1.0002770683763542
2649.294848,1.000459235416311
2649.41405,1.000135149131821
2649.533252,1.000085308638575
2649.652454,1.0003857943995247
2649.771656,1.0003789117689355
2649.890858,1.0002467704428175
2650.01006,1.0001616030563674
2650.129262,1.000139859779467
2650.248464,1.0002914624669332
2650.367666,1.0004102541312168
2650.486868,1.0002246952401947
2650.60607,1.0004299824159484
2650.725272,1.0004979839528594
2650.844474,1.0001742251754433
2650.963676,1.000621082792095
2651.082878,1.0003370767976207
2651.20208,1.0003062868962558
2651.321282,1.000296313892291
2651.440484,1.000326863408206
2651.559686,1.0002857208104174
2651.678888,1.000243489638791
2651.79809,1.0004453491384946
2651.917292,1.0000661961908712
2652.036494,1.0002773584567461
2652.155696,1.0003203012855058
2652.274898,1.0003225820183927
2652.3941,1.0004425979175673
2652.513302,1.0004861681414414
2652.632504,1.0003066370035176
2652.751706,1.0005070284955155
2652.870908,1.0003298743965965
2652.99011,1.0002985445555581
2653.109312,1.0002288261767163
2653.228514,1.000537694505893
2653.347716,1.0003223819538964
2653.466918,1.0003313248759658
2653.58612,1.000194798970856
2653.705322,1.0003035160516787
2653.824524,1.0005083491656648
2653.943726,1.0001434102822715
2654.062928,1.0003453496194539
2654.18213,1.0004726516646139
2654.301332,1.000057012625158
2654.420534,1.0004235096549017
2654.539736,1.0002138628654027
2654.658938,1.000380662433563
2654.77814,1.0004850676072616
2654.897342,1.000494842394122
2655.016544,1.0001747752714183
2655.135746,1.0004522722442644
2655.254948,1.0004991945561523
2655.37415,1.0003810925973402
2655.493352,1.0004233795998538
2655.612554,1.0003627457763429
2655.731756,1.0001955091094152
2655.850958,1.000060286817177
2655.97016,1.0004732119294555
2656.089362,1.000548670464605
2656.208564,1.0003890756703115
2656.327766,1.0006380234504288
2656.446968,1.0003141393314288
2656.56617,1.0004107443323613
2656.685372,1.000492451214306
2656.804574,1.0004463996066626
2656.923776,1.0004959829588924
2657.042978,1.0002983244899026
2657.16218,1.00021388286968
2657.281382,1.0004269311091554
2657.400584,1.0005108304294474
2657.519786,1.0002696863588292
2657.638988,1.0001975395083595
2657.75819,1.0003613652767063
2657.877392,1.00032708348014
2657.996594,1.0002523018227523
2658.115796,1.0002948134489456
2658.234998,1.0003242525584997
2658.3542,1.0003730495656888
2658.473402,1.0003160899459023
2658.592604,1.0002255954428254
2658.711806,1.000233817331012
2658.831008,1.0004132853788792
2658.95021,1.0002690161783638
2659.069412,1.0003204813431763
2659.188614,1.0004471799551586
2659.307816,1.000336726679705
2659.427018,1.0004326135502621
2659.54622,1.0006696841383602
2659.665422,1.0004955827605793
2659.784624,1.0002735874182132
2659.903826,1.000220404285456
2660.023028,1.0003492609774176
2660.14223,1.0005064682117364
2660.261432,1.0001601828278994
2660.380634,1.000395878339155
2660.499836,1.0004754529919604
2660.619038,1.000389215724792
2660.73824,1.0007454577155945
2660.857442,1.0005277792264708
2660.976644,1.0004408771577789
2661.095846,1.0001919484197408
2661.215048,1.0004700904579038
2661.33425,1.0003457497576738
2661.453452,1.0002056611453543
2661.572654,1.0002368880535446
2661.691856,1.0005170636313374
2661.811058,1.0001378394989908
2661.93026,1.0003347960316857
2662.049462,1.0001926085466446
2662.168664,1.0002884615970473
2662.287866,1.0003710988401442
2662.407068,1.0001410099409673
2662.52627,1.000502126023087
2662.645472,1.0001890678710774
2662.764674,1.0002062412648058
2662.883876,1.0003336656540047
2663.003078,1.0003068670740705
2663.12228,1.0003884654331616
2663.241482,1.0001627132363629
2663.360684,1.0002651151368078
2663.479886,1.0002249853053984
2663.599088,1.0003689180335258
2663.71829,1.0003100480549656
2663.837492,1.0001213873668502
2663.956694,1.0003366566561367
2664.075896,1.00033159496546
2664.195098,1.0003394175891192
2664.3143,1.0001936987571822
2664.433502,1.000337506942656
2664.552704,1.0002688361299572
2664.671906,1.0002163133923685
2664.791108,1.000247140534191
2664.91031,1.0004038915422335
2665.029512,1.0002412891055343
2665.148714,1.000209361913147
2665.267916,1.0002422893473237
2665.387118,1.0002848505622188
2665.50632,1.0002486909184605
2665.625522,1.0001973494708452
2665.744724,1.0000459600561311
2665.863926,1.0000110770613502
2665.983128,1.0002118024269673
2666.10233,1.0003311148064098
2666.221532,1.0002063812936894
2666.340734,1.0001887878181777
2666.459936,1.0002861609362312
2666.579138,1.0004614864521233
2666.69834,1.000444808898152
2666.817542,1.000290312132413
2666.936744,1.0004940820183308
2667.055946,1.000326973444167
2667.175148,1.0000382207303935
2667.29435,1.0003536425167763
2667.413552,1.0001677240641083
2667.532754,1.0002543623446165
2667.651956,1.0001992098396453
2667.771158,1.0002882715422576
2667.89036,1.0002815896389212
2668.009562,1.0003299344163907
2668.128764,1.0002329871372881
2668.247966,1.000247470615802
2668.367168,1.0001896779865949
2668.48637,1.000311518511817
2668.605572,1.0005611673955421
2668.724774,1.0001034653521703
2668.843976,1.000378061447222
2668.963178,1.000293763139943
2669.08238,1.0002852906876498
2669.201582,1.000289721961303
2669.320784,1.0005938662687894
2669.439986,1.0003566435822053
2669.559188,1.0004147559874894
2669.67839,1.0002196741248275
2669.797592,1.0002869511626107
2669.916794,1.000303636088108
2670.035996,1.000388235343841
2670.155198,1.0004294321796094
2670.2744,1.0003718791299054
2670.393602,1.00028740129184
2670.512804,1.0001338689596495
2670.632006,0.9998771475469808
2670.751208,1.0001992298436297
2670.87041,1.0004545632825912
2670.989612,1.0003812226468907
2671.108814,1.0001530617127488
2671.228016,1.0003122087270029
2671.347218,1.000289151796324
2671.46642,1.0001455105856385
2671.585622,1.000033896574476
2671.704824,1.0000153441177198
2671.824026,1.0003497811591686
2671.943228,1.0004709108437144
2672.06243,1.000410614278973
2672.181632,1.0003387073483847
2672.300834,1.0004786745281056
2672.420036,1.0004092737296482
2672.539238,1.0003746601675951
2672.65844,1.0001775157540571
2672.777642,1.0003323052011446
2672.896844,1.0001080258343702
2673.016046,1.0003281438274105
2673.135248,1.0003731996216574
2673.25445,1.0002771483985229
2673.373652,1.0001093059734627
2673.492854,1.0003518818959147
2673.612056,1.0003046764044303
2673.731258,1.0003905462433338
2673.85046,1.0002250653234004
2673.969662,1.0003818028681681
2674.088864,1.0001751853431604
2674.208066,1.0002482308041685
2674.327268,1.0005245375217178
2674.44647,1.000347980531183
2674.565672,1.0003329354106953
2674.684874,1.0000911881573873
2674.804076,1.0001773257203472
2674.923278,1.0000263593474015
2675.04248,1.0001163167642704
2675.161682,1.0002341274035433
2675.280884,1.0002334272398992
2675.400086,1.0001701144678252
2675.519288,1.0001530517112183
2675.63849,1.0003417683895126
2675.757692,1.000504937438011
2675.876894,1.0002443298436752
2675.996096,1.00060180100961
2676.115298,1.0003925370225015
2676.2345,1.0005866720247543
2676.353702,1.0004208485319053
2676.472904,1.00056190781108
2676.592106,0.9999021297896016
2676.711308,1.0004867384187197
2676.83051,1.0003615653489992
2676.949712,1.0004734220288523
2677.068914,1.0003159699079787
2677.188116,1.0003971488427275
2677.307318,1.0003601848509918
2677.42652,1.0003948879477258
2677.545722,1.0005282894957683
2677.664924,1.000607054182855
2677.784126,1.0006112667474205
2677.903328,1.0003891757092243
2678.02253,1.0003962885015494
2678.141732,1.000153661804766
2678.260934,1.0004737121661866
2678.380136,1.0002157232649178
2678.499338,1.0003542427291419
2678.61854,1.0004384060718639
2678.737742,1.000129728414003
2678.856944,1.00020044008543
2678.976146,1.0002813195629285
2679.095348,1.0003740099242773
2679.21455,1.0002877513924917
2679.333752,1.0002798191420745
2679.452954,1.0003306346475898
2679.572156,1.000478444418037
2679.691358,1.0002154432045545
2679.81056,1.0004853077237068
2679.929762,1.0001999499873344
2680.048964,1.00030969794651
2680.168166,1.000174215173701
2680.287368,1.0004456492721443
2680.40657,1.000496453192115
2680.525772,1.0003647865184258
2680.644974,1.0004567242667817
2680.764176,1.0004296822869987
2680.883378,1.0003288640639334
2681.00258,1.0000827094202356
2681.121782,1.0001635633750303
2681.240984,1.0001161767479958
2681.360186,1.0002551225382208
2681.479388,1.0001030053046822
2681.59859,1.0000236822804207
2681.717792,1.000328684004754
2681.836994,1.000510280148642
2681.956196,1.0002520517597082
2682.075398,1.0003925970460557
2682.1946,1.0002692662456492
2682.313802,1.0003779213943031
2682.433004,1.0006287475789453
2682.552206,1.000117856944584
2682.671408,1.000368277797623
2682.79061,1.0002644549620496
2682.909812,1.0002943433104936
2683.029014,1.0002882415336098
2683.148216,1.0004643477760662
2683.267418,1.0005537832813742
2683.38662,1.0002328371023512
2683.505822,1.0003646764783054
2683.625024,1.0003434289582265
2683.744226,1.0003208414586144
2683.863428,1.0003916866892064
2683.98263,1.0003151096366145
2684.101832,1.0001967693565508
2684.221034,1.0004105742625493
2684.340236,1.0001335689195339
2684.459438,1.0003967286760131
2684.57864,1.0003717390778522
2684.697842,1.0001832767931396
2684.817044,1.0001050855210967
2684.936246,1.0002264956462665
2685.055448,1.0000612278743497
2685.17465,1.000319591058344
2685.293852,1.0001380595293397
2685.413054,1.00037103881788
2685.532256,1.00029801439747
2685.651458,1.0005116908691316
2685.77066,1.0002534521135609
2685.889862,1.0003453696263611
2686.009064,1.0002974842396628
2686.128266,1.0002656052668344
2686.247468,1.0002592536004073
2686.36667,1.0000861887140338
2686.485872,1.0003944377701277
2686.605074,1.0000683853381707
2686.724276,0.9999128907942272
2686.843478,1.0000956245717378
2686.96268,1.0001849771061555
2687.081882,1.0002856807989893
2687.201084,1.0001414800073523
2687.320286,1.0002387584982741
2687.439488,1.0003070471293227
2687.55869,1.0003594645919178
2687.677892,1.0002546724235168
2687.797094,1.0001201172134948
2687.916296,1.0002397387327377
2688.035498,1.0002058411823895
2688.1547,1.0003239724677482
2688.273902,1.0002638848114729
2688.393104,1.0002855207532932
2688.512306,1.0003499512186458
2688.631508,1.0004503613822493
2688.75071,1.0001752853606838
2688.869912,1.000262394419395
2688.989114,1.0004342742697792
2689.108316,1.0004428280193913
2689.227518,1.0004822662529942
2689.34672,1.0003052465782585
2689.465922,1.000311998661461
2689.585124,1.0004111845131858
2689.704326,1.000332875390721
2689.823528,1.0002691262079617
2689.94273,1.0002528219540845
2690.061932,1.0002377182505062
2690.181134,1.0002104321377367
2690.300336,1.0002473505861127
2690.419538,1.0000913571728123
2690.53874,1.0001695243676318
2690.657942,1.0001624431924667
2690.777144,1.0003034960456088
2690.896346,1.0001310885913586
2691.015548,1.0001057755938436
2691.13475,1.000342588670099
2691.253952,1.0003038361488552
2691.373154,1.0003734697224578
2691.492356,1.000066811231771
2691.611558,1.0004573545547166
2691.73076,1.0003851841643763
2691.849962,1.0004150561119614
2691.969164,1.0000234992761037
2692.088366,1.0003353162059148
2692.207568,1.0003746201526096
2692.32677,1.0000004159400866
2692.445972,1.0002477106752237
2692.565174,1.0003255229711072
2692.684376,1.0001680141127902
2692.803578,1.000286841131052
2692.92278,1.0002482408066509
2693.041982,1.000214212940316
2693.161184,1.0004780942506426
2693.280386,1.000071390548184
2693.399588,1.000626696292115
2693.51879,1.0002376282291157
2693.637992,1.0003790918371558
2693.757194,1.0000968626908875
2693.876396,1.0004692100446115
2693.995598,1.0001757254379062
2694.1148,1.000341528307517
2694.234002,1.0002020504094349
2694.353204,1.000247530630652
2694.472406,1.0002822798334563
2694.591608,1.0002114223465546
2694.71081,1.000403641441292
2694.830012,1.0004177772446148
2694.949214,1.0005523324794403
2695.068416,1.0003273935815842
2695.187618,1.0003211615613348
2695.30682,1.0004292220894508
2695.426022,1.0002221346682523
2695.545224,1.0003922469087079
2695.664426,1.0003083175200793
2695.783628,1.0002379182980699
2695.90283,1.000290462175971
2696.022032,1.000186487386611
2696.141234,1.000244549897452
2696.260436,1.000232417004648
2696.379638,1.0002120424778287
2696.49884,1.0004741523747167
2696.618042,1.0003039661883624
2696.737244,1.0002584834010786
2696.856446,1.000579187664439
2696.975648,1.000376981039499
2697.09485,1.0003478704929112
2697.214052,1.000356683596472
2697.333254,1.000240598939283
2697.452456,1.000329774363614
2697.571658,1.0001922184716034
2697.69086,1.0002655952641784
2697.810062,1.0004473000088274
2697.929264,1.000484357263116
2698.048466,0.9998045191088797
2698.167668,1.0003694882439715
2698.28687,1.0001617030725327
2698.406072,1.000666411953843
2698.525274,1.0003893757870794
2698.644476,1.0004352446914957
2698.763678,1.0004396666250497
2698.88288,1.0003894858299167
2699.002082,1.0003459398233843
2699.121284,1.000381282669766
2699.240486,1.0000767259432846
2699.359688,1.0003324152377042
2699.47889,1.0003426686975092
2699.598092,1.000256392863033
2699.717294,1.000219624113845
2699.836496,1.0003138192309553
2699.955698,1.0002361878879682
2700.0749,1.000305886773821
2700.194102,1.0002170835592263
2700.313304,1.0003290941395986
2700.432506,1.0002824298758095
2700.551708,1.0004134354408831
2700.67091,1.0001602928455255
2700.790112,1.0003582241469509
2700.909314,1.0004576747011211
2701.028516,1.000176875640652
2701.147718,1.0003243025747135
2701.26692,1.0003385472942043
2701.386122,1.0005025162189922
2701.505324,1.0002806893858958
2701.624526,1.0003664571290143
2701.743728,1.0003905562472393
2701.86293,1.0002467304329477
2701.982132,1.000060695841918
2702.101334,1.0004148860414162
2702.220536,1.0003875650839478
2702.339738,1.0003367366830724
2702.45894,1.0004919509682055
2702.578142,1.0002190439866314
2702.697344,1.000018205165712
2702.816546,1.0005551440354448
2702.935748,1.0002876113522163
2703.05495,1.000439796682215
2703.174152,1.0002299364313296
2703.293354,1.000435414765502
2703.412556,1.0002297763945527
2703.531758,1.000476743606127
2703.65096,1.0004253604401065
2703.770162,1.0003711188475664
2703.889364,1.0004743324600804
2704.008566,1.0005878026883324
2704.127768,1.0001120462767152
2704.24697,1.000391316544351
2704.366172,1.0003007252087621
2704.485374,1.000379762091372
2704.604576,1.0004635874234509
2704.723778,1.0005360536254198
2704.84298,1.0004843072388994
2704.962182,1.0003216617220407
2705.081384,1.000316259999652
2705.200586,1.0004697102793416
2705.319788,1.000391206501312
2705.43899,1.0003379270844974
2705.558192,1.0002262855987245
2705.677394,1.000451651964048
2705.796596,1.0004885292915844
2705.915798,1.0003089277083392
2706.035,1.0003422585570991
2706.154202,1.0004271512031044
2706.273404,1.0002827699718935
2706.392606,1.000592835657638
2706.511808,1.0003955282006591
2706.63101,1.000305976801355
2706.750212,1.000593145841465
2706.869414,1.000587982794153
2706.988616,1.0004194879604764
2707.107818,1.0004504614272904
2707.22702,1.0005128614684948
2707.346222,1.0003873550025812
2707.465424,1.0002852006619778
2707.584626,1.0005194148491996
2707.703828,1.0003979191488286
2707.82303,1.0004628770945558
2707.942232,1.000310198101484
2708.061434,1.0003125188238355
2708.180636,1.000430202510569
2708.299838,1.000570512680488
2708.41904,1.0005437978044447
2708.538242,1.0004766735727575
2708.657444,1.0003572738070894
2708.776646,1.0001958991857398
2708.895848,1.00035615340757
2709.01505,1.0004705106554301
2709.134252,1.0002160233296797
2709.253454,1.0005803783543807
2709.372656,1.000302675797078
2709.491858,1.0003118086021994
2709.61106,1.0005410863344266
2709.730262,1.0003859144458271
2709.849464,1.0003021356337791
2709.968666,1.0007555853108723
2710.087868,1.0006613586012225
2710.20707,1.0004090436355415
2710.326272,1.0004676893325681
2710.445474,1.0004918909386904
2710.564676,1.0001236876486865
2710.683878,1.0002330871605918
2710.80308,1.0003460798718256
2710.922282,1.000556144591089
2711.041484,1.0004527724705257
2711.160686,1.0004348545218265
2711.279888,1.0002221046615887
2711.39909,1.000156482242069
2711.518292,1.0002349976076128
2711.637494,1.0003540126476924
2711.756696,1.000305126541636
2711.875898,1.0004404369638897
2711.9951,1.0005100500313042
2712.114302,1.0003175203989336
2712.233504,1.0005262884411905
2712.352706,1.00050822910467
2712.471908,1.0003235023155916
2712.59111,1.000414475871397
2712.710312,1.0002524618631334
2712.829514,1.0001958491759462
2712.948716,1.0002169235245058
2713.067918,1.0003654467594028
2713.18712,1.0004796049737055
2713.306322,1.0003887555458586
2713.425524,1.0003795920268268
2713.544726,1.0004316431310978
2713.663928,1.0002410090380127
2713.78313,1.0005888132825236
2713.902332,1.0004361951054297
2714.021534,1.0006684333020368
2714.140736,1.0004779341741603
2714.259938,1.0003324352443528
2714.37914,1.0006930400413503
2714.498342,1.000733498878829
2714.617544,1.0003514717517272
2714.736746,1.0005433075381038
2714.855948,1.0004208685403224
2714.97515,1.0004712209897448
2715.094352,1.0004591853933507
2715.213554,1.000386434646638
2715.332756,1.0005324717127593
2715.451958,1.0004894997659284
2715.57116,1.0002818997262621
2715.690362,1.0004839070452565
2715.809564,1.0004850075781595
2715.928766,1.0001151166254103
2716.047968,1.0001470108050294
2716.16717,1.0003207314233278
2716.286372,1.0003535224743463
2716.405574,1.0003125388300862
2716.524776,1.0004801952568467
2716.643978,1.000323532325297
2716.76318,1.0002463803466533
2716.882382,1.000484147161423
2717.001584,1.000529139945176
2717.120786,1.0003182206214432
2717.239988,1.0002256454541065
2717.35919,1.0004092837337408
2717.478392,1.0004261307679305
2717.597594,1.0001373694343167
2717.716796,1.0005283695380347
2717.835998,1.0001832067803127
2717.9552,1.000394387750407
2718.074402,1.0004543431826114
2718.193604,1.0004614964567382
2718.312806,1.0002511315282439
2718.432008,1.0005942565004733
2718.55121,1.0004264509043437
2718.670412,1.00015447192956
2718.789614,1.0003150196082586
2718.908816,1.000412915226032
2719.028018,1.0004389162955811
2719.14722,1.0002610740739055
2719.266422,1.0003673474555572
2719.385624,1.00054786002051
2719.504826,1.0001169468377484
2719.624028,1.0003229121248993
2719.74323,1.00005378144617
2719.862432,1.0002987146063251
2719.981634,1.0005081890843417
2720.100836,1.0003331854939606
2720.220038,1.0002527119262803
2720.33924,1.0000750938193996
2720.458442,1.0005011255214613
2720.577644,1.0003215916995267
2720.696846,1.0002845004625824
2720.816048,1.0003497811591686
2720.93525,1.0001953890859614
2721.054452,1.0007068296864525
2721.173654,1.000440386941869
2721.292856,1.0002276959187815
2721.412058,1.0004070228113144
2721.53126,1.0002392286106012
2721.650462,1.0002897719757902
2721.769664,1.0003777013111845
2721.888866,1.0005214158900304
2722.008068,1.0004257005847867
2722.12727,1.000495482711026
2722.246472,1.0005585359231324
2722.365674,1.0004594755265563
2722.484876,1.0003850241027596
2722.604078,1.0002202942612177
2722.72328,1.0003955582125255
2722.842482,1.0002792289771554
2722.961684,1.0004153362282162
2723.080886,1.0003246726947739
2723.200088,1.0003606050023575
2723.31929,1.0003886755147613
2723.438492,1.0001956391348399
2723.557694,1.0003291541593462
2723.676896,1.000246500376226
2723.796098,1.0004470098791525
2723.9153,1.0004014405557018
2724.034502,1.0001909182225646
2724.153704,1.000221654561743
2724.272906,1.0006103261732717
2724.392108,1.0001913283009252
2724.51131,1.000398039196586
2724.630512,1.0002820697741996
2724.749714,1.0001063156511083
2724.868916,1.0004301925062669
2724.988118,1.0002799191700613
2725.10732,1.0005529628276082
2725.226522,1.0005138719869953
2725.345724,1.0005580456495697
2725.464926,1.0000705334873694
2725.584128,1.0004286618492433
2725.70333,1.0004140857098276
2725.822532,1.0005621179291027
2725.941734,1.0002297863968503
2726.060936,1.000249851207615
2726.180138,1.0003867547703482
2726.29934,1.0002532220552933
2726.418542,1.0002695263156922
2726.537744,1.0004133353995446
2726.656946,1.0002820197600972
2726.776148,1.0003275636372555
2726.89535,1.0001896679846982
2727.014552,1.0001731649913266
2727.133754,1.0004649480548549
2727.252956,1.0004129052219028
2727.372158,1.000176175517084
2727.49136,1.0002836702267914
2727.610562,1.000279178963195
2727.729764,1.0003618154394218
2727.848966,1.000263034587532
2727.968168,1.0003811226087735
2728.08737,1.0001948489805972
2728.206572,1.000278668820944
2728.325774,1.000220524311912
2728.444976,1.000124527752937
2728.564178,1.000254902482118
2728.68338,1.0002555926582388
2728.802582,1.0003556732367318
2728.921784,1.0004191378137168
2729.040986,1.0003527121883213
2729.160188,1.0003380571284364
2729.27939,1.0003974989817908
2729.398592,1.00030759729835
2729.517794,1.0001971794373101
2729.636996,1.0000970237064954
2729.756198,1.000077714019578
2729.8754,1.000045124018058
2729.994602,1.0002834601672428
2730.113804,1.0002830700567695
2730.233006,1.0002550125101632
2730.352208,1.0002325270302197
2730.47141,1.0003924469871772
2730.590612,1.0001710346247539
2730.709814,1.0003165300850787
2730.829016,1.0001079758289702
2730.948218,1.0000889119524334
2731.06742,1.0002439597533417
2731.186622,1.0003656368288558
2731.305824,1.0002832501077383
2731.425026,1.0002555426454605
2731.544228,1.0001214173704924
2731.66343,1.0002697063642232
2731.782632,1.0002390385651658
2731.901834,1.0003557032474024
2732.021036,1.0000398737949385
2732.140238,1.0003954981887937
2732.25944,1.0004310328679815
2732.378642,1.0003310147733033
2732.497844,1.000106535674522
2732.617046,1.0001881877050849
2732.736248,1.0002404889128231
2732.85545,1.0002311567125965
2732.974652,1.0000968906936
2733.093854,1.0001700144508188
2733.213056,1.000280779411162
2733.332258,1.0001598927814883
2733.45146,1.0003708387436923
2733.570662,1.0003849540758103
2733.689864,1.0000053193141476
2733.809066,1.0001821165812115
2733.928268,1.0002605839460994
2734.04747,1.0003860845114472
2734.166672,1.0002134527778028
2734.285874,1.0006050429646973
2734.405076,1.0001873175417402
2734.524278,1.0005831699775307
2734.64348,1.000192628550497
2734.762682,1.000330294535232
2734.881884,1.0002773684595196
2735.001086,1.0003612452333497
2735.120288,1.0003131390177895
2735.23949,1.0003527421989031
2735.358692,1.0004462995620276
2735.477894,1.0004818060312577
2735.597096,1.0002342574339884
2735.716298,1.0002936030929535
2735.8355,1.0001864473791524
2735.954702,0.9999890030604668
2736.073904,1.0002856107789941
2736.193106,0.9999111489474886
2736.312308,1.0003710488215904
2736.43151,1.0000512583136625
2736.550712,1.0002728372133038
2736.669914,1.0002551925560816
2736.789116,1.0003540626653944
2736.908318,1.0000332175516906
2737.02752,1.0002046009279153
2737.146722,1.0002327470813999
2737.265924,1.0002461502900122
2737.385126,1.0001500512565638
2737.504328,1.0001978895775596
2737.62353,1.0002118624396774
2737.742732,1.0001455005841833
2737.861934,1.0001571723502798
2737.981136,1.000324512642839
2738.100338,1.0003132290459762
2738.21954,1.000218053770268
2738.338742,1.000420838527697
2738.457944,1.0000730696694582
2738.577146,1.0002254154022345
2738.696348,0.9999274076349532
2738.81555,1.00017069456666
2738.934752,1.000151631494893
2739.053954,1.0002249552986493
2739.173156,1.0002178037157858
2739.292358,1.0003111483966236
2739.41156,1.0003469201628856
2739.530762,1.000142540157883
2739.649964,1.00037103881788
2739.769166,1.0001620731324312
2739.888368,1.0003936074430888
2740.00757,1.0003486507645545
2740.126772,1.0001534017648477
2740.245974,1.000245520135136
2740.365176,0.9999779142438939
2740.484378,1.0000595937756385
2740.60358,1.0000774589997934
2740.722782,1.000092786304383
2740.841984,1.0001868174482065
2740.961186,1.0002559627528766
2741.080388,1.000464467831795
2741.19959,1.0002961138330482
2741.318792,1.0001040254102678
2741.437994,1.000020929219013
2741.557196,1.0002468504625623
2741.676398,1.0002236250003433
2741.7956,1.0000599067943403
2741.914802,1.000025330320807
2742.034004,1.000208551743892
2742.153206,0.9999199752021549
2742.272408,1.0002255354292915
2742.39161,1.000118747049873
2742.510812,1.0004826164218488
2742.630014,1.0001138564811571
2742.749216,1.000157542408502
2742.868418,1.000014705108119
2742.98762,1.000040500820136
2743.106822,1.0002074115067927
2743.226024,1.0002325970464991
2743.345226,1.0002890917789766
2743.464428,1.0001858872748988
2743.58363,1.0000606058364596
2743.702832,1.0002150631227582
2743.822034,1.000037736712012
2743.941236,1.0000936673865157
2744.060438,1.0000028624040966
2744.17964,0.9999679675130511
2744.298842,1.0002359678360309
2744.418044,1.0001113862029825
2744.537246,1.0002102721040804
2744.656448,1.0000915171874423
2744.77565,1.0002397487351353
2744.894852,1.0001274481208218
2745.014054,1.0001295283880773
2745.133256,1.0002790589297008
2745.252458,1.000174415208564
2745.37166,1.000238028324247
2745.490862,1.000416006506716
2745.610064,1.000146180683355
2745.729266,0.9999846661175652
2745.848468,1.0002212944820121
2745.96767,0.9999844701205898
2746.086872,1.0002600538081303
2746.206074,1.0000508482927306
2746.325276,1.0004054921897405
2746.444478,1.0004778641407075
2746.56368,1.0004690899883137
2746.682882,1.00030759729835
2746.802084,1.000229086236245
2746.921286,0.9998768275863447
2747.040488,1.0000088555392102
2747.15969,1.000268476033241
2747.278892,0.9999502752363171
2747.398094,1.0000673392671866
2747.517296,0.999996130907485
2747.636498,1.0003143293911332
2747.7557,1.0002883315595557
2747.874902,1.000112426319365
2747.994104,0.9999165804796017
2748.113306,1.0003484406913599
2748.232508,1.000207481521314
2748.35171,1.000424029875262
2748.470912,1.00016612379703
2748.590114,1.0001955091094152
2748.709316,1.0002420692940441
2748.828518,1.0000067753229525
2748.94772,1.0004741823889418
2749.066922,1.000208941825303
2749.186124,1.0002872812573589
2749.305326,1.0001848770876627
2749.424528,1.000210792213557
2749.54373,0.9999922560299846
2749.662932,1.0003086676280517
2749.782134,1.000391496614804
2749.901336,1.0001492611383354
2750.020538,1.0002755479563659
2750.13974,1.000162093135673
2750.258942,1.0001162867607813
2750.378144,0.9999525931237415
2750.497346,1.0001860973139571
2750.616548,1.0002384184171542
2750.73575,0.9999410377383425
2750.854952,1.0001042954383912
2750.974154,1.0002271858027865
2751.093356,1.0004101140737909
2751.212558,1.0001292483518487
2751.33176,1.0001518915343512
2751.450962,1.0002134527778028
2751.570164,1.0002225047505107
2751.689366,1.0002072014632584
2751.808568,1.0002180937789908
2751.92777,1.0001471608270922
2752.046972,1.0001292183479715
2752.166174,1.0001506613482811
2752.285376,1.0000245443012064
2752.404578,1.0001544919326497
2752.52378,1.000154681962021
2752.642982,1.000103325337695
2752.762184,1.0003816227994597
2752.881386,0.9997646576973453
2753.000588,1.0001748052766621
2753.11979,1.0002966239841964
2753.238992,1.0001708045854425
2753.358194,1.0002500112476038
2753.477396,1.0001393997152375
2753.596598,0.9998751477946853
2753.7158,1.0002309566663852
2753.835002,1.0000378387158662
2753.954204,1.0002373581649926
2754.073406,0.9999957479090401
2754.192608,1.000317530402109
2754.31181,0.9999766582724223
2754.431012,1.0002295763486173
2754.550214,1.0002659553598574
2754.669416,1.000242009279522
2754.788618,1.0000904240880115
2754.90782,1.0000358006408276
2755.027022,1.0001254478679258
2755.146224,1.0001313486254755
2755.265426,1.000243499641226
2755.384628,0.999998040901919
2755.50383,1.0002373981744876
2755.623032,1.0000876458406722
2755.742234,1.0002497911926256
2755.861436,1.000279839147671
2755.980638,1.0001562121998553
2756.09984,1.0000988048808808
2756.219042,1.0001469207918026
2756.338244,1.0001088759265535
2756.457446,0.9999929104251312
2756.576648,1.0000487861900074
2756.69585,1.0004543631916984
2756.815052,0.9999399858009241
2756.934254,1.0000128160821253
2757.053456,0.9998998050198523
2757.172658,1.0002322169581845
2757.29186,1.0003029558818666
2757.411062,1.0003332655206185
2757.530264,1.0001091459559865
2757.649466,1.0000392057685261
2757.768668,1.000136969379449
2757.88787,0.9999085141850824
2758.007072,1.0001529616974476
2758.126274,0.9999534900816198
2758.245476,1.000121977438643
2758.364678,1.0004443887114203
2758.48388,0.9999764732767576
2758.603082,1.0002429195001645
2758.722284,1.0002035007034593
2758.841486,1.0002034406912512
2758.960688,1.0002130226861108
2759.07989,1.000161242998255
2759.199092,1.0002922226887336
2759.318294,1.0000690323826253
2759.437496,1.0000847765933323
2759.556698,1.00015899263799
2759.6759,0.999995170111664
2759.795102,1.000306887080208
2759.914304,1.0004424478511889
2760.033506,1.0002116723994414
2760.152708,1.000353272385997
2760.27191,1.000115846709712
2760.391112,1.000120407248371
2760.510314,1.0000973807411966
2760.629516,1.000109045945077
2760.748718,1.0001506313437618
2760.86792,1.0002104921503645
2760.987122,1.0002686160708374
2761.106324,1.000271506851315
2761.225526,1.0001469207918026
2761.344728,1.000171994789408
2761.46393,1.0001044854582253
2761.583132,1.0001574423927528
2761.702334,1.0002005100994633
2761.821536,1.0001097260194594
2761.940738,1.0001355591873164
2762.05994,1.0002573331044842
2762.179142,1.0003164800692534
2762.298344,0.99995601996715
2762.417546,1.0000308764766686
2762.536748,1.0003312948660266
2762.65595,1.0001600027990827
2762.775152,1.0003086876342253
2762.894354,1.0003714689775192
2763.013556,1.0001249978115756
2763.132758,1.000235697772356
2763.25196,1.0003901160754913
2763.371162,1.000228116014502
2763.490364,1.0002997349115343
2763.609566,1.0003496911276923
2763.728768,1.0002172035852837
2763.84797,1.000014302102274
2763.967172,1.0001429602178382
2764.086374,1.0003072671968973
2764.205576,1.000104955507444
2764.324778,1.0003558432972106
2764.44398,1.0001642534881272
2764.563182,1.0003464199895507
2764.682384,1.0001534617740535
2764.801586,1.0003297843669117
2764.920788,1.0002642349038937
2765.03999,0.9999392768437255
2765.159192,1.0001567922906265
2765.278394,1.0003814227231553
2765.397596,1.0001690642897565
2765.516798,1.0001337489435924
2765.636,1.000125137829085
2765.755202,1.0001119762688744
2765.874404,1.000316360031283
2765.993606,1.0003015354526779
2766.112808,1.000255132540772
2766.23201,1.0000364966659872
2766.351212,1.0002176936918334
2766.470414,1.0001186270356304
2766.589616,1.000132138729553
2766.708818,1.0003230221604258
2766.82802,1.0002897619728925
2766.947222,1.000006555321486
2767.066424,0.9999936672200521
2767.185626,1.0000855256571104
2767.304828,1.0001076857976994
2767.42403,1.0002696663534356
2767.543232,1.0002782387012088
2767.662434,1.0003980492005666
2767.781636,1.0003652166753765
2767.900838,1.000234107398861
2768.02004,1.0000998049801857
2768.139242,1.0000129700841107
2768.258444,1.0001574623959018
2768.377646,0.9998329839487338
2768.496848,1.0005137619304754
2768.61605,1.000219594107257
2768.735252,1.0000105070551988
2768.854454,1.000277828587215
2768.973656,1.0004670390287813
2769.092858,1.0001402198298814
2769.21206,1.000275637981169
2769.331262,1.000443138156716
2769.450464,1.0003270634735988
2769.569666,1.0004926913325232
2769.688868,1.0000910411439934
2769.80807,1.000026044339148
2769.927272,1.00018105638873
2770.046474,1.0004530525973412
2770.165676,1.0002730172624308
2770.284878,1.0002696663534356
2770.40408,1.0003484907087832
2770.523282,1.0002524818681828
2770.642484,1.0003252128702431
2770.761686,1.0004662486601328
2770.880888,1.0004524823392638
2771.00009,1.0002126025967293
2771.119292,1.0001400298032577
2771.238494,1.0003773511790504
2771.357696,1.0004356548700302
2771.476898,1.000280969464528
2771.5961,1.000286511036449
2771.715302,1.000372039189419
2771.834504,1.000129028323438
2771.953706,1.0002879114385446
2772.072908,1.0002382083671084
2772.19211,1.0003260631470354
2772.311312,1.0003387273551592
2772.430514,1.0002478307049563
2772.549716,1.0003525421283745
2772.668918,1.00018972799608
2772.78812,1.0003371768313334
2772.907322,1.0003221218701108
2773.026524,1.0004121449083838
2773.145726,1.0001307585481538
2773.264928,1.0001958291720294
2773.38413,1.0002445899072347
2773.503332,1.0005038168731086
2773.622534,1.0004502613372181
2773.741736,1.000102045206258
2773.860938,1.0005441980220438
2773.98014,1.0004293821581391
2774.099342,1.0000921152423483
2774.218544,1.0001615330450575
2774.337746,1.0002245452065017
2774.456948,1.0003032559727985
2774.57615,1.0001397497640887
2774.695352,1.0001753953799712
2774.814554,1.0004396866338432
2774.933756,1.0003071071477474
2775.052958,1.0002379883147268
2775.17216,1.000287251248741
2775.291362,1.0002169635331835
2775.410564,1.000282289836279
2775.529766,1.000303135936415
2775.648968,1.0000790951278546
2775.76817,1.0001635933799378
2775.887372,1.000323202218586
2776.006574,1.0002551025331186
2776.125776,1.0003543727752018
2776.244978,1.0001908482092028
2776.36418,1.0004350746175186
2776.483382,1.0001139464914084
2776.602584,1.0003545028212788
2776.721786,1.0001425301564577
2776.840988,1.0002823698588654
2776.96019,1.0003246326817878
2777.079392,1.000283940303419
2777.198594,1.0003656268251995
2777.317796,1.0001522015814857
2777.436998,1.0003936974785175
2777.5562,1.0004661886321597
2777.675402,1.0003684578639294
2777.794604,1.000194438900793
2777.913806,1.0003179605387396
2778.033008,1.0003261531763852
2778.15221,1.000513541817472
2778.271412,1.0004312729714582
2778.390614,1.0003737698345438
2778.509816,1.000382233032436
2778.629018,1.0003157798479625
2778.74822,1.000544368114572
2778.867422,1.000084438564735
2778.986624,1.000071304542048
2779.105826,1.0006918492173413
2779.225028,1.0001797361506066
2779.34423,1.0002761081108296
2779.463432,1.0002653151898508
2779.582634,1.0001030053046822
2779.701836,1.000429962407349
2779.821038,1.0005688917575704
2779.94024,1.0004458393568356
2780.059442,1.0001799461883734
2780.178644,1.0007154157878857
2780.297846,1.0004681595524927
2780.417048,1.0005551040132399
2780.53625,1.0005790075602015
2780.655452,1.0003503213481961
2780.774654,1.000331604968776
2780.893856,1.000299764920527
2781.013058,1.000082253382624
2781.13226,1.000400330110719
2781.251462,1.0001363292919934
2781.370664,1.000329394238372
2781.489866,1.0005002250708535
2781.609068,1.0002166734703062
2781.72827,1.0002083517022016
2781.847472,1.0003423285810598
2781.966674,1.0002949634931788
2782.085876,1.0004764634726782
2782.205078,1.0002400187999039
2782.32428,1.0002696363453463
2782.443482,1.0003375269494066
2782.562684,1.000332675324166
2782.681886,1.0002404489032044
2782.801088,1.0005208555981944
2782.92029,1.0003626057255683
2783.039492,1.0004022608852192
2783.158694,1.0003661970337692
2783.277896,1.000098638864493
2783.397098,1.0002645849964373
2783.5163,1.0004718012632212
2783.635502,1.0003541026795577
2783.754704,1.0002504613602103
2783.873906,1.0002558727298438
2783.993108,1.0007231513479475
2784.11231,1.0004885092818139
2784.231512,1.000356543546546
2784.350714,1.000343338927322
2784.469916,1.00037484023505
2784.589118,1.0003084775694229
2784.70832,1.0003954581729746
2784.827522,1.000539625545507
2784.946724,1.0003260231339937
2785.065926,1.0004726516646139
2785.185128,1.0005007553361132
2785.30433,1.0005278092423047
2785.423532,1.0001949389981375
2785.542734,1.0004673491736116
2785.661936,1.0000679623093331
2785.781138,1.0002613641496592
2785.90034,1.0004528925248655
2786.019542,1.0001257379043478
2786.138744,1.0004058923520174
2786.257946,1.0005238871809796
2786.377148,1.0004134854615563
2786.49635,1.0004361350792597
2786.615552,1.000483466832434
2786.734754,1.0003462399272112
2786.853956,1.0003356663233367
2786.973158,1.0003010753140773
2787.09236,1.0004974837039924
2787.211562,1.000330144485699
2787.330764,1.000461066258387
2787.449966,1.0005114607514691
2787.569168,1.0004011604433376
2787.68837,1.0004458493612942
2787.807572,1.0003519019029525
2787.926774,1.0001668039102254
2788.045976,1.0004306226913422
2788.165178,1.0004392964624416
2788.28438,1.0003608951069751
2788.403582,1.0005600267564616
2788.522784,1.0004240198710217
2788.641986,1.0002810194785776
2788.761188,1.000336836716751
2788.88039,1.0002594336470894
2788.999592,1.0006242947909259
2789.118794,1.0003504914077652
2789.237996,1.0003995497987659
2789.357198,1.0004127351517236
2789.4764,1.000306156856447
2789.595602,1.0004800451848286
2789.714804,1.0005581757221242
2789.834006,1.0003596946746212
2789.953208,1.0002606539643428
2790.07241,1.000134739076494
2790.191612,1.0002653952110794
2790.310814,1.0007363309586383
2790.430016,1.000344849446904
2790.549218,1.0003620555262864
2790.66842,1.0002128526499112
2790.787622,1.0004394465283473
2790.906824,1.000397478973841
2791.026026,1.000680281286427
2791.145228,1.0003878451925052
2791.26443,1.0005737645399386
2791.383632,1.000472181442578
2791.502834,1.0004379758834419
2791.622036,1.0002654752323141
2791.741238,1.0004834068034278
2791.86044,1.0004912005995237
2791.979642,1.0004126151022024
2792.098844,1.000507798886224
2792.218046,1.000283010039787
2792.337248,1.0004490808066064
2792.45645,1.0003212215806063
2792.575652,1.000294443339933
2792.694854,1.0005138919972727
2792.814056,1.0004189077173418
2792.933258,1.000367047345398
2793.05246,1.0002478307049563
2793.171662,1.0002322769721192
2793.290864,1.0003030459091367
2793.410066,1.0003035160516787
2793.529268,1.0004350746175186
2793.64847,1.0004831866971027
2793.767672,1.0004020508007665
2793.886874,1.0006488504124162
2794.006076,1.000619491805838
2794.125278,1.0001641234667826
2794.24448,1.0003366666595033
2794.363682,1.0002591535744871
2794.482884,1.000235017612313
2794.602086,1.0003799921787437
2794.721288,1.000088931954212
2794.84049,1.0003796320420113
2794.959692,1.0004356148526048
2795.078894,1.0003311748262784
2795.198096,1.0004105342461271
2795.317298,1.0005807685808044
2795.4365,1.0002710567292383
2795.555702,1.000467899430805
2795.674904,1.0003600147897747
2795.794106,1.0002271457937
2795.913308,1.0002984445257088
2796.03251,1.0000428199167464
2796.151712,1.0000844305640595
2796.270914,1.0004273112714615
2796.390116,1.000528239469355
2796.509318,1.0002618842857038
2796.62852,1.0004610862676087
2796.747722,1.0002744876648468
2796.866924,1.0003026958031318
2796.986126,1.0003034460304352
2797.105328,1.0002004100794173
2797.22453,1.0002694062833564
2797.343732,1.0003620355190455
2797.462934,1.0004182174285334
2797.582136,1.000508939465765
2797.701338,1.0003632359542085
2797.82054,1.00058571146201
2797.939742,1.0003404079256328
2798.058944,1.0002835902041012
2798.178146,1.0004908804423909
2798.297348,1.0003601948545935
2798.41655,1.0003699284066432
2798.535752,1.0003015254496626
2798.654954,1.000365346722863
2798.774156,1.0004934717171268
2798.893358,1.0000655791502184
2799.01256,1.0003292041758052
2799.131762,1.0002152331593335
2799.250964,1.0002857508189895
2799.370166,1.0001674040104878
2799.489368,1.0001793160752057
2799.60857,1.0002882115249632
2799.727772,1.0000301574547268
2799.846974,1.0004549434553973
2799.966176,1.0002583833752354
2800.085378,1.0002871712257642
2800.20458,1.0004962831077324
2800.323782,1.0000544664832451
2800.442984,1.0000096587466454
2800.562186,1.000531010936417
2800.681388,1.0004478202415588
2800.80059,1.00056827140505
2800.919792,1.0004897698981299
2801.038994,1.0001137464686392
2801.158196,1.000457434591308
2801.277398,1.0004474300669848
2801.3966,1.0003664771363436
2801.515802,1.0004138856270304
2801.635004,1.0005651696482163
2801.754206,1.000385404249141
2801.873408,1.0003534724566714
2801.99261,1.0001304085024496
2802.111812,1.0001115162174712
2802.231014,1.0002495811401915
2802.350216,1.000388745541971
2802.469418,1.0003210615292237
2802.58862,1.0003260431405143
2802.707822,1.0002286161286849
2802.827024,1.000401220467409
2802.946226,1.0004734820572592
2803.065428,1.0000575996587966
2803.18463,1.0003384472603547
2803.303832,1.0002936631105714
2803.423034,1.0002136628226501
2803.542236,1.0002910823562499
2803.661438,1.0002548524693742
2803.78064,1.0001727149135036
2803.899842,1.000209361913147
2804.019044,1.0004009303510972
2804.138246,1.0001070057247041
2804.257448,1.0003089377114285
2804.37665,1.0002089818336615
2804.495852,1.000299514845617
2804.615054,1.0001001950191857
2804.734256,1.0000760728933957
2804.853458,1.0001429302135498
2804.97266,1.0003344259078797
2805.091862,1.000220234248002
2805.211064,1.0003915566382957
2805.330266,1.0002585734243463
2805.449468,0.9998943555807647
2805.56867,1.0005553441464936
2805.687872,0.9997712461681486
2805.807074,1.0003230421668863
2805.926276,1.0000141370999278
2806.045478,0.9999147776316324
2806.16468,1.0001395397347632
2806.283882,0.9999713734097486
2806.403084,1.0002445598998975
2806.522286,1.0001050355158436
2806.641488,1.0002226147749922
2806.76069,1.0004609662122854
2806.879892,1.0004609762168952
2806.999094,1.0002053110734341
2807.118296,1.0001744552155416
2807.237498,1.000058833730636
2807.3567,1.0000890739668502
2807.475902,1.0002256454541065
2807.595104,1.0000281993975955
2807.714306,1.0004055422100164
2807.833508,1.0000385497430222
2807.95271,1.0002351976546322
2808.071912,1.00026748576794
2808.191114,1.0001914783296355
2808.310316,1.0001148365932169
2808.429518,1.0000890019604396
2808.54872,0.9999651656067315
2808.667922,1.000067895304782
2808.787124,1.0001181969847133
2808.906326,0.9999800581988404
2809.025528,1.000031870507854
2809.14473,1.0000749078054496
2809.263932,1.0002066313453162
2809.383134,1.0001346790684116
2809.502336,1.0002612541209153
2809.621538,0.999998240501548
2809.74074,1.0001368993698636
2809.859942,1.0002045809238236
2809.979144,1.000089878038789
2810.098346,1.0000656481547459
2810.217548,1.0001832067803127
2810.33675,0.9999458174679264
2810.455952,1.0001336189262136
2810.575154,1.0002764982185877
2810.694356,1.0000432799365495
2810.813558,1.0003219918282436
2810.93276,1.0001886477917572
2811.051962,0.9999606447744372
2811.171164,1.0002591235667129
2811.290366,1.00023646795414
2811.409568,0.9998981451875537
2811.52877,1.0002533220806205
2811.647972,1.0001674740222084
2811.767174,1.0002087317814474
2811.886376,1.0001051655295066
2812.005578,1.000021383228618
2812.12478,0.9999894430557249
2812.243982,1.0000595467728386
2812.363184,1.000155432078314
2812.482386,1.0001525216302414
2812.601588,1.0001964492936357
2812.72079,1.0003985393957309
2812.839992,1.000252611901014
2812.959194,1.0002317268445182
2813.078396,1.0004169669065432
2813.197598,1.0002294563210754
2813.3168,1.000181146405029
2813.436002,1.0002729072324048
2813.555204,1.0002741675770621
2813.674406,1.0001596027351616
2813.793608,1.0002512915684376
2813.91281,1.0002734873908594
2814.032012,1.0001830467510124
2814.151214,1.0004361450836212
2814.270416,1.0001325187798378
2814.389618,0.9999718603959261
2814.50882,1.000158592574473
2814.628022,1.00011115617739
2814.747224,1.000224005085393
2814.866426,1.0001913082970988
2814.985628,1.000154191886347
2815.10483,1.0001246277653948
2815.224032,1.000177775800245
2815.343234,1.0000994639462104
2815.462436,1.000099066906802
2815.581638,1.000182516654138
2815.70084,1.000087949867363
2815.820042,1.0000290504219553
2815.939244,1.0000380927255095
2816.058446,1.000044058970568
2816.177648,1.0001004750472795
2816.29685,0.99991429667274
2816.416052,1.0001582325174443
2816.535254,1.0001025452574055
2816.654456,1.0003742500140687
2816.773658,1.0003288640639334
2816.89286,1.0000055524154146
2817.012062,0.9998612196308865
2817.131264,1.0002135327948822
2817.250466,1.00013674934934
2817.369668,0.9998597898303647
2817.48887,0.999985745101602
2817.608072,1.000150541330209
2817.727274,1.00014751087866
2817.846476,0.9999270286625376
2817.965678,0.999870168428848
2818.08488,1.0000334695600932
2818.204082,1.0001519515434665
2818.323284,0.9999934402215155
2818.442486,0.9999893020572234
2818.561688,1.0001775657629342
2818.68089,1.0001653836743722
2818.800092,1.000023796283127
2818.919294,1.0001020952113613
2819.038496,1.0000121000732054
2819.157698,0.9999499232538821
2819.2769,1.0001784059124423
2819.396102,1.0000234642752819
2819.515304,0.9999497242638672
2819.634506,0.9998973052734644
2819.753708,1.0001600628086846
2819.87291,1.0000661441874303
2819.992112,0.9999086651712794
2820.111314,0.9999995915200834
2820.230516,1.0002203542744372
2820.349718,0.9998498612719471
2820.46892,0.9999830011444821
2820.588122,0.9999148646242219
2820.707324,0.9998055789022317
2820.826526,0.9998649791161401
2820.945728,1.000073272684312
2821.06493,0.9999512541881157
2821.184132,0.9998666188960506
2821.303334,1.000131598658344
2821.422536,0.9997686067755427
2821.541738,0.9999876350764463
2821.66094,1.0003091777856024
2821.780142,1.0000442849805509
2821.899344,1.000066005178246
2822.018546,0.9996424639312592
2822.137748,0.9998053689430821
2822.25695,1.000033916575154
2822.376152,0.9998773275248835
2822.495354,0.9998495113245569
2822.614556,0.9998067286793085
2822.733758,0.999863589304785
2822.85296,0.999898475153996
2822.972162,0.9999833751381946
2823.091364,0.999889786074001
2823.210566,0.9999834461370167
2823.329768,0.9996368659491355
2823.44897,0.9999054914662129
2823.568172,0.9997161302986303
2823.687374,0.9998239055064557
2823.806576,0.9998905659883384
2823.925778,1.0002925527852216
2824.04498,0.9999787192264389
2824.164182,0.9997699764594722
2824.283384,0.9999193692508336
2824.402586,0.9999946384143733
2824.521788,1.0000166171380631
2824.64099,0.9999931191236734
2824.760192,0.99982454539396
2824.879394,0.9998235455699146
2824.998596,0.9998138973192527
2825.117798,0.9999032706785825
2825.237,1.0000188421775116
2825.356202,0.9997475718653441
2825.475404,0.9998516909988674
2825.594606,0.9998766876035986
2825.713808,0.999739893833476
2825.83301,0.9997843832486336
2825.952212,0.999743492903572
2826.071414,0.9999830811431255
2826.190616,0.9999530201035899
2826.309818,0.9997916017179393
2826.42902,1.0001230475697314
2826.548222,0.9998682386812852
2826.667424,0.9998899160596817
2826.786626,0.9996059176708475
2826.905828,0.9999521281458937
2827.02503,0.9999471983940539
2827.144232,0.9997626281771502
2827.263434,0.9998787373529092
2827.382636,0.9995556787399403
2827.501838,0.999880637124315
2827.62104,0.9997117015659827
2827.740242,0.999844632070847
2827.859444,0.9995755101213332
2827.978646,0.9999960435078269
2828.097848,0.999536997218884
2828.21705,1.000036965683214
2828.336252,0.9997530005093982
2828.455454,0.9999477983625529
2828.574656,0.9997535803663066
2828.693858,0.9997966306823438
2828.81306,0.999771086204762
2828.932262,0.9999493902807151
2829.051464,0.999650011260353
2829.170666,1.0001264379926094
2829.289868,0.9997157903952038
2829.40907,0.9999971488040647
2829.528272,0.9997920116325801
2829.647474,0.9998734580071135
2829.766676,0.9999211671074758
2829.885878,0.9997763650100332
2830.00508,0.9997716360790107
2830.124282,0.9999478313608308
2830.243484,0.9996990652899364
2830.362686,0.9998110378555954
2830.481888,1.0000526063836672
2830.60109,0.999978778225185
2830.720292,0.999871708230093
2830.839494,0.9998556904136302
2830.958696,0.999561586131458
2831.077898,0.999690587877807
2831.1971,0.9998516909988674
2831.316302,0.9996803810890105
2831.435504,0.999750071237398
2831.554706,0.9998321140944162
2831.673908,0.9998146271836641
2831.79311,0.9997402937295135
2831.912312,0.9997902619980906
2832.031514,0.9997474319006939
2832.150716,0.999821435944459
2832.269918,0.9998415625525383
2832.38912,0.9999986637008929
2832.508322,0.999869208553947
2832.627524,0.9999646876234967
2832.746726,0.9996257300564759
2832.865928,0.9995983706746591
2832.98513,1.0000381577279875
2833.104332,0.999813477397504
2833.223534,0.9996048780812338
2833.342736,0.9997954009332444
2833.461938,0.9995593471160128
2833.58114,0.9997055133697025
2833.700342,0.9995815975547261
2833.819544,0.999516067133301
2833.938746,0.9996056877615129
2834.057948,1.0001231975881997
2834.17715,0.9995748404059658
2834.296352,0.9999127988022455
2834.415554,0.9997477518199233
2834.534756,0.9997659873852244
2834.653958,0.9997163502362031
2834.77316,0.9999523441355768
2834.892362,0.9998180165609953
2835.011564,0.9998848266329615
2835.130766,0.9997919016554648
2835.249968,0.9997649976173868
2835.36917,0.9997715660949985
2835.488372,0.9999368029970147
2835.607574,0.9997198392523537
2835.726776,0.9999076872610831
2835.845978,0.9996808709325172
2835.96518,0.9998016896660943
2836.084382,0.9997758451264586
2836.203584,0.9998311242611132
2836.322786,0.9995969512459805
2836.441988,0.9997214787942346
2836.56119,0.9998396928505645
2836.680392,0.9996987053983376
2836.799594,0.9996749628360284
2836.918796,0.9997109717767069
2837.037998,0.999777454766865
2837.1572,0.9995797283388863
2837.276402,0.9995927929313126
2837.395604,0.99953257927512
2837.514806,0.9997740755247788
2837.634008,0.9995810477849986
2837.75321,0.9996712240586589
2837.872412,0.9998319241263326
2837.991614,0.9995770894518868
2838.110816,0.9998781674221914
2838.230018,0.9995562684779647
2838.34922,0.9994736885504869
2838.468422,0.999622851138519
2838.587624,0.9996168234309002
2838.706826,0.9997010846840878
2838.826028,0.999399290498241
2838.94523,0.9997942111774252
2839.064432,0.999662397000722
2839.183634,0.9994631341640631
2839.302836,0.9997843732507898
2839.422038,0.9994895403288916
2839.54124,0.9997321358820007
2839.660442,0.9995257624861746
2839.779644,0.9997602287497219
2839.898846,0.999620422057942
2840.018048,0.9994081552092627
2840.13725,0.999449201745082
2840.256452,0.9997425731399817
2840.375654,0.9997104319329279
2840.494856,0.9995562684779647
2840.614058,0.9996253701912778
2840.73326,0.9994811846312612
2840.852462,0.9993366201337837
2840.971664,0.9995942223500286
2841.090866,0.9997156204435338
2841.210068,0.9994644934348498
2841.32927,0.999684909651394
2841.448472,0.9993902859511992
2841.567674,0.9995013443700655
2841.686876,0.9993794426254218
2841.806078,0.9995068516376455
2841.92528,0.9993780135138406
2842.044482,0.9994995252792742
2842.163684,0.9996164935574029
2842.282886,0.9994129323916621
2842.402088,0.9996312380094229
2842.52129,0.999647432166651
2842.640492,0.9993535690265873
2842.759694,0.999750641095101
2842.878896,0.9994718095417187
2842.998098,0.999385738735743
2843.1173,0.9992619824690042
2843.236502,0.9992324746983463
2843.355704,0.9993763745352424
2843.474906,0.999394643302345
2843.594108,0.9992855253586453
2843.71331,0.9992510705877347
2843.832512,0.9993373596431563
2843.951714,0.9992335338853309
2844.070916,0.9990923022071001
2844.190118,0.9992122104692394
2844.30932,0.9992827773272291
2844.428522,0.9993897762622833
2844.547724,0.9991777981932936
2844.666926,0.9987998207918432
2844.786128,0.999467611768934
2844.90533,0.9988542568654458
2845.024532,0.9987130288585805
2845.143734,0.9991694151267337
2845.262936,0.9993185323046546
2845.382138,0.999125242823327
2845.50134,0.9989676332575886
2845.620542,0.9991123841641975
2845.739744,0.9988698391133941
2845.858946,0.9988666427350232
2845.978148,0.9986486139456223
2846.09735,0.9989407613896822
2846.216552,0.998787835265907
2846.335754,0.9989625385356505
2846.454956,0.9988516598477541
2846.574158,0.998669286185888
2846.69336,0.998660897399117
2846.812562,0.9985922917520966
2846.931764,0.9987099328529898
2847.050966,0.9986129628264807
2847.170168,0.9984846493050779
2847.28937,0.9984327294532419
2847.408572,0.998573917822969
2847.527774,0.9984556936701068
2847.646976,0.9983664357209824
2847.766178,0.9985554443763692
2847.88538,0.9983537565477617
2848.004582,0.9982574200585652
2848.123784,0.998458489349963
2848.242986,0.9984297341595464
2848.362188,0.9984589885793325
2848.48139,0.9984829518826168
2848.600592,0.9980662720656285
2848.719794,0.9984564924349812
2848.838996,0.9986684872507786
2848.958198,0.9983188147777671
2849.0774,0.9983764194352581
2849.196602,0.9986058726996146
2849.315804,0.998143126127421
2849.435006,0.9984481054356702
2849.554208,0.9983793147310727
2849.67341,0.9982276724306893
2849.792612,0.9983757205720091
2849.911814,0.9982520294830515
2850.031016,0.9981883430351897
2850.150218,0.9986326356956255
2850.26942,0.9984393191310021
2850.388622,0.9984734663396304
2850.507824,0.9988742341503554
2850.627026,0.9985734185361349
2850.746228,0.9986774753076101
2850.86543,0.9987707561399508
2850.984632,0.9986954516639523
2851.103834,0.9984558933612655
2851.223036,0.9987449881868504
2851.342238,0.9987808437755303
2851.46144,0.9984711698532988
2851.580642,0.9988231929811032
2851.699844,0.9989434585333791
2851.819046,0.9988726359528592
2851.938248,0.9986361309159671
2852.05745,0.9988078112223712
2852.176652,0.9986690864520508
2852.295854,0.9985318787459575
2852.415056,0.9988505611115326
2852.534258,0.9986571024949171
2852.65346,0.9986846658113181
2852.772662,0.9987815429223657
2852.891864,0.9988987068688816
2853.011066,0.9987572728257555
2853.130268,0.9989040010460576
2853.24947,0.9988675417154063
2853.368672,0.9988053142059644
2853.487874,0.9987971240359677
2853.607076,0.998791331029448
2853.726278,0.9986600984707186
2853.84548,0.998985814633964
2853.964682,0.9987099328529898
2854.083884,0.9987644639040077
2854.203086,0.9986501119196668
2854.322288,0.9987699571236656
2854.44149,0.9989244787879752
2854.560692,0.9983582491497746
2854.679894,0.9990007695635463
2854.799096,0.9985246893423124
2854.918298,0.9987675600786449
2855.0375,0.9989963040400869
2855.156702,0.9986439203081668
2855.275904,0.9986527084133332
2855.395106,0.9986291404875173
2855.514308,0.9987732530699623
2855.63351,0.9987173233338377
2855.752712,0.9988197969880203
2855.871914,0.9989762244161765
2855.991116,0.9987685588467043
2856.110318,0.9986788734570542
2856.22952,0.9989233799716528
2856.348722,0.9987906318757609
2856.467924,0.999046894493863
2856.587126,0.9990243562501555
2856.706328,0.998950451162063
2856.82553,0.9985549450987719
2856.944732,0.9990165539004014
2857.063934,0.9987923298212784
2857.183136,0.99868416646911
2857.302338,0.9987220173162882
2857.42154,0.9989361662727486
2857.540742,0.9988672420551886
2857.659944,0.9987015437247883
2857.779146,0.9986749786170427
2857.898348,0.9989542471809899
2858.01755,0.9988448676795606
2858.136752,0.9985151035513066
2858.255954,0.9992325846139245
2858.375156,0.9989518496936737
2858.494358,0.9988870198223806
2858.61356,0.9987557746909699
2858.732762,0.9989640369805822
2858.851964,0.9991619014009837
2858.971166,0.9990660963597044
2859.090368,0.9987857378136552
2859.20957,0.9989883121016223
2859.328772,0.999106129740249
2859.447974,0.998973826876115
2859.567176,0.9986479148918372
2859.686378,0.9989350674435701
2859.80558,0.9990791742205002
2859.924782,0.9988328816130649
2860.043984,0.9989905098783265
2860.163186,0.9988932129411021
2860.282388,0.9990658166212366
2860.40159,0.99849293676206
2860.520792,0.999123294531003
2860.639994,0.9992789001175749
2860.759196,0.9987464863054564
2860.878398,0.9989984019345282
2860.9976,0.9991993906588184
2861.116802,0.9989498517919722
2861.236004,0.9989223810487723
2861.355206,0.9991060598028224
2861.474408,0.999151929814966
2861.59361,0.9987977233144218
2861.712812,0.9990827009762099
2861.832014,0.9993557975875311
2861.951216,0.9991136330554583
2862.070418,0.9989821183932879
2862.18962,0.9991582644582818
2862.308822,0.9992818280090416
2862.428024,0.9992257299019057
2862.547226,0.9990611410041558
2862.666428,0.9991290894629167
2862.78563,0.999141588646008
2862.904832,0.9991329261259866
2863.024034,0.999128150282014
2863.143236,0.999189248836473
2863.262438,0.9992896524163875
2863.38164,0.9993961623833573
2863.500842,0.9992665191287028
2863.620044,0.9990912631516462
2863.739246,0.9993579861791244
2863.858448,0.9992329243530611
2863.97765,0.9992402187800334
2864.096852,0.999393633914265
2864.216054,0.9993083393076095
2864.335256,0.9994461434352039
2864.454458,0.9990968880512918
2864.57366,0.9993577063589274
2864.692862,0.9990728200971583
2864.812064,0.999454468856254
2864.931266,0.9991974322299318
2865.050468,0.999268157927138
2865.16967,0.9994291430008931
2865.288872,0.9994772266936068
2865.408074,0.9990897844976709
2865.527276,0.9993048117553979
2865.646478,0.9992188952212879
2865.76568,0.9990756674587531
2865.884882,0.9993019137756458
2866.004084,0.9991097964664736
2866.123286,0.9990325982350927
2866.242488,0.9993654414175093
2866.36169,0.999176559213592
2866.480892,0.9994094944170879
2866.600094,0.9992493318923845
2866.719296,0.999471079927564
2866.838498,0.9993131659785448
2866.9577,0.999224231064435
2867.076902,0.9993282757078437
2867.196104,0.9991600129867746
2867.315306,0.9994131522625314
2867.434508,0.9990605115958352
2867.55371,0.9993454543085527
2867.672912,0.999104331350834
2867.792114,0.9992380304463506
2867.911316,0.9992876738248344
2868.030518,0.9993297047482996
2868.14972,0.9991943646985236
2868.268922,0.9993248680042336
2868.388124,0.9990734495132332
2868.507326,0.9993106976780731
2868.626528,0.9991416885601719
2868.74573,0.9991008844468368
2868.864932,0.9994033680556645
2868.984134,0.9992554173393459
2869.103336,0.9990998254004606
2869.222538,0.9993063406929295
2869.34174,0.9991831637924765
2869.460942,0.9990412698756802
2869.580144,0.9991711436913172
2869.699346,0.999132226733183
2869.818548,0.9990984066797157
2869.93775,0.9992287675527419
2870.056952,0.9990803531346213
2870.176154,0.999354548393565
2870.295356,0.9990757973385983
2870.414558,0.9991327163080941
2870.53376,0.9993010243973384
2870.652962,0.9989507508472433
2870.772164,0.9989700307827855
2870.891366,0.9991192181162772
2871.010568,0.9994557481587929
2871.12977,0.9991008944378457
2871.248972,0.9990739890130417
2871.368174,0.9993699885406124
2871.487376,0.9992833968827431
2871.606578,0.9991952539819039
2871.72578,0.9988987068688816
2871.844982,0.9990811324176007
2871.964184,0.9992638710759358
2872.083386,0.9991085575710941
2872.202588,0.9993860785269519
2872.32179,0.9990356652698772
2872.440992,0.9990153051304895
2872.560194,0.9991519797725638
2872.679396,0.9992466339228306
2872.798598,0.9990914130153469
2872.9178,0.9990276830068009
2873.037002,0.9993944734052701
2873.156204,0.9994111534382256
2873.275406,0.999265989517588
2873.394608,0.9993147548877418
2873.51381,0.9991242936547972
2873.633012,0.9993252277612509
2873.752214,0.9994225367960914
2873.871416,0.9991676665817872
2873.990618,0.99929848617596
2874.10982,0.9993712277601665
2874.229022,0.9991591537095329
2874.348224,0.9994241658561541
2874.467426,0.9990208197101941
2874.586628,0.9991719929871502
2874.70583,0.9992347529509858
2874.825032,0.9992076240957191
2874.944234,0.9993389186106533
2875.063436,0.9991850422585902
2875.182638,0.9993857087541713
2875.30184,0.999344145166865
2875.421042,0.9991721328712391
2875.540244,0.9994162404539431
2875.659446,0.9993345415157756
2875.778648,0.9994061663890127
2875.89785,0.9994664623818413
2876.017052,0.9993165836354166
2876.136254,0.9996587582362195
2876.255456,0.9995947921188977
2876.374658,0.9995780990252571
2876.49386,0.999526362201812
2876.613062,0.9994501012497683
2876.732264,0.9994884109063491
2876.851466,0.9994571074195346
2876.970668,0.9996407945297383
2877.08987,0.9993695787990011
2877.209072,0.9993983310753827
2877.328274,0.999644173321334
2877.447476,0.9995831369115715
2877.566678,0.9994196084923486
2877.68588,0.9995617860437952
2877.805082,0.9996099360947136
2877.924284,0.9995519304131731
2878.043486,0.999778594513813
2878.162688,0.9996446731435457
2878.28189,0.9996053778837978
2878.401092,0.9997491314727728
2878.520294,0.999768496801002
2878.639496,0.9995460930469446
2878.758698,0.999670754213294
2878.8779,0.9997116815717488
2878.997102,0.9999774072552199
2879.116304,0.9996304882862755
2879.235506,0.9994141516761833
2879.354708,0.9999546210296566
2879.47391,0.9997350551040995
2879.593112,0.9997419532997784
2879.712314,1.000118647038003
2879.831516,0.9997148206713573
2879.950718,0.9997468320524148
2880.06992,0.999819216343335
2880.189122,0.9996920974117343
2880.308324,0.9994800652129614
2880.427526,0.9997452624511205
2880.546728,0.9997065130757157
2880.66593,0.9998802371721401
2880.785132,0.9996669454749761
2880.904334,0.9997621782840688
2881.023536,0.9995828870158185
2881.142738,0.9998236655487472
2881.26194,0.9995481621094988
2881.381142,0.999589754173841
2881.500344,0.9996631967309595
2881.619546,0.9993758048908713
2881.738748,0.9998519409618214
2881.85795,1.0001033453397616
2881.977152,0.9997155004776666
2882.096354,0.9998588299654272
2882.215556,0.9995353779702602
2882.334758,0.9998724881303296
2882.45396,0.999486791736435
2882.573162,0.9996289388602195
2882.692364,0.999711751551569
2882.811566,0.9999715174056368
2882.930768,0.9998664989120635
2883.04997,0.9998510210984588
2883.169172,1.000091472183325
2883.288374,0.9997421432507676
2883.407576,0.999953353088001
2883.526778,0.9996773220717246
2883.64598,0.9997533904131444
2883.765182,0.999803129381564
2883.884384,0.9999171814296471
2884.003586,0.9999930567241047
2884.122788,0.9997859629092071
2884.24199,0.9999280955852463
2884.361192,0.9997000349984999
2884.480394,0.9998280847791154
2884.599596,0.9998982351783908
2884.718798,0.9996818706138879
2884.838,0.9994970265335844
2884.957202,0.9997018044691278
2885.076404,0.9996281191648257
2885.195606,0.9997622382698013
2885.314808,0.9999594028240877
2885.43401,0.999773775592601
2885.553212,0.9995879649097824
2885.672414,0.9997774247735418
2885.791616,0.9998070786117248
2885.910818,0.9997605086826251
2886.03002,0.9996289488565089
2886.149222,0.9996735532953245
2886.268424,0.9999869030857653
2886.387626,0.9997316959999577
2886.506828,0.9995256925193737
2886.62603,0.9997623882341482
2886.745232,0.9995964114637725
2886.864434,0.9996834801029952
2886.983636,0.999668984797625
2887.102838,0.9998059888226031
2887.22204,0.999988983060687
2887.341242,0.9996939468438253
2887.460444,0.9997510309979272
2887.579646,0.9999434325999957
2887.698848,1.0001087559134956
2887.81805,0.9998835867765452
2887.937252,0.9996116154408169
2888.056454,0.9999497962602499
2888.175656,0.9996469523359987
2888.294858,0.9999203061757216
2888.41406,0.9997891022420594
2888.533262,0.9996380755104751
2888.652464,0.9996134247394782
2888.771666,0.9998499012659423
2888.890868,1.0000436169511915
2889.01007,0.9995202351239912
2889.129272,0.9997135710286126
2889.248474,0.9997649976173868
2889.367676,0.9997075027856536
2889.486878,0.9996047381365606
2889.60608,0.9998032093658176
2889.725282,0.9995553688777279
2889.844484,0.999560516601133
2889.963686,0.9998039492204662
2890.082888,0.9996569288623658
2890.20209,0.9997445126424549
2890.321292,0.9998014497137175
2890.440494,0.9995655144162106
2890.559696,0.99951628702686
2890.678898,0.9995075512926865
2890.7981,0.9998047490639456
2890.917302,0.9997001449655099
2891.036504,0.9996282791053376
2891.155706,0.9996992652297694
2891.274908,0.9996626369197261
2891.39411,0.9996077369552733
2891.513312,0.9995057821658865
2891.632514,0.9995388963409829
2891.751716,0.999441006295229
2891.870918,0.9996691947281339
2891.99012,0.9994838132702335
2892.109322,0.9994467630920049
2892.228524,0.9997309961880154
2892.347726,0.9995141080837293
2892.466928,0.999657318728644
2892.58613,0.9996482318849166
2892.705332,0.9998484814800905
2892.824534,0.9995662241079778
2892.943736,0.9997798242422405
2893.062938,0.9996570288280636
2893.18214,0.9997873526126614
2893.301342,0.9999151825971994
2893.420544,0.9999636436609077
2893.539746,0.9991654284487208
2893.658948,0.9993270665213616
2893.77815,0.9996118753398707
2893.897352,0.9996076969709646
2894.016554,0.999548761838576
2894.135756,0.9994273440300548
2894.254958,0.9998269049826715
2894.37416,0.9999645976266788
2894.493362,0.9995784388818685
2894.612564,0.9994772067040625
2894.731766,0.999558477499759
2894.850968,0.9997501712124102
2894.97017,0.9996989553230452
2895.089372,0.9994212075650014
2895.208574,0.9996850895946939
2895.327776,0.9996130948671025
2895.446978,0.9996023090999983
2895.56618,0.9995122190038502
2895.685382,0.9998777074783401
2895.804584,0.999711671574632
2895.923786,0.9997361348185421
2896.042988,0.9997055833490909
2896.16219,0.9993779835325007
2896.281392,0.9993397080887109
2896.400594,0.999789722111495
2896.519796,0.9997268972993337
2896.638998,0.9997124713442892
2896.7582,0.9994990555146077
2896.877402,0.999676622297844
2896.996604,0.999663386666985
2897.115806,0.9993641922114883
2897.235008,0.9995384165624278
2897.35421,0.9996172132815373
2897.473412,0.9997385541829158
2897.592614,0.9994461234462811
2897.711816,0.9994816843719785
2897.831018,0.9994346098932573
2897.95022,0.9996516906737826
2898.069422,0.9994012093467209
2898.188624,0.9994822240922339
2898.307826,0.9996969459301644
2898.427028,0.9991184887595143
2898.54623,0.9993723570502919
2898.665432,0.9994551484855239
2898.784634,0.9996216315993844
2898.903836,0.999542164838518
2899.023038,0.9994931584875765
2899.14224,0.999750311177444
2899.261442,0.9996284890272982
2899.380644,0.9994105837740306
2899.499846,0.9996004898254512
2899.619048,0.9996479419869714
2899.73825,0.9996656958920753
2899.857452,0.9997722859307853
2899.976654,0.9996790115278265
2900.095856,0.9996243505739203
2900.215058,0.9993965921237995
2900.33426,0.9995425646554639
2900.453462,0.9998310642712476
2900.572664,0.9994650031618715
2900.691866,0.9992439959151992
2900.811068,0.9994793255979868
2900.93027,0.9995749603549537
2901.049472,0.9993910854637478
2901.168674,0.9994402966923666
2901.287876,0.9994005797241573
2901.407078,0.9995136283170726
2901.52628,0.9994961269866653
2901.645482,0.9993474130275627
2901.764684,0.9993473130928264
2901.883886,0.9994707700915773
2902.003088,0.999499945069163
2902.12229,0.9993972317378231
2902.241492,0.9993748854655538
2902.360694,0.9996646962268793
2902.479896,0.9991772486456557
2902.599098,0.9993624133448094
2902.7183,0.999353489078305
2902.837502,0.9993606444749031
2902.956704,0.999491759198134
2903.075906,0.9991208966379737
2903.195108,0.9995150776128844
2903.31431,0.9993051914912985
2903.433512,0.9996021191755775
2903.552714,0.9993079795566722
2903.671916,0.9994237361038552
2903.791118,0.9995561385356583
2903.91032,0.9994303523108878
2904.029522,0.9994376781622194
2904.148724,0.999609416297682
2904.267926,0.9994631641479576
2904.387128,0.9993836100463865
2904.50633,0.9996184328152814
2904.625532,0.999261662705221
2904.744734,0.9993684195309621
2904.863936,0.9993716474961704
2904.983138,0.9992903219406788
2905.10234,0.9994955072992587
2905.221542,0.9994121428557573
2905.340744,0.9993927744361094
2905.459946,0.9991231146888262
2905.579148,0.999393543968842
2905.69835,0.9992996653488694
2905.817552,0.9992885931699172
2905.936754,0.9993127962327417
2906.055956,0.999566473999565
2906.175158,0.9993737761600465
2906.29436,0.9994796154470332
2906.413562,0.999258165295522
2906.532764,0.999186481086087
2906.651966,0.9994491717616064
2906.771168,0.9992637012010922
2906.89037,0.9994586665738384
2907.009572,0.9991614018201579
2907.128774,0.9994264845229085
2907.247976,0.9991716632604469
2907.367178,0.9994081452151812
2907.48638,0.9993008545161787
2907.605582,0.9993886069769291
2907.724784,0.9994829037403773
2907.843986,0.9994475026828832
2907.963188,0.9991809156328871
2908.08239,0.9993505110093449
2908.201592,0.9990539477898361
2908.320794,0.999509590290171
2908.439996,0.9991580846098104
2908.559198,0.9994346898480293
2908.6784,0.9992306461045908
2908.797602,0.9990577941549394
2908.916804,0.9992995454329167
2909.036006,0.9990949298233103
2909.155208,0.9990721906814799
2909.27441,0.9996031787543854
2909.393612,0.999170793981478
2909.512814,0.9991266216171134
2909.632016,0.9990279627345913
2909.751218,0.9990214890543675
2909.87042,0.9991088473126178
2909.989622,0.9995299505078933
2910.108824,0.9992047164057636
2910.228026,0.9991779580617541
2910.347228,0.9994017889995904
2910.46643,0.9990483730843609
2910.585632,0.999275232770741
2910.704834,0.9989997006332948
2910.824036,0.9992918008914498
2910.943238,0.9992464140885954
2911.06244,0.9988624475039337
2911.181642,0.9992633914293928
2911.300844,0.9988823250644201
2911.420046,0.9990170933694862
2911.539248,0.9994113433263628
2911.65845,0.9991286898113608
2911.777652,0.9992212633728759
2911.896854,0.9990486128559992
2912.016056,0.9989002052180657
2912.135258,0.9990684141957367
2912.25446,0.9990900842246512
2912.373662,0.9988274879300671
2912.492864,0.9990622399720154
2912.612066,0.9989573439439561
2912.731268,0.999107708329181
2912.85047,0.9986331350120683
2912.969672,0.9987409932148876
2913.088874,0.9990137366776917
2913.208076,0.9989039011556624
2913.327278,0.9990116887016307
2913.44648,0.9987346012929853
2913.565682,0.9989324702157711
2913.684884,0.998556143365425
2913.804086,0.9987473851776985
2913.923288,0.9987577722045168
2914.04249,0.9990110493343545
2914.161692,0.9988476644491056
2914.280894,0.9986287410359409
2914.400096,0.9986759772925206
2914.519298,0.998741892082186
2914.6385,0.998490041136742
2914.757702,0.9982859706290501
2914.876904,0.9985804085745298
2914.996106,0.9985636325645846
2915.115308,0.9983730249612026
2915.23451,0.9983276000219922
2915.353712,0.9983033409560604
2915.472914,0.9983387813537277
2915.592116,0.998394789730382
2915.711318,0.9987161248737687
2915.83052,0.9985391680552783
2915.949722,0.9985028218910652
2916.068924,0.9984342271034593
2916.188126,0.9984109638569856
2916.307328,0.9985237906704963
2916.42653,0.9986265440551273
2916.545732,0.9985057175534474
2916.664934,0.9987483839255831
2916.784136,0.99855105074208
2916.903338,0.9984708703119928
2917.02254,0.9985980836041851
2917.141742,0.9987417922080019
2917.260944,0.9989547466582384
2917.380146,0.9985804085745298
2917.499348,0.9985210946599011
2917.61855,0.9987062376330744
2917.737752,0.9983506616559135
2917.856954,0.9987885344176364
2917.976156,0.9984659778167149
2918.095358,0.9984264393468602
2918.21456,0.9985737181082055
2918.333762,0.9985959865504115
2918.452964,0.998580308716494
2918.572166,0.9988837235006541
2918.691368,0.9988119063427922
2918.81057,0.9986553049137505
2918.929772,0.9987079354351215
2919.048974,0.9986305385692926
2919.168176,0.9988006198320194
2919.287378,0.9986527084133332
2919.40658,0.9987822420696905
2919.525782,0.998866542848364
2919.644984,0.9989688320194677
2919.764186,0.9989663346005095
2919.883388,0.9990054249179795
2920.00259,0.9989169868824789
2920.121792,0.9991767190818542
2920.240994,0.9989604407165223
2920.360196,0.9988600502369365
2920.479398,0.9988980076400316
2920.5986,0.9989390631918313
2920.717802,0.9987466860547736
2920.837004,0.9986590998111194
2920.956206,0.9986812702892267
2921.075408,0.998905199731578
2921.19461,0.9988764316760878
2921.313812,0.9988753329126172
2921.433014,0.9986723820654738
2921.552216,0.9989382640409005
2921.671418,0.9987669608182886
2921.79062,0.9987971240359677
2921.909822,0.9985249888997642
2922.029024,0.9990695731157694
2922.148226,0.9988171001782091
2922.267428,0.9987530780540187
2922.38663,0.9987399944743938
2922.505832,0.9988383752090212
2922.625034,0.9989133907877991
2922.744236,0.9987990217523062
2922.863438,0.9989707300620517
2922.98264,0.9992740836048841
2923.101842,0.9987598695980406
2923.221044,0.9989226807255316
2923.340246,0.9989612398851946
2923.459448,0.9990435776636791
2923.57865,0.998959341860642
2923.697852,0.9991688056335765
2923.817054,0.998902602581435
2923.936256,0.9991444362035935
2924.055458,0.9991154414527706
2924.17466,0.9989675333608303
2924.293862,0.9990678746989387
2924.413064,0.999094680049609
2924.532266,0.9991191182043605
2924.651468,0.9989546467627687
2924.77067,0.9989512503227436
2924.889872,0.9991573752078221
2925.009074,0.9990668456595577
2925.128276,0.9989859145325504
2925.247478,0.9990710017862804
2925.36668,0.9990621400657963
2925.485882,0.9989964039397222
2925.605084,0.9990787346257602
2925.724286,0.9993350611698723
2925.843488,0.9992940293146504
2925.96269,0.9991286898113608
2926.081892,0.9989792213493452
2926.201094,0.9989543470764196
2926.320296,0.9990769362856564
2926.439498,0.9991777882015157
2926.5587,0.9992943890605657
2926.677902,0.9991439965801382
2926.797104,0.9989959044416452
2926.916306,0.9992226622836238
2927.035508,0.9993712577413039
2927.15471,0.998996603739023
2927.273912,0.9990055048384167
2927.393114,0.9991942547871495
2927.512316,0.9991474036669756
2927.631518,0.9991430174195014
2927.75072,0.9992384401340271
2927.869922,0.9991867808420763
2927.989124,0.9990604616428109
2928.108326,0.9990755675511913
2928.227528,0.9991887292581987
2928.34673,0.9994934983153081
2928.465932,0.9992266391977337
2928.585134,0.9992354324308488
2928.704336,0.9994372284153654
2928.823538,0.9990521894564354
2928.94274,0.9991882696314889
2929.061942,0.9993831103547065
2929.181144,0.9994823840094025
2929.300346,0.9993142352442044
2929.419548,0.9991038917450249
2929.53875,0.9990030372978671
2929.657952,0.9992288974524901
2929.777154,0.9989456562114053
2929.896356,0.9989964039397222
2930.015558,0.9991403896768211
2930.13476,0.999141748508675
2930.253962,0.9994156607926917
2930.373164,0.9993146249768322
2930.492366,0.9994247255338436
2930.611568,0.9992932898373423
2930.73077,0.9995662540949649
2930.849972,0.9991694850685953
2930.969174,0.999434839763244
2931.088376,0.9991579347361089
2931.207578,0.9992883533406837
2931.32678,0.9991882596396062
2931.445982,0.9993332623683812
2931.565184,0.9992864247160229
2931.684386,0.9993620835552673
2931.803588,0.9993464536545067
2931.92279,0.9994454338286939
2932.041992,0.9996242006302789
2932.161194,0.9991249231033005
2932.280396,0.9990402009020933
2932.399598,0.9996307082050071
2932.5188,0.9995364974505103
2932.638002,0.999553089894085
2932.757204,0.9992918308702042
2932.876406,0.9996604976439721
2932.995608,0.9996385553368665
2933.11481,0.9994611852128517
2933.234012,0.9993941236172655
2933.353214,0.9993666106757597
2933.472416,0.999689648169096
2933.591618,0.9992318052128125
2933.71082,0.9995067516869653
2933.830022,0.9996011895460389
2933.949224,0.9995695126862648
2934.068426,0.9995440539749947
2934.187628,0.9997254376991292
2934.30683,0.9996908977819372
2934.426032,0.9995207948554796
2934.545234,0.9995532998002559
2934.664436,0.9996239107393028
2934.783638,0.9994050170725822
2934.90284,0.9993132059510722
2935.022042,0.9997277870566683
2935.141244,0.9998154770264585
2935.260446,0.9996397848930457
2935.379648,0.9996838499859514
2935.49885,1.0000240032880743
2935.618052,0.9994833635026188
2935.737254,0.9995689429318049
2935.856456,0.9995262722444435
2935.975658,0.9995686730482267
2936.09486,0.9995749403634547
2936.214062,0.9996691547413669
2936.333264,0.9997782645869313
2936.452466,0.9996222513649882
2936.571668,0.999736464731521
2936.69087,0.9997606586467127
2936.810072,0.9998777174771173
2936.929274,0.9999126768128914
2937.048476,0.9996318377883456
2937.167678,0.9996412943502606
2937.28688,0.9997987002635114
2937.406082,0.9997530005093982
2937.525284,0.9995075812779136
2937.644486,0.9996335971419283
2937.763688,0.9997524006577778
2937.88289,0.9996809609037997
2938.002092,0.9999371129774717
2938.121294,0.9999001079895392
2938.240496,0.9998514710315196
2938.359698,1.0001039954071476
2938.4789,0.9999649586139637
2938.598102,0.9998888161813789
2938.717304,0.9998185864574272
2938.836506,0.999718769552698
2938.955708,0.9997262974633753
2939.07491,0.999928962523281
2939.194112,0.9999677325206063
2939.313314,0.9999107979787369
2939.432516,0.9999122258523759
2939.551718,0.9996243605701638
2939.67092,0.9997823836818668
2939.790122,0.999863789277523
2939.909324,0.9996478720116179
2940.028526,1.0001161067398658
2940.147728,1.0000095564456626
2940.26693,1.0001130963949152
2940.386132,0.9999787682253973
2940.505334,1.0000866467536131
2940.624536,0.9998319241263326
2940.743738,1.0000766149347742
2940.86294,0.999809888073563
2940.982142,1.0003762807758574
2941.101344,1.0000425219040305
2941.220546,0.9999994086201749
2941.339748,0.9999160695223597
2941.45895,0.9999922440300777
2941.578152,0.9996714539830669
2941.697354,1.0000586917222918
2941.816556,0.999960874765412
2941.935758,0.9999956207095891
2942.05496,1.000011289063721
2942.174162,0.9998679087248208
2942.293364,1.0001985297044138
2942.412566,0.9998544505933428
2942.531768,0.9998053789411359
2942.65097,1.0000537314434823
2942.770172,0.9999782552364208
2942.889374,0.9997402437425
2943.008576,0.9998550005134419
2943.127778,1.0000062692196514
2943.24698,0.9996857593839283
2943.366182,1.000037071687138
2943.485384,1.0001561921967312
2943.604586,0.999866978848098
2943.723788,1.0002517116740683
2943.84299,1.0001625932168445
2943.962192,0.9998305843524519
2944.081394,0.9999341091708961
2944.200596,1.0001926785601296
2944.319798,0.9998596798457939
2944.439,0.9998837667556071
2944.558202,0.9997740855225196
2944.677404,0.9999834661366859
2944.796606,1.0002270457709903
2944.915808,1.0001392997013026
2945.03501,1.0002363379234076
2945.154212,1.0001524016119459
2945.273414,0.9995683531863025
2945.392616,1.0000782440609068
2945.511818,0.9997554399096955
2945.63102,1.0000394297773332
2945.750222,0.9998499012659423
2945.869424,0.9999257707551268
2945.988626,0.999769696523918
2946.107828,0.9997190094852315
2946.22703,1.0000012503007816
2946.346232,0.9998003999227465
2946.465434,1.000297254171268
2946.584636,1.0001908082015696
2946.703838,0.9999125808212791
2946.82304,0.9998983951621212
2946.942242,1.0000490662037067
2947.061444,0.9998342137440605
2947.180646,0.999715470486202
2947.299848,0.9998306743372085
2947.41905,0.9996268496379205
2947.538252,1.0000258173332617
2947.657454,0.9999480793479237
2947.776656,0.9995934326709048
2947.895858,1.00005416646695
2948.01506,1.0000543264756296
2948.134262,0.9997846431926071
2948.253464,1.0001388196345538
2948.372666,0.9998091882068862
2948.491868,0.999890785964287
2948.61107,0.9998511410805886
2948.730272,0.9999107089866799
2948.849474,0.9999791082182363
2948.968676,0.999796010808625
2949.087878,0.999893065717878
2949.20708,1.0001347090724524
2949.326282,0.9998815670137399
2949.445484,0.9998570202225828
2949.564686,0.9997818138060705
2949.683888,0.9996290888045716
2949.80309,0.9997578593207875
2949.922292,0.999790901864063
2950.041494,0.9998716482377923
2950.160696,0.9999155785636901
2950.279898,0.9994638937563337
2950.3991,0.9998577701156292
2950.518302,0.9996532701247016
2950.637504,0.9998823769181372
2950.756706,0.9999979435021146
2950.875908,0.999795990812705
2950.99511,0.9997867027510934
2951.114312,0.9997827036122807
2951.233514,1.0000345095954424
2951.352716,0.9995590072658925
2951.471918,0.9995814276258689
2951.59112,0.9996274694067594
2951.710322,0.9997323458257712
2951.829524,0.9998717582236797
2951.948726,0.9997139209284236
2952.067928,0.9997801841630422
2952.18713,1.000076653937763
2952.306332,0.9998997550248633
2952.425534,0.9998685186444312
2952.544736,0.9999208341337826
2952.663938,0.9996407445476999
2952.78314,0.9997858529327572
2952.902342,0.9996284290495907
2953.021544,1.0000171131464282
2953.140746,0.9998858765125807
2953.259948,0.9999010308977647
2953.37915,0.9996024790324052
2953.498352,0.9997138909370065
2953.617554,0.9998659189896623
2953.736756,0.9995677834325036
2953.855958,0.9994827538179529
2953.97516,0.9997631880443787
2954.094362,0.9996825703914423
2954.213564,0.9995931128010576
2954.332766,0.9997371445525481
2954.451968,0.9998379531310124
2954.57117,0.9996876687855522
2954.690372,0.9996806510027497
2954.809574,0.9998372332479454
2954.928776,0.9996578485471633
2955.047978,0.9997195293392516
2955.16718,0.9996764223625396
2955.286382,0.9997171200180891
2955.405584,0.9997285268555044
2955.524786,0.9995293008136367
2955.643988,0.9998749878146745
2955.76319,0.9999167964616064
2955.882392,0.999353778890859
2956.001594,0.9997344752579357
2956.120796,0.9996858293619338
2956.239998,0.9998056988789084
2956.3592,1.0000054219146985
2956.478402,0.9995932527441032
2956.597604,0.9994038477693963
2956.716806,0.9997983403360441
2956.836008,0.9998088982622637
2956.95521,0.9999508962056308
2957.074412,0.999865759011128
2957.193614,0.9999380129212784
2957.312816,0.9997457823187922
2957.432018,0.9996781518042462
2957.55122,0.9995569781631674
2957.670422,0.9996172632623992
2957.789624,0.9997095921765178
2957.908826,0.9997123213874298
2958.028028,1.0000461270638203
2958.14723,0.9998331639186872
2958.266432,1.0000766739392963
2958.385634,0.9999732613574839
2958.504836,1.000037288695206
2958.624038,0.9999305094145826
2958.74324,0.999705273440408
2958.862442,0.9998506311566366
2958.981644,0.9997953409455221
2959.100846,0.9998357934833662
2959.220048,0.9996692547082874
2959.33925,1.0000133010884587
2959.458452,0.9998969153135915
2959.577654,1.0002330271466084
2959.696856,1.0000040550082214
2959.816058,0.9999684484977591
2959.93526,1.000305676709607
2960.054462,1.0000907731196302
2960.173664,0.9998536407115658
2960.292866,0.9999450915075264
2960.412068,1.0002332071885693
2960.53127,0.999874467879816
2960.650472,1.0000622929401246
2960.769674,1.0002069514114893
2960.888876,0.9998547105555338
2961.008078,0.9999092761156605
2961.12728,1.0001339789743813
2961.246482,1.0002057411618104
2961.365684,0.9999952857111123
2961.484886,1.000300255067532
2961.604088,1.000202350470095
2961.72329,1.0002563328476513
2961.842492,1.000269506310302
2961.961694,1.0002090718524739
2962.080896,1.000356373485948
2962.200098,1.0003978791329127
2962.3193,1.0003802922927862
2962.438502,1.0003044963496048
2962.557704,1.0000054031145968
2962.676906,0.999972808369699
2962.796108,1.0001584725554489
2962.91531,1.0003639362087187
2963.034512,1.0005701824922733
2963.153714,1.000317570414811
2963.272916,1.0006728062326453
2963.392118,1.0000114720658035
2963.51132,1.0001900780625461
2963.630522,1.0004877188962038
2963.749724,1.0005400857938407
2963.868926,1.0002294263141922
2963.988128,1.0004395865898796
2964.10733,1.0003120186677013
2964.226532,1.000005008812544
2964.345734,1.0007023865579925
2964.464936,1.0006140584567491
2964.584138,1.0004132053458195
2964.70334,1.000293112949208
2964.822542,1.0007784728528264
2964.941744,1.0005577754989339
2965.060946,1.00052066549925
2965.180148,1.0005561946188977
2965.29935,1.0003803123003923
2965.418552,1.0005744849533083
2965.537754,1.0006562652478699
2965.656956,1.0003139392686209
2965.776158,1.0008241394164175
2965.89536,1.0005972983116367
2966.014562,1.0007342894586055
2966.133764,1.0007341593631562
2966.252966,1.0011133192803148
2966.372168,1.0007536538544564
2966.49137,1.0005154027743903
2966.610572,1.0007821657322045
2966.729774,1.0005611273730963
2966.848976,1.000757746945271
2966.968178,1.0006719656678411
2967.08738,1.0009216444534725
2967.206582,1.0006480699066174
2967.325784,1.0007509218007107
2967.444986,1.0007456078274246
2967.564188,1.0006216131214094
2967.68339,1.0007717476440856
2967.802592,1.0006404249845668
2967.921794,1.0006424062545698
2968.040996,1.0007225509142368
2968.160198,1.0007643719834847
2968.2794,1.0010073069932526
2968.398602,1.000785248146022
2968.517804,1.0004591753887588
2968.637006,1.0009298120074148
2968.756208,1.0007489303083579
2968.87541,1.0008095775311268
2968.994612,1.0008644934592505
2969.113814,1.0010320321790902
2969.233016,1.0010517527043707
2969.352218,1.0008024918244014
2969.47142,1.0007638215632315
2969.590622,1.0009337456693057
2969.709824,1.000786459096905
2969.829026,1.0007259033403977
2969.948228,1.0011296375604126
2970.06743,1.0010445451576984
2970.186632,1.0012782162228908
2970.305834,1.0009766966578393
2970.425036,1.0008749025041095
2970.544238,1.0008677362654628
2970.66344,1.000913186701311
2970.782642,1.0011500608133355
2970.901844,1.0008273720836085
2971.021046,1.0008721300844694
2971.140248,1.0009229956986045
2971.25945,1.0009541849450765
2971.378652,1.0011373462883004
2971.497854,1.001312660785972
2971.617056,1.000824860010057
2971.736258,1.0007232514202677
2971.85546,1.0010498507078474
2971.974662,1.000728094932526
2972.093864,1.0007792334447547
2972.213066,1.0010247246719277
2972.332268,1.0009309030215046
2972.45147,1.0010903940477982
2972.570672,1.0010922961213538
2972.689874,1.0011033081971774
2972.809076,1.0011770922298997
2972.928278,1.000921043900666
2973.04748,1.0010361364188358
2973.166682,1.001131539708531
2973.285884,1.0012009205282506
2973.405086,1.0010164162011932
2973.524288,1.0012175406014776
2973.64349,1.0013145632818348
2973.762692,1.000777582160382
2973.881894,1.0012039241355175
2974.001096,1.0015035291682968
2974.120298,1.0013611254915904
2974.2395,1.0008956008111132
2974.358702,1.0011023070943699
2974.477904,1.0008905963456203
2974.597106,1.0013319863068157
2974.716308,1.0009261085739618
2974.83551,1.0011713855367381
2974.954712,1.0013653312171493
2975.073914,1.0011134193916518
2975.193116,1.0010620635905245
2975.312318,1.0013888635789372
2975.43152,1.0014072893035433
2975.550722,1.0010923962305884
2975.669924,1.001087590998619
2975.789126,1.0010012008673037
2975.908328,1.0011087141696378
2976.02753,1.001181197064393
2976.146732,1.0008978127928352
2976.265934,1.001253785332473
2976.385136,1.0012964396522586
2976.504338,1.0010462469348715
2976.62354,1.0011279356414755
2976.742742,1.001376246158746
2976.861944,1.0012492797005765
2976.981146,1.001210031498082
2977.100348,1.0012031231726986
2977.21955,1.001158470509167
2977.338752,1.0013044500558175
2977.457954,1.001165378526446
2977.577156,1.0011221291162877
2977.696358,1.001313561967772
2977.81556,1.001346005052755
2977.934762,1.0012387666383336
2978.053964,1.0010628644404957
2978.173166,1.0014000791970166
2978.292368,1.0010362365224545
2978.41157,1.0012379656476404
2978.530772,1.0011690828451996
2978.649974,1.0013066529280308
2978.769176,1.0017584442530387
2978.888378,1.0013828552637807
2979.00758,1.0015914650384858
2979.126782,1.0020285547388668
2979.245984,1.0014218098145116
2979.365186,1.0013360917763758
2979.484388,1.0010621636967358
2979.60359,1.0013474069381434
2979.722792,1.0014662739299633
2979.841994,1.0012558879676299
2979.961196,1.001402182139391
2980.080398,1.001731196793922
2980.1996,1.00111852508311
2980.318802,1.0010380383893018
2980.438004,1.0011518628850666
2980.557206,1.0012358630501204
2980.676408,1.0013133617050798
2980.79561,1.001401681438425
2980.914812,1.0014925126900667
2981.034014,1.0012696052672583
2981.153216,1.0012960391337629
2981.272418,1.0014317239395034
2981.39162,1.001256388595699
2981.510822,1.001516749102133
2981.630024,1.0014361302487826
2981.749226,1.0015379814822765
2981.868428,1.0011780934074925
2981.98763,1.0011204272101148
2982.106832,1.0011424521017864
2982.226034,1.0012946373202893
2982.345236,1.0013977759794832
2982.464438,1.001562319150928
2982.58364,1.0013845576160816
2982.702842,1.0012351621852615
2982.822044,1.001019919764781
2982.941246,1.0012058264247805
2983.060448,1.0011408502751444
2983.17965,1.0011658791092604
2983.298852,1.0015201542648688
2983.418054,1.0012043246171674
2983.537256,1.0009741842094837
2983.656458,1.0013969748615827
2983.77566,1.0011891064270917
2983.894862,1.0010377380779354
2984.014064,1.0008769242734545
2984.133266,1.000772758424061
2984.252468,1.0011310391428863
2984.37167,1.0012451745869453
2984.490872,1.0014152004523778
2984.610074,1.0015960723698218
2984.729276,1.0013295831129323
2984.848478,1.0007862889632213
2984.96768,1.0015991773224588
2985.086882,1.000955025746945
2985.206084,1.001186202982893
2985.325286,1.0013850583084856
2985.444488,1.0012147371962885
2985.56369,1.0012943369319434
2985.682892,1.0012229471907945
2985.802094,1.0012819209591446
2985.921296,1.0012803189093527
2986.040498,1.0015420877964185
2986.1597,1.001447646830501
2986.278902,1.0011827989555897
2986.398104,1.0011390482232359
2986.517306,1.0012687041250192
2986.636508,1.0013046503167276
2986.75571,1.0013275804557689
2986.874912,1.0010147144747321
2986.994114,1.0013231746241076
2987.113316,1.0011643773615682
2987.232518,1.0010487495536173
2987.35172,1.0014486482786484
2987.470922,1.0013745438205746
2987.590124,1.0012695051403029
2987.709326,1.0012209447469025
2987.828528,1.001395072209138
2987.94773,1.0010326327984898
2988.066932,1.0011881052384857
2988.186134,1.0011361449242058
2988.305336,1.0011177241886104
2988.424538,1.0011892065460073
2988.54374,1.0011804962378001
2988.662942,1.001214236589045
2988.782144,1.0014312232237668
2988.901346,1.0012569893497125
2989.020548,1.0012368642864842
2989.13975,1.0011661794590692
2989.258952,1.0013946716511892
2989.378154,1.0014367311106411
2989.497356,1.0012139362248191
2989.616558,1.0011276353031398
2989.73576,1.001297440949199
2989.854962,1.0014514523387892
2989.974164,1.0014034839630739
2990.093366,1.0011596719000524
2990.212568,1.0014844006335677
2990.33177,1.0011370459471416
2990.450972,1.0012087299258872
2990.570174,1.0014326252284607
2990.689376,1.0010201199687851
2990.808578,1.0016315294983713
2990.92778,1.0011484589745194
2991.046982,1.001154465883294
2991.166184,1.0013593230431865
2991.285386,1.0011582702774928
2991.404588,1.0011956141774336
2991.52379,1.0011253327122265
2991.642992,1.001229455161102
2991.762194,1.0011774927008168
2991.881396,1.0015329738048884
2992.000598,1.0010416421327268
2992.1198,1.001131940161227
2992.239002,1.0013941709539786
2992.358204,1.0011120178338457
2992.477406,1.001051051968389
2992.596608,1.0012769145620557
2992.71581,1.0013076542351844
2992.835012,1.0012520832024847
2992.954214,1.00125398558325
2993.073416,1.0011297376733814
2993.192618,1.0014919117947392
2993.31182,1.0013549170718583
2993.431022,1.001234261074021
2993.550224,1.001056958187019
2993.669426,1.0013752447830004
2993.788628,1.0011597720160246
2993.90783,1.0010466473534505
2994.027032,1.0012377654000675
2994.146234,1.001158370393325
2994.265436,1.0012119337989491
2994.384638,1.0012678029835909
2994.50384,1.0013712392900325
2994.623042,1.0011831994287894
2994.742244,1.0012822213437658
2994.861446,1.0012940365436873
2994.980648,1.0016067895051328
2995.09985,1.0013612256277078
2995.219052,1.0012252500062213
2995.338254,1.0014554581526103
2995.457456,1.0012068276311075
2995.576658,1.0011329412936678
2995.69586,1.0011681817934304
2995.815062,1.0012509818257989
2995.934264,1.0014732842184169
2996.053466,1.0011578698142647
2996.172668,1.0015131436483262
2996.29187,1.0014875052400218
2996.411072,1.001221945968348
2996.530274,1.001671194892309
2996.649476,1.0015533051306187
2996.768678,1.0012877284111277
2996.88788,1.0015963728486887
2997.007082,1.0012275528269445
2997.126284,1.0013968747218904
2997.245486,1.0011820981278756
2997.364688,1.0015655241554773
2997.48389,1.0013645301252048
2997.603092,1.0012966399115666
2997.722294,1.0011940122657323
2997.841496,1.0014322246554908
2997.960698,1.0014176038517428
2998.0799,1.0012309570064113
2998.199102,1.0013335884392756
2998.318304,1.0014467455280243
2998.437506,1.0012671020963742
2998.556708,1.001097201485623
2998.67591,1.001525963098609
2998.795112,1.0011158220667415
2998.914314,1.0014354292437369
2999.033516,1.0012656001968474
2999.152718,1.0014971195662208
2999.27192,1.0014486482786484
2999.391122,1.0014151003108627
2999.510324,1.0014243133721654
2999.629526,1.001241970607513
2999.748728,1.0010658676335937
2999.86793,1.0012019217296717
2999.987132,1.0011785939966644
3000.106334,1.0013403975308277
3000.225536,1.00108508828277
3000.344738,1.0018222582983933
3000.46394,1.0011902077357144
3000.583142,1.0011621748023607
3000.702344,1.0011398491347947
3000.821546,1.0013726412107486
3000.940748,1.0012451745869453
3001.05995,1.0014554581526103
3001.179152,1.0011354441291496
3001.298354,1.0013200705270777
3001.417556,1.0012305565141086
3001.536758,1.0011566684255417
3001.65596,1.0011999193278305
3001.775162,1.0010095092117506
3001.894364,1.0011403497048443
3002.013566,1.0012691046325808
3002.132768,1.001309456590584
3002.25197,1.0011043093009862
3002.371172,1.0008699682030033
3002.490374,1.0011591713203416
3002.609576,1.0012868272525777
3002.728778,1.0013825548489692
3002.84798,1.0011066118435454
3002.967182,1.0015191527452152
3003.086384,1.0011074127291553
3003.205586,1.001092496339833
3003.324788,1.0008780052211166
3003.44399,1.0012050254604399
3003.563192,1.0010884919778564
3003.682394,1.0011860027456725
3003.801596,1.0011588709726351
3003.920798,1.0011202269860493
3004.04,1.0011029077559344
3004.159202,1.001384858031494
3004.278404,1.0012695051403029
3004.397606,1.0012705064103087
3004.516808,1.0012541858340671
3004.63601,1.0012239484142422
3004.755212,1.0011360448105961
3004.874414,1.0012354625558553
3004.993616,1.001433526518229
3005.112818,1.0012012208885717
3005.23202,1.0014836995947325
3005.351222,1.0012202438924866
3005.470424,1.0011227297897454
3005.589626,1.0009263988425754
3005.708828,1.001388162606978
3005.82803,1.0010201199687851
3005.947232,1.0009939236150263
3006.066434,1.0012914331825766
3006.185636,1.0012814203183091
3006.304838,1.0010081077994186
3006.42404,1.0011705845999501
3006.543242,1.0012007202880864
3006.662444,1.0012111328297226
3006.781646,1.0012603936292634
3006.900848,1.0012097311351178
3007.02005,1.001176691759143
3007.139252,1.0012119337989491
3007.258454,1.0007126838385296
3007.377656,1.0010666684866083
3007.496858,1.0012877284111277
3007.61606,1.0011420516448857
3007.735262,1.001418705411713
3007.854464,1.0012124344050413
3007.973666,1.0012426714771379
3008.092868,1.000775700700296
3008.21207,1.0011128187237803
3008.331272,1.0010610625289613
3008.450474,1.0013548169363717
3008.569676,1.0012616952686213
3008.688878,1.0011819980096708
3008.80808,1.0010995040118342
3008.927282,1.0012812200620451
3009.046484,1.001284223910211
3009.165686,1.0012861263520438
3009.284888,1.0011612737568087
3009.40409,1.0011715857710353
3009.523292,1.0010680699809251
3009.642494,1.0011961147753659
3009.761696,1.0011123181674961
3009.880898,1.0010732755484235
3010.0001,1.001359723586996
3010.119302,1.0009779879186107
3010.238504,1.0010817847074296
3010.357706,1.001313461836421
3010.476908,1.0012814203183091
3010.59611,1.0012209447469025
3010.715312,1.0012979415980445
3010.834514,1.001171886122556
3010.953716,1.0013575205980274
3011.072918,1.0011918096413284
3011.19212,1.0012246492712515
3011.311322,1.0011906082118776
3011.430524,1.0012085296841613
3011.549726,1.0011564681942282
3011.668928,1.001031932075892
3011.78813,1.0011692830790362
3011.907332,1.0012080290800216
3012.026534,1.0012646990582128
3012.145736,1.0009837435585887
3012.264938,1.0011601724800134
3012.38414,1.0011413508456948
3012.503342,1.001269905648185
3012.622544,1.0014718821568003
3012.741746,1.0012731097170096
3012.860948,1.0010678697673312
3012.98015,1.0014000791970166
3013.099352,1.0010024020694654
3013.218554,1.0014694786271674
3013.337756,1.0010705726542284
3013.456958,1.0011846010862497
3013.57616,1.0012439730934568
3013.695362,1.001294837579237
3013.814564,1.0014917114963768
3013.933766,1.001177893171894
3014.052968,1.0012190424289147
3014.17217,1.0012756129029128
3014.291372,1.0012906321497506
3014.410574,1.0012166395060964
3014.529776,1.001243272222921
3014.648978,1.0012058264247805
3014.76818,1.0012068276311075
3014.887382,1.001248779076062
3015.006584,1.0010680699809251
3015.125786,1.0013120599985557
3015.244988,1.0011590712044294
3015.36419,1.001585755983406
3015.483392,1.001098202583325
3015.602594,1.001211833677761
3015.721796,1.0013190692075078
3015.840998,1.0010712734038745
3015.9602,1.0013052510996978
3016.079402,1.001103608528215
3016.198604,1.0012972406897307
3016.317806,1.0011191257544054
3016.437008,1.001482497815014
3016.55621,1.0014445423476075
3016.675412,1.0013088558050904
3016.794614,1.0010886921955748
3016.913816,1.0011251324871802
3017.033018,1.0009757157011572
3017.15222,1.0015627197759358
3017.271422,1.0011298377863602
3017.390624,1.0011925104758403
3017.509826,1.001211833677761
3017.629028,1.000904488803511
3017.74823,1.0009253478704083
3017.867432,1.0012375651525343
3017.986634,1.0009194124006942
3018.105836,1.0009124960714504
3018.225038,1.0010531541778054
3018.34424,1.0012968401709146
3018.463442,1.0012597928732074
3018.582644,1.001361425899973
3018.701846,1.0010965007178272
3018.821048,1.0011944127434174
3018.94025,1.0012782162228908
3019.059452,1.0011214283310426
3019.178654,1.0011152213974284
3019.297856,1.001066868699962
3019.417058,1.0012055260630777
3019.53626,1.0013044500558175
3019.655462,1.0009878476003506
3019.774664,1.0011618744537534
3019.893866,1.00096334371777
3020.013068,1.0012146370748198
3020.13227,1.0012146370748198
3020.251472,1.001093897870309
3020.370674,1.0010258257997304
3020.489876,1.0008135107204952
3020.609078,1.0012357629265392
3020.72828,1.0011790945860866
3020.847482,1.0010538549152586
3020.966684,1.0012576902298502
3021.085886,1.0009210138730351
3021.205088,1.000939661205223
3021.32429,1.0010250249793902
3021.443492,1.000946687826308
3021.562694,1.001203523654028
3021.681896,1.0012483785766304
3021.801098,1.0012896308596189
3021.9203,1.0007562057795274
3022.039502,1.0011297376733814
3022.158704,1.0011657789926776
3022.277906,1.0009912309449933
3022.397108,1.0009183514266793
3022.51631,1.00118239848255
3022.635512,1.001018218032364
3022.754714,1.0007596283716038
3022.873916,1.000767264196699
3022.993118,1.000867005632282
3023.11232,1.000896281420353
3023.231522,1.0010358361080398
3023.350724,1.0008611806032601
3023.469926,1.0008054742202708
3023.589128,1.0008838403568965
3023.70833,1.0008970220838753
3023.827532,1.0007762211037956
3023.946734,1.0011527639221487
3024.065936,1.0006679830013432
3024.185138,1.0008116492090966
3024.30434,1.0008972122543276
3024.423542,1.0010067063890487
3024.542744,1.0009861959717647
3024.661946,1.0010913951386928
3024.781148,1.0008243996307273
3024.90035,1.0010561573417727
3025.019552,1.000936868587464
3025.138754,1.0009156789782487
3025.257956,1.0008470785685744
3025.377158,1.0009930227209003
3025.49636,1.000836019269459
3025.615562,1.000971141252589
3025.734764,1.0008811579917987
3025.853966,1.0009663366026422
3025.973168,1.0011023070943699
3026.09237,1.0007942052140757
3026.211572,1.0009115051685697
3026.330774,1.0009743343556226
3026.449976,1.0009392007730846
3026.569178,1.0009332952492214
3026.68838,1.001004504176717
3026.807582,1.0007985186463955
3026.926784,1.0009485796173359
3027.045986,1.0007563959232246
3027.165188,1.0009017463289689
3027.28439,1.0008863926139435
3027.403592,1.001128536318417
3027.522794,1.0006928499096908
3027.641996,1.000869397707284
3027.761198,1.0008545749412667
3027.8804,1.000996696372035
3027.999602,1.000866665337558
3028.118804,1.0006444075413836
3028.238006,1.0010890926311318
3028.357208,1.000976956911814
3028.47641,1.0006783900024827
3028.595612,1.0009247172876379
3028.714814,1.0008941695314273
3028.834016,1.0010622638029572
3028.953218,1.000842274514127
3029.07242,1.0008396222856137
3029.191622,1.0009007754547457
3029.310824,1.000903027484024
3029.430026,1.0007091113006252
3029.549228,1.0009235862433463
3029.66843,1.0010481489245477
3029.787632,1.0009659362161876
3029.906834,1.0009150183741187
3030.026036,1.0007686152334176
3030.145238,1.0011124182787328
3030.26444,1.000900164905459
3030.383642,1.0008848912854804
3030.502844,1.0010847879572886
3030.622046,1.0008912469247193
3030.741248,1.000705688881317
3030.86045,1.000732418087234
3030.979652,1.000694360957035
3031.098854,1.0007946055318377
3031.218056,1.0010536547045077
3031.337258,1.0005602969077052
3031.45646,1.0007799339904633
3031.575662,1.0010130127511638
3031.694864,1.000772017852494
3031.814066,1.0008176841215364
3031.933268,1.0007877401043923
3032.05247,1.001020220070802
3032.171672,1.0005247876528833
3032.290874,1.000634341109278
3032.410076,1.000746308349595
3032.529278,1.0006263460728329
3032.64848,1.0006820124648113
3032.767682,1.0009091730474797
3032.886884,1.0007949257861628
3033.006086,1.0007376119019618
3033.125288,1.00097350354727
3033.24449,1.001034334555412
3033.363692,1.0009986883574427
3033.482894,1.0009311532542615
3033.602096,1.0010413418202793
3033.721298,1.000545478719437
3033.8405,1.000393277313253
3033.959702,1.0007981183270682
3034.078904,1.0007661033073458
3034.198106,1.0004058123195492
3034.317308,1.0006431467302244
3034.43651,1.0006685333688852
3034.555712,1.0008179343259889
3034.674914,1.0006992343504395
3034.794116,1.000749800960306
3034.913318,1.0008500310718111
3035.03252,1.000975995974397
3035.151722,1.000918901931924
3035.270924,1.0007173871991966
3035.390126,1.0007451474845508
3035.509328,1.0008196557343163
3035.62853,1.0006256056096106
3035.747732,1.000528639680731
3035.866934,1.000743636360519
3035.986136,1.0007352201419275
3036.105338,1.00060666394618
3036.22454,1.0008043633268109
3036.343742,1.0006459785543367
3036.462944,1.0004806754874556
3036.582146,1.000597698550636
3036.701348,1.000927730075571
3036.82055,1.0007316175016197
3036.939752,1.0007969073620777
3037.058954,1.0009720921756249
3037.178156,1.0007638916167014
3037.297358,1.0007521727401447
3037.41656,1.0006953116171295
3037.535762,1.000707189940976
3037.654964,1.0008730508872528
3037.774166,1.0005143822492
3037.893368,1.000853393933565
3038.01257,1.0007232814419658
3038.131772,1.0007036174226849
3038.250974,1.0007605790937024
3038.370176,1.0007127238670377
3038.489378,1.0004871686281098
3038.60858,1.0008634625693533
3038.727782,1.000571563280078
3038.846984,1.0006631998198163
3038.966186,1.0006806515381996
3039.085388,1.0005154628053163
3039.20459,1.0005890934474304
3039.323792,1.0005475798671484
3039.442994,1.000743396182075
3039.562196,1.0010535545991472
3039.681398,1.0007022364526457
3039.8006,1.0007882104747408
3039.919802,1.0008854117457593
3040.039004,1.0007860687902619
3040.158206,1.000594566684741
3040.277408,1.0010295296021379
3040.39661,1.0005853112278056
3040.515812,1.0007990690857322
3040.635014,1.000678650178898
3040.754216,1.0005710429830004
3040.873418,1.0006947612348593
3040.99262,1.0007339492090048
3041.111822,1.000658236542654
3041.231024,1.0006931000829347
3041.350226,1.0008336272742313
3041.469428,1.0002224047282653
3041.58863,1.0006631197667635
3041.707832,1.0008555457706754
3041.827034,1.0007066095309742
3041.946236,1.000829704014102
3042.065438,1.0006831932702824
3042.18464,1.0006914189199385
3042.303842,1.0006402848949172
3042.423044,1.0006459585414174
3042.542246,1.0007978881435273
3042.661448,1.0006844241113673
3042.78065,1.0007437964795136
3042.899852,1.0007437764646379
3043.019054,1.000915398721898
3043.138256,1.0006147788991306
3043.257458,1.00063398088098
3043.37666,1.000357844010898
3043.495862,1.000552002297225
3043.615064,1.000818634898788
3043.734266,1.0005074787237798
3043.853468,1.0006529330680547
3043.97267,1.0007869294666512
3044.091872,1.0004437284183416
3044.211074,1.0008457474428452
3044.330276,1.0004307427430241
3044.449478,1.0006170402910863
3044.56868,1.000888874815275
3044.687882,1.0007435062638548
3044.807084,1.0006452580894916
3044.926286,1.0004633973353871
3045.045488,1.0006070141585734
3045.16469,1.000471591164165
3045.283892,1.0005225865007719
3045.403094,1.0006266762795815
3045.522296,1.0006427965051845
3045.641498,1.0004535528239926
3045.7607,1.0005878227000886
3045.879902,1.0004448589203936
3045.999104,1.0004756030632895
3046.118306,1.0005916349469555
3046.237508,1.0007162563891878
3046.35671,1.0007951059292657
3046.475912,1.0006790604572287
3046.595114,1.000702756817944
3046.714316,1.0007423654169079
3046.833518,1.00070904125099
3046.95272,1.0005890234061963
3047.071922,1.000682042485272
3047.191124,1.0004094538033337
3047.310326,1.0006943509500914
3047.429528,1.0006843140360866
3047.54873,1.0006356219220545
3047.667932,1.000573124172934
3047.787134,1.0006333905071054
3047.906336,1.000775940886493
3048.025538,1.0006792605930608
3048.14474,1.0005487505085018
3048.263942,1.0005450785013255
3048.383144,1.0005422969898736
3048.502346,1.0005000549858296
3048.621548,1.0003672574225
3048.74075,1.000845397146895
3048.859952,1.0003985393957309
3048.979154,1.0005707027889035
3049.098356,1.0006124874939106
3049.217558,1.0007601587743475
3049.33676,1.000372519368113
3049.455962,1.0004394465283473
3049.575164,1.0005336023150913
3049.694366,1.000539055238083
3049.813568,1.0007994593974452
3049.93277,1.0002773184456526
3050.051972,1.0006555547821736
3050.171174,1.0007334288274867
3050.290376,1.000814291355338
3050.409578,1.0005251478418717
3050.52878,1.0007142249372494
3050.647982,1.0004453091206813
3050.767184,1.0007549448275026
3050.886386,1.0004435983606654
3051.005588,1.0006575661018602
3051.12479,1.0004893697023018
3051.243992,1.0003812926735787
3051.363194,1.0004269511176942
3051.482396,1.0004910605307655
3051.601598,1.0007659832154205
3051.7208,1.0006602979007446
3051.840002,1.0004777941072593
3051.959204,1.0004384360850165
3052.078406,1.000468449688301
3052.197608,1.000563118491721
3052.31681,1.00057120307438
3052.436012,1.0005816390864517
3052.555214,1.000368777981887
3052.674416,1.0003349060685192
3052.793618,1.0006512919985902
3052.91282,1.000966026303126
3053.032022,1.0003688280003271
3053.151224,1.000449791125706
3053.270426,1.0006860952557508
3053.389628,1.0007129540309907
3053.50883,1.0004547033462399
3053.628032,1.0006456283283056
3053.747234,1.000551642098569
3053.866436,1.0006232541422004
3053.985638,1.0004748927258635
3054.10484,1.0003075672891226
3054.224042,1.000616229791612
3054.343244,1.0005008353761768
3054.462446,1.00014438042185
3054.581648,1.0006288676544022
3054.70085,1.0005623580640397
3054.820052,1.0004797750552528
3054.939254,1.0002282460441654
3055.058456,1.0006425263316658
3055.177658,1.000384203787376
3055.29686,1.0003169002022634
3055.416062,1.000545858926791
3055.535264,1.0004320633124761
3055.654466,1.0005347729400906
3055.773668,1.000325893091619
3055.89287,1.000413985668424
3056.012072,1.0006959620692935
3056.131274,1.0007644520446377
3056.250476,1.0005513719496621
3056.369678,1.0003455496885438
3056.48888,1.0004289819864662
3056.608082,1.0004298023385678
3056.727284,1.0005763960523997
3056.846486,1.0007985186463955
3056.965688,1.0006760984515934
3057.08489,1.0004202382753737
3057.204092,1.0004131953416875
3057.323294,1.0002997949295203
3057.442496,1.0005804083717926
3057.561698,1.00049820406244
3057.6809,1.000416976910713
3057.800102,1.0006061336247885
3057.919304,1.0004492808964425
3058.038506,1.000554093453095
3058.157708,1.000743135988826
3058.27691,1.0005193648232302
3058.396112,1.000551992291705
3058.515314,1.0005995196401045
3058.634516,1.0006186712981913
3058.753718,1.0005628183228303
3058.87292,1.0004055722221832
3058.992122,1.0005503814042942
3059.111324,1.0002925527852216
3059.230526,1.00038471398345
3059.349728,1.0003980191886255
3059.46893,1.0006519724417
3059.588132,1.000369638299406
3059.707334,1.0003305946343652
3059.826536,1.0007990891017138
3059.945738,1.0006990041896422
3060.06494,1.000493361662851
3060.184142,1.0006383036291147
3060.303344,1.0004888194333
3060.422546,1.000002497603119
3060.541748,1.0005442980764687
3060.66095,1.0001855072043337
3060.780152,1.000644067322343
3060.899354,1.0003699284066432
3061.018556,1.0002865410450448
3061.137758,1.0004953826614826
3061.25696,1.0001649035951032
3061.376162,1.0004536228557437
3061.495364,1.0006450179346584
3061.614566,1.0006310290150904
3061.733768,1.0004668589447305
3061.85297,1.0006007703902857
3061.972172,1.0003838736606434
3062.091374,1.0003662770630681
3062.210576,1.0004925412586307
3062.329778,1.0005085092470134
3062.44898,1.0004269211048862
3062.568182,1.0004939719639878
3062.687384,1.000438266010497
3062.806586,1.0004729518064543
3062.925788,1.0004056022343508
3063.04499,1.0003749502762886
3063.164192,1.0004036714534017
3063.283394,1.000595477226211
3063.402596,1.000478594489815
3063.521798,1.0004899599912043
3063.641,1.0003832134075046
3063.760202,1.0004246601425992
3063.879404,1.000355343119414
3063.998606,1.0004563040750458
3064.117808,1.0003254629515776
3064.23701,1.0003358964005664
3064.356212,1.0003413882597127
3064.475414,1.0000432769364196
3064.594616,1.000205121034443
3064.713818,1.0002177837114299
3064.83302,1.000333295530617
3064.952222,1.0001821465866754
3065.071424,1.0004792648106977
3065.190626,1.0002967240138638
3065.309828,1.0002671256717097
3065.42903,1.0004628570852985
3065.548232,1.0006082949363713
3065.667434,1.0003018355431834
3065.786636,1.0002395286824148
3065.905838,1.000591384799078
3066.02504,1.0006557949395356
3066.144242,1.0002391585938577
3066.263444,1.0002230848797315
3066.382646,1.0004908004031234
3066.501848,1.0002772984401063
3066.62105,1.000283210096409
3066.740252,1.0003134591180454
3066.859454,1.0004193078849848
3066.978656,1.0003576339357727
3067.097858,1.0002762781577823
3067.21706,1.0006099659536192
3067.336262,1.000496193063071
3067.455464,1.000395738283742
3067.574666,1.0003100780642675
3067.693868,1.0002900320511647
3067.81307,1.0003830233347122
3067.932272,1.000232126937289
3068.051474,1.0004881190913715
3068.170676,1.0003918667597262
3068.289878,1.0003804923688648
3068.40908,1.000263094603316
3068.528282,1.0004021408369552
3068.647484,1.000226645680252
3068.766686,1.0004296222612197
3068.885888,1.000669113756803
3069.00509,1.0004260107168021
3069.124292,1.0002025305065343
3069.243494,1.0001715947206902
3069.362696,1.000521656015199
3069.481898,1.0004217589152917
3069.6011,1.0005412063993642
3069.720302,1.0002527219288073
3069.839504,1.0004810556701846
3069.958706,1.0004441085870308
3070.077908,1.0002489409806645
3070.19711,1.0003717890964405
3070.316312,1.000439796682215
3070.435514,1.0002215345351515
3070.554716,1.0003021356337791
3070.673918,1.000280309279306
3070.79312,1.000321051526013
3070.912322,1.0003248827629774
3071.031524,1.000335156152277
3071.150726,1.0001393997152375
3071.269928,1.0006023313287051
3071.38913,1.0004983941571168
3071.508332,1.0002590235408055
3071.627534,1.0005641890948305
3071.746736,1.0001707845820265
3071.865938,1.0004977838532825
3071.98514,1.0003930172110345
3072.104342,1.0001481209688277
3072.223544,1.0000477521400972
3072.342746,1.0001428602035471
3072.461948,1.0003692481553232
3072.58115,1.0000831204543135
3072.700352,1.0003150896303126
3072.819554,1.0002845204682727
3072.938756,1.0002360078454704
3073.057958,1.0003739198906205
3073.17716,1.0002710967400814
3073.296362,1.0000807252581083
3073.415564,1.0005099099599069
3073.534766,1.0004396966382403
3073.653968,1.0003808224944817
3073.77317,1.0002969340761978
3073.892372,1.0003835735455262
3074.011574,1.0002162533793915
3074.130776,1.0004663387020991
3074.249978,1.0003224919893645
3074.36918,1.0003517618536961
3074.488382,1.0004832767405936
3074.607584,1.0002607339851983
3074.726786,1.0004784544228214
3074.845988,1.0003938075218304
3074.96519,1.0003239224515508
3075.084392,1.0003828532696126
3075.203594,1.000289461886009
3075.322796,1.0004553536420084
3075.441998,1.0002270957823438
3075.5612,1.0001996499273944
3075.680402,1.0001473608565445
3075.799604,1.0001742751841558
3075.918806,1.0001400498060586
3076.038008,1.000298044406411
3076.15721,1.000468219580584
3076.276412,0.9999672515362427
3076.395614,1.0003700384473413
3076.514816,1.0000809222740306
3076.634018,1.0002307466179063
3076.75322,1.0005576054041265
3076.872422,1.0002467204304804
3076.991624,1.0003214816641577
3077.110826,1.00030162547982
3077.230028,1.0001633033325377
3077.34923,1.0001385695998801
3077.468432,1.0004942420973966
3077.587634,1.0003206313912598
3077.706836,1.0000705644895564
3077.826038,1.000235657762929
3077.94524,1.000208681771012
3078.064442,1.0004214687930237
3078.183644,1.0002853607076228
3078.302846,1.0002064813143325
3078.422048,1.0004053821451424
3078.54125,1.0002401988431235
3078.660452,1.0004763033964568
3078.779654,1.000521746062152
3078.898856,1.000553022860788
3079.018058,1.0000940504224638
3079.13726,1.000465028092054
3079.256462,1.0004399067305985
3079.375664,1.000163623384846
3079.494866,1.0000690473836609
3079.614068,1.0001690142813044
3079.73327,1.0001498912325684
3079.852472,1.0002910623504284
3079.971674,1.0004412573253842
3080.090876,1.0002851606505705
3080.210078,1.0001859872934924
3080.32928,1.0002971741474909
3080.448482,1.0003096779403162
3080.567684,1.0002061312421255
3080.686886,1.0003025057456378
3080.806088,1.0004546133053205
3080.92529,1.0000924532735405
3081.044492,1.000200740145607
3081.163694,1.0002496411551682
3081.282896,1.000242739456455
3081.402098,1.0004087435128735
3081.5213,0.9999982420015453
3081.640502,1.0003036961063279
3081.759704,1.0001137264663642
3081.878906,1.0002495811401915
3081.998108,1.0002284961012582
3082.11731,1.0002624044220187
3082.236512,1.0003055066576563
3082.355714,1.0001633333374373
3082.474916,1.000564559303649
3082.594118,0.9999057534414859
3082.71332,1.0001149566070044
3082.832522,1.0001036953759939
3082.951724,1.0004981140176057
3083.070926,1.0001286282719068
3083.190128,1.0003857543840937
3083.30933,1.0002212644753739
3083.428532,1.0002865610507756
3083.547734,1.0003058467615864
3083.666936,1.000204290864537
3083.786138,1.0001521615753983
3083.90534,1.0002798891616642
3084.024542,1.0003594545883232
3084.143744,0.9999639756488925
3084.262946,0.9998951454976176
3084.382148,1.000189107878641
3084.50135,1.00008821189044
3084.620552,1.0001809363670102
3084.739754,1.0003441892195213
3084.858956,1.000252971992019
3084.978158,1.0000468570977594
3085.09736,1.0003117685897278
3085.216562,1.0002117024057922
3085.335764,1.0003713889478048
3085.454966,1.0002413091103604
3085.574168,1.0003167001389033
3085.69337,1.000212792637142
3085.812572,1.000227805943834
3085.931774,1.0002927428408248
3086.050976,1.0001925085273888
3086.170178,1.0002049810057358
3086.28938,1.000155932156155
3086.408582,1.0002235849913992
3086.527784,1.0001426001664373
3086.646986,1.0003228220958413
3086.766188,1.0001747852731662
3086.88539,1.0000358066410424
3087.004592,1.000197489498484
3087.123794,1.0002040908236989
3087.242996,1.000102675270745
3087.362198,1.0004274513312947
3087.4814,1.0003122987551056
3087.600602,1.0002287161515515
3087.719804,1.0000233752731975
3087.839006,1.000311488502472
3087.958208,1.0001024952522795
3088.07741,0.9999806841865527
3088.196612,0.9999551610052978
3088.315814,1.0003758506141491
3088.435016,0.999868768611592
3088.554218,1.0001317986846836
3088.67342,1.000006905523843
3088.792622,1.0003534324425334
3088.911824,1.0003879052157778
3089.031026,0.9998646191648124
3089.150228,1.0002174936483146
3089.26943,1.00023646795414
3089.388632,1.0002886216432139
3089.507834,1.0004022408771742
3089.627036,1.0001063456542982
3089.746238,1.0001088159200229
3089.86544,1.0003073072091888
3089.984642,1.000302745818268
3090.103844,1.0003251628539838
3090.223046,1.0001689342677866
3090.342248,1.0002961838537787
3090.46145,1.0001865373959367
3090.580652,1.000164783575322
3090.699854,1.0001117262409116
3090.819056,1.0002473905960074
3090.938258,1.0002166534659729
3091.05746,1.000337596973036
3091.176662,1.000185797258173
3091.295864,1.0000249303107551
3091.415066,1.000030955479111
3091.534268,1.0002824398786339
3091.65347,1.0001999099793373
3091.772672,1.0002604038992104
3091.891874,1.0003226620442025
3092.011076,1.000256632924596
3092.130278,1.0002457101818027
3092.24948,1.000320511352791
3092.368682,1.0000416068655416
3092.487884,1.0000435909500578
3092.607086,1.0004420976963935
3092.726288,1.0002610340634635
3092.84549,1.0001534717755882
3092.964692,0.9999963419066908
3093.083894,1.000152041557146
3093.203096,0.9999970737042816
3093.322298,1.0002583433649008
3093.4415,1.000243209570653
3093.560702,1.000578527282393
3093.679904,1.0000152181157944
3093.799106,0.9997125213299141
3093.918308,1.0003280237880405
3094.03751,1.0001801062171776
3094.156712,1.000064723094449
3094.275914,1.0002283960784135
3094.395116,1.000080115209052
3094.514318,1.0001042954383912
3094.63352,0.9999741283346774
3094.752722,1.0001057955959594
3094.871924,1.0001630132852217
3094.991126,1.0000430829280427
3095.110328,1.0000606138369443
3095.22953,1.000067708292103
3095.348732,1.0004010003791648
3095.467934,1.0003415483143479
3095.587136,1.0001119162621577
3095.706338,1.0002386384696305
3095.82554,1.0001009650966324
3095.944742,1.0000485121766776
3096.063944,1.000238028324247
3096.183146,1.0001675140289084
3096.302348,1.0000871968014202
3096.42155,1.0002129926797205
3096.540752,1.000327273542304
3096.659954,1.0001315586530808
3096.779156,1.0003065269697935
3096.898358,1.000061619898428
3097.01756,1.000237808271905
3097.136762,1.000269566326474
3097.255964,1.0000207142145363
3097.375166,0.9999814081728302
3097.494368,1.0002738975030732
3097.61357,0.9999149596161384
3097.732772,1.0001559721623932
3097.851974,1.000351741846661
3097.971176,1.0002162933880425
3098.090378,1.0000298544456352
3098.20958,1.0000965056563713
3098.328782,0.9998625994403216
3098.447984,1.0000701764622528
3098.567186,1.000208791793973
3098.686388,1.0004408071269197
3098.80559,0.9999545250340176
3098.924792,1.0004642277203517
3099.043994,1.0004243400067592
3099.163196,1.0001886477917572
3099.282398,1.0002884015797413
3099.4016,1.0001832067803127
3099.520802,1.0002593936367128
3099.640004,1.0003053666148953
3099.759206,1.0002042508563662
3099.878408,1.0004068227299299
3099.99761,1.0002439597533417
3100.116812,1.0005529027944324
3100.236014,1.000306727031119
3100.355216,1.000356203425379
3100.474418,1.0003361764946568
3100.59362,1.0002477006727466
3100.712822,1.0003523220508397
3100.832024,1.0002749978049656
3100.951226,1.0000805682454468
3101.070428,1.000177365727441
3101.18963,0.9998611196447695
3101.308832,1.0002888717154006
3101.428034,1.0001792660662412
3101.547236,1.0003793819471345
3101.666438,1.0002394086536786
3101.78564,1.0004729317969954
3101.904842,1.0005239372071753
3102.024044,1.0003948579358797
3102.143246,1.000424069892224
3102.262448,1.0004102441271143
3102.38165,1.0002174636417904
3102.500852,1.0002565829117658
3102.620054,1.0002622343774246
3102.739256,1.0004454291741256
3102.858458,1.0005799981339092
3102.97766,1.00022946632337
3103.096862,1.0003178605069485
3103.216064,1.000375470471398
3103.335266,1.0003886054875566
3103.454468,1.0003857943995247
3103.57367,1.000608014766088
3103.692872,1.00037306957315
3103.812074,1.000338157162247
3103.931276,1.0002770383680426
3104.050478,1.0001746952574395
3104.16968,1.0006181109518921
3104.288882,1.000312218730125
3104.408084,1.0002418592432316
3104.527286,1.0004289419693078
3104.646488,1.0001921184523865
3104.76569,1.000206091233881
3104.884892,1.0003044563374257
3105.004094,0.9999366490067589
3105.123296,1.0002689661649142
3105.242498,1.0001951490390968
3105.3617,1.0002067613721866
3105.480902,1.0004135955070457
3105.600104,1.000062224935891
3105.719306,1.0002247552536783
3105.838508,1.0003168501864195
3105.95771,1.000102135215446
3106.076912,1.0002796891057064
3106.196114,1.0001675140289084
3106.315316,1.000169324333747
3106.434518,1.0002648250599664
3106.55372,1.00027852878194
3106.672922,1.000274547681318
3106.792124,1.0002134127692657
3106.911326,1.000439656620653
3107.030528,1.0000834964856375
3107.14973,1.0002416791997133
3107.268932,1.0000211492236417
3107.388134,1.0001992798535924
3107.507336,1.0002713568106003
3107.626538,1.00000974784751
3107.74574,1.0001533117510455
3107.864942,1.0002256454541065
3107.984144,1.0002190039778704
3108.103346,1.0002880314731013
3108.222548,1.0002563628553416
3108.34175,1.000117306879914
3108.460952,1.000025026313153
3108.580154,1.0001764755699816
3108.699356,1.0001540018570687
3108.818558,1.0000151171142624
3108.93776,1.0001758754642762
3109.056962,1.000062525954666
3109.176164,1.0002154031959374
3109.295366,1.000052921400288
3109.414568,1.0001772757114822
3109.53377,1.0003074972675952
3109.652972,1.0002077015669841
3109.772174,1.0002686260735236
3109.891376,1.0001686842255844
3110.010578,1.000174755267923
3110.12978,1.000015630122149
3110.248982,0.9999112639372774
3110.368184,1.0000755118508764
3110.487386,1.0001131263983085
3110.606588,1.0002697263696174
3110.72579,0.9999394608325693
3110.844992,1.0002640648589882
3110.964194,1.0002537521896415
3111.083396,1.000332675324166
3111.202598,0.9997983003441112
3111.3218,1.000056235581161
3111.441002,1.0003568536571226
3111.560204,1.000032958543121
3111.679406,1.00029549364965
3111.798608,1.000144500439183
3111.91781,1.0002279859848553
3112.037012,1.0001020952113613
3112.156214,1.0002836702267914
3112.275416,1.0001423801350895
3112.394618,1.0003706486732509
3112.51382,1.0002528119515564
3112.633022,1.0003507114848975
3112.752224,1.0001227975390006
3112.871426,1.000227955978016
3112.990628,1.0000950745192956
3113.10983,1.0003689580482833
3113.229032,1.0001038053874065
3113.348234,0.9999624677043543
3113.467436,0.9999933484221218
3113.586638,1.0002810794954407
3113.70584,1.0000909361344397
3113.825042,0.9999485353243519
3113.944244,1.000235877814798
3114.063446,1.0004358549571812
3114.182648,1.0000134750907883
3114.30185,1.0000463100722783
3114.421052,1.0001377494865893
3114.540254,0.9999113779271679
3114.659456,1.0001784359177948
3114.778658,1.0001654236809883
3114.89786,1.0000612388750234
3115.017062,1.000017800158421
3115.136264,1.0001658437505545
3115.255466,1.0000151901153687
3115.374668,1.000335816373698
3115.49387,0.9998181765318908
3115.613072,1.000266985634322
3115.732274,1.0002579232564848
3115.851476,1.0004445487825353
3115.970678,1.0002106421819494
3116.08988,1.0000735957080313
3116.209082,1.000398949559216
3116.328284,1.0002100620599452
3116.447486,0.9999820941603115
3116.566688,0.9997102119966571
3116.68589,1.0001590226427601
3116.805092,0.9999488443084971
3116.924294,1.0000804382349813
3117.043496,1.0001790260232462
3117.162698,1.0002598537561396
3117.2819,0.999976615273427
3117.401102,1.000185477198769
3117.520304,1.0000269543632623
3117.639506,1.0002838502778684
3117.758708,1.000050777289123
3117.87791,1.0001197371679225
3117.997112,1.0001275481335716
3118.116314,1.0001586325808174
3118.235516,1.0000158171250895
3118.354718,1.0002935830870816
3118.47392,1.0001709046025278
3118.593122,1.0002764281992353
3118.712324,1.0000080501324022
3118.831526,1.000241819233558
3118.950728,0.9998281947602108
3119.06993,1.0002880814875041
3119.189132,1.0001130663915228
3119.308334,1.0000930263266803
3119.427536,1.0002486008960823
3119.546738,0.9997120714593807
3119.66594,1.0001316586662417
3119.785142,1.0002454401154977
3119.904344,0.9999386978790518
3120.023546,1.0003599447645761
3120.142748,1.0000544654831907
3120.26195,1.0000652821307856
3120.381152,0.9999165924786008
3120.500354,0.9999488873062983
3120.619556,1.000127038068652
3120.738758,1.0003500612571465
3120.85796,1.0000907851207197
3120.977162,1.000230826636369
3121.096364,1.000094799493188
3121.215566,1.000388505448701
3121.334768,1.0001007950794827
3121.45397,1.0006370928574997
3121.573172,1.0002870311855698
3121.692374,1.000232126937289
3121.811576,1.0001579124668611
3121.930778,0.9999833351388604
3122.04998,1.0002193140458098
3122.169182,1.0004002200666888
3122.288384,1.0000985088516783
3122.407586,1.0002000099993333
3122.526788,1.0000127390811413
3122.64599,1.0000829374391194
3122.765192,1.0004585551042624
3122.884394,1.0002101520788549
3123.003596,0.9998996050399114
3123.122798,1.0002023004599787
3123.242,1.000201630324662
3123.361202,1.0002307266132915
3123.480404,1.000195689144623
3123.599606,1.0000737477192294
3123.718808,1.000226605671187
3123.83801,1.0000006686002234
3123.957212,1.000237948305208
3124.076414,1.0002696163399536
3124.195616,1.0000773319899643
3124.314818,1.0002510315031357
3124.43402,1.0002075715399914
3124.553222,1.0000740477413987
3124.672424,1.000045462033367
3124.791626,1.0000932773500615
3124.910828,1.0002197541424047
3125.03003,1.0000686323550922
3125.149232,1.0000570486272111
3125.268434,0.9998983351682192
3125.387636,1.0001459606512195
3125.506838,0.9996813707730776
3125.62604,1.0000282683995436
3125.745242,0.999870048444435
3125.864444,0.9997926714955255
3125.983646,1.00016361338321
3126.102848,1.0000964956554064
3126.22205,1.0000544494823194
3126.341252,0.9999574749042175
3126.460454,1.0001475408830856
3126.579656,0.9999708674243617
3126.698858,1.0001027852820452
3126.81806,1.0001980796151768
3126.937262,0.9999966567055888
3127.056464,0.9999959978080087
3127.175666,0.999652400426735
3127.294868,1.0000411358460557
3127.41407,0.9998490613923781
3127.533272,0.999858979944263
3127.652474,1.0001474108639137
3127.771676,1.0001377294838345
3127.890878,0.9998300344457817
3128.01008,0.9999341591676028
3128.129282,1.000017901160224
3128.248484,1.0001371194000057
3128.367686,1.0001152766438417
3128.486888,1.000154691963568
3128.60609,1.0003940876321356
3128.725292,1.0000308934771935
3128.844494,1.0000377587128422
3128.963696,1.0000625549564797
3129.082898,0.9997968206437217
3129.2021,0.9999289295256258
3129.321302,1.0003529122588837
3129.440504,1.0000363466605238
3129.559706,1.0001008850885582
3129.678908,0.9998925257757683
3129.79811,1.000119017081971
3129.917312,0.9998982351783908
3130.036514,1.0001823066158317
3130.155716,1.0000377457123515
3130.274918,1.0000709535170818
3130.39412,1.0002006201215254
3130.513322,0.9998023495354272
3130.632524,1.0001458806395458
3130.751726,0.9999316343370385
3130.870928,0.9999379959223322
3130.99013,1.0003336156373228
3131.109332,1.0002701864937975
3131.228534,0.9997580092844777
3131.347736,0.9999135097404982
3131.466938,1.0001807263290357
3131.58614,0.9999050555075136
3131.705342,1.000387525068446
3131.824544,1.000153101718872
3131.943746,1.0003227320667913
3132.062948,1.0000101860518775
3132.18215,0.9998494113396107
3132.301352,1.0001363692974474
3132.420554,1.0000709215148118
3132.539756,0.9999786332282727
3132.658958,1.0000491392072912
3132.77816,1.000022987264203
3132.897362,0.9998313342256713
3133.016564,1.0001350391169608
3133.135766,0.9998821369463955
3133.254968,0.9998823169251964
3133.37417,1.0001517915191669
3133.493372,1.000083281467709
3133.612574,0.9997951809782804
3133.731776,1.0001616730676819
3133.850978,0.9998777074783401
3133.97018,1.0001024252451072
3134.089382,1.0000515163269204
3134.208584,1.000174925297646
3134.327786,1.0003059167829982
3134.446988,1.00013631929063
3134.56619,0.9999963633066128
3134.685392,1.0002270057619094
3134.804594,0.9999942687164238
3134.923796,0.999898325169236
3135.042998,1.000043768957833
3135.1622,1.0000378027145047
3135.281402,1.0000426969114873
3135.400604,1.0002002300433597
3135.519806,0.9998330139437238
3135.639008,0.9999671225404755
3135.75821,0.9999756352968242
3135.877412,0.9998383330695069
3135.996614,0.9998717282275273
3136.115816,1.000114946605855
3136.235018,0.9999941406171663
3136.35422,0.9999869590850334
3136.473422,1.0004427079662592
3136.592624,1.0002867310995056
3136.711826,1.0002796190861307
3136.831028,1.0000219292404422
3136.95023,0.9999682455041847
3137.069432,1.0000483571691703
3137.188634,1.0000905951034886
3137.307836,0.9999855761040254
3137.427038,0.9998408726620981
3137.54624,1.000081935356518
3137.665442,0.9998271949325159
3137.784644,0.9999129997847382
3137.903846,0.9999683115020911
3138.023048,1.0000915121869847
3138.14225,1.0002021304256021
3138.261452,1.000098253826591
3138.380654,1.00029410323988
3138.499856,1.0005639389538143
3138.619058,1.0002207043516225
3138.73826,1.0002543823497039
3138.857462,1.0001070657311264
3138.976664,1.0002961538448936
3139.095866,1.0001482809925397
3139.215068,0.9999104290117206
3139.33427,1.0003067370341863
3139.453472,1.0001249278028281
3139.572674,1.0003631559251527
3139.691876,0.999961545739384
3139.811078,1.0001727049117763
3139.93028,0.9999501422429393
3140.049482,1.0000654231400004
3140.168684,1.0002261955783627
3140.287886,0.9999213030967637
3140.407088,1.0002645949990832
3140.52629,1.0000233582728002
3140.645492,0.9998923757919006
3140.764694,1.0001913182990119
3140.883896,0.9999904548455553
3141.003098,0.9999913145377188
3141.1223,1.0000374467011102
3141.241502,0.999925220796104
3141.360704,0.9997437428394765
3141.479906,1.0002080216334999
3141.599108,0.9998343237258299
3141.71831,0.9998310042813855
3141.837512,0.9998769175752632
3141.956714,1.000005223413642
3142.075916,1.0001210173220054
3142.195118,0.9999856991022588
3142.31432,1.000036854679117
3142.433522,0.9998906359806804
3142.552724,1.000060857851764
3142.671926,0.99998531810778
3142.791128,1.0002741675770621
3142.91033,0.9997577993353177
3143.029532,1.0000377887139755
3143.148734,0.9999385628873367
3143.267936,1.0002190639910125
3143.387138,1.0000250803145059
3143.50634,0.9999117908906523
3143.625542,0.9997515808611454
3143.744744,1.0000527533914112
3143.863946,1.0000145161053577
3143.983148,0.9998535807203491
3144.10235,0.9998629293950339
3144.221552,0.9999386618812593
3144.340754,0.9998875163267629
3144.459956,0.999653560024192
3144.579158,0.9998555904280662
3144.69836,0.9999595318188589
3144.817562,0.9996683650030466
3144.936764,0.9999166284755987
3145.055966,0.9998797972249326
3145.175168,0.9999931152237002
3145.29437,0.9999466774216992
3145.413572,1.0000048569117947
3145.532774,0.9999255817691739
3145.651976,0.9999467394183952
3145.771178,0.9997046736174239
3145.89038,0.9997659174016077
3146.009582,0.9996828203121162
3146.128784,0.9999459254620805
3146.247986,0.9995725513822021
3146.367188,0.9996633666737174
3146.48639,0.9999585308598685
3146.605592,1.000046551083468
3146.724794,0.9998405427146646
3146.843996,0.999930608407708
3146.963198,0.9999988933006124
3147.0824,0.9998730280616189
3147.201602,0.9999341041712255
3147.320804,1.0000284754054167
3147.440006,1.0000881778874413
3147.559208,0.9999569459268532
3147.67841,0.9997666472309937
3147.797612,0.9999467004204731
3147.916814,0.9997965606965822
3148.036016,1.0001566522686853
3148.155218,0.9998720981801352
3148.27442,1.0001883077276748
3148.393622,1.000108695906972
3148.512824,1.0001073357600705
3148.632026,0.9998864664454219
3148.751228,1.0000277173841197
3148.87043,0.9999311273718283
3148.989632,1.0000229892642492
3149.108834,0.9998754977510483
3149.228036,0.9998239954906113
3149.347238,1.000050555277875
3149.46644,1.0000633890089983
3149.585642,1.0000445169908518
3149.704844,1.0000974217451901
3149.824046,0.9999933369221984
3149.943248,1.0002211144421953
3150.06245,1.0001086459015385
3150.181652,1.0001342090052228
3150.300854,1.0000802692214015
3150.420056,0.999910752982752
3150.539258,1.0001982996587786
3150.65846,0.9998225357486435
3150.777662,0.9999679115148464
3150.896864,1.0000403918157275
3151.016066,1.0003117685897278
3151.135268,0.999850321202989
3151.25447,1.0002695363183876
3151.373672,1.0001636733930284
3151.492874,0.9999893510567004
3151.612076,0.9999503132344282
3151.731278,1.0004280315793848
3151.85048,1.0000385227419817
3151.969682,0.9999697184584951
3152.088884,1.0003013053833512
3152.208086,1.0001801462243827
3152.327288,0.9999834421370829
3152.44649,0.9994817443408814
3152.565692,1.0000228702615204
3152.684894,1.0003404879528686
3152.804096,1.0001803962694504
3152.923298,1.0001258279156682
3153.0425,1.0000960186094916
3153.161702,0.9999348891198053
3153.280904,1.0001332288741782
3153.400106,1.000328353896343
3153.519308,1.0002225347571863
3153.63851,1.0001927485736197
3153.757712,0.9999783822336673
3153.876914,1.0001274381195473
3153.996116,1.0002508314529495
3154.115318,1.0001249978115756
3154.23452,0.9999020867938109
3154.353722,0.9997054833785375
3154.472924,1.0001769356512662
3154.592126,1.000109976046922
3154.711328,1.0000211072227543
3154.83053,1.0000220012420238
3154.949732,1.0000437449567827
3155.068934,0.9999931874232058
3155.188136,1.0000498332416348
3155.307338,1.0000243872973653
3155.42654,1.0001177969375143
3155.545742,1.0003070171201118
3155.664944,0.9999136887250324
3155.784146,0.9997888322990383
3155.903348,0.9999396098235601
3156.02255,1.0000429349216773
3156.141752,1.0000520183529076
3156.260954,0.9997090223422126
3156.380156,0.9999351091055052
3156.499358,1.000076771946815
3156.61856,0.9999468294136057
3156.737762,0.9994689310670521
3156.856964,1.0001675940423127
3156.976166,0.9999244098570789
3157.095368,1.0001457306176749
3157.21457,0.9999569389271546
3157.333772,0.9997408335894178
3157.452974,0.9996174431935229
3157.572176,0.999780834020373
3157.691378,1.000028403403369
3157.81058,0.9998244354132662
3157.929782,0.9995623158116822
3158.048984,0.999911595907872
3158.168186,0.999963070681904
3158.287388,0.9996666355782711
3158.40659,0.9995847062583284
3158.525792,1.0000488811946466
3158.644994,0.9999984396012174
3158.764196,0.9998388729823524
3158.883398,0.9996154339644813
3159.0026,1.0000260613395908
3159.121802,0.9996344168418141
3159.241004,0.9998251452888672
3159.360206,0.9995702423722753
3159.479408,0.9998538006881611
3159.59861,0.9998169667526291
3159.717812,0.9997459522755896
3159.837014,0.9996440133782791
3159.956216,0.9998347836497247
3160.075418,0.9996451129872986
3160.19462,0.9997816238475439
3160.313822,0.99982639507108
3160.433024,0.9996365360690241
3160.552226,0.9994588264872378
3160.671428,0.9997986802675376
3160.79063,0.9991434170767883
3160.909832,0.9996045282195877
3161.029034,0.9999502032398998
3161.148236,0.9995154074529145
3161.267438,0.9996137646081005
3161.38664,0.9995571680790112
3161.505842,0.9994089447420171
3161.625044,0.9998534407408577
3161.744246,0.9995431343948881
3161.863448,0.9995831968865616
3161.98265,0.999650910945768
3162.101852,0.9995012644099612
3162.221054,0.9998308942999811
3162.340256,0.9998087782852032
3162.459458,0.9995502911493515
3162.57866,0.9997174999106669
3162.697862,0.9997536303539869
3162.817064,0.9993620935488883
3162.936266,0.9996108457401693
3163.055468,0.9994564077998044
3163.17467,0.9996857393902133
3163.293872,0.9996269296080716
3163.413074,0.9996315978767334
3163.532276,0.9999083252023911
3163.651478,0.9994611852128517
3163.77068,0.9994129124034036
3163.889882,0.9995922131676609
3164.009084,0.9995594370763581
3164.128286,0.9992272886952602
3164.247488,0.999622311342325
3164.36669,0.9999543820405308
3164.485892,0.999258914739427
3164.605094,0.9995142280254294
3164.724296,0.9992375707969623
3164.843498,0.9994702103881027
3164.9627,0.9993011742925033
3165.081902,0.9993792627371383
3165.201104,0.999462434540114
3165.320306,0.9993382290670373
3165.439508,0.9992849058018116
3165.55871,0.99961039591539
3165.677912,0.9994268942878511
3165.797114,0.9995680932985646
3165.916316,0.9998043291460391
3166.035518,0.9994913893862516
3166.15472,0.9994008395683418
3166.273922,0.999503543275442
3166.393124,0.9996023490840914
3166.512326,0.9993881972276842
3166.631528,0.9993453343871054
3166.75073,0.999732595758889
3166.869932,0.9993221698307325
3166.989134,0.9995450935013515
3167.108336,0.9996123551536861
3167.227538,0.9995706521961587
3167.34674,0.9999468044149353
3167.465942,0.9997377943819032
3167.585144,0.9994177095968964
3167.704346,0.9999007409265078
3167.823548,0.9995448636060064
3167.94275,0.9994487519930424
3168.061952,0.9995244830940174
3168.181154,0.9996614373252816
3168.300356,0.9993954428183794
3168.419558,0.999558407530668
3168.53876,0.9995190456956191
3168.657962,0.9998172766959368
3168.777164,0.999510809692615
3168.896366,0.9995285011905158
3169.015568,0.9995883547491647
3169.13477,0.9995922431554277
3169.253972,0.9995001949441805
3169.373174,0.9992256499638505
3169.492376,0.9994773466308813
3169.611578,0.9994795254938719
3169.73078,0.9994566976422047
3169.849982,0.9994163603838991
3169.969184,0.9995863255868642
3170.088386,0.9997886423391782
3170.207588,0.9994056666860545
3170.32679,0.9996016693547252
3170.445992,0.9994295927441087
3170.565194,0.9992302564047147
3170.684396,0.9995435042259162
3170.803598,0.999606917277265
3170.9228,0.9993816812378805
3171.042002,0.9996482918638123
3171.161204,0.9993697986603326
3171.280406,0.9994815444445525
3171.399608,0.9997584091877614
3171.51881,0.9996163336187767
3171.638012,0.9995760798795363
3171.757214,0.9995747204569921
3171.876416,0.999730296376563
3171.995618,0.999791561726276
3172.11482,0.9995868153842838
3172.234022,0.9994730888664537
3172.353224,0.999543264335504
3172.472426,0.9994325310714307
3172.591628,0.9996258500115707
3172.71083,0.9995911136168312
3172.830032,0.9994502711563
3172.949234,0.9994580369150768
3173.068436,0.9994376781622194
3173.187638,0.9997716160835781
3173.30684,0.9994269142763893
3173.426042,0.9996956463249794
3173.545244,0.9992100321889948
3173.664446,0.9997465921132038
3173.783648,0.9994193686316714
3173.90285,0.9994391173535122
3174.022052,0.9996862792206583
3174.141254,0.9995300704514946
3174.260456,0.9996186227428017
3174.379658,0.99941037389783
3174.49886,0.9992324347290481
3174.618062,0.9993605145580278
3174.737264,0.9993862983919134
3174.856466,0.9991896185365634
3174.975668,0.9991447559298642
3175.09487,0.9993689192152968
3175.214072,0.999932403284761
3175.333274,0.999492528807085
3175.452476,0.9995104398736838
3175.571678,0.9997591390116665
3175.69088,0.9994597859681719
3175.810082,0.9996120752622658
3175.929284,0.9996177130902689
3176.048486,0.9997653975234658
3176.167688,0.9995261223155139
3176.28689,0.9992557970564766
3176.406092,0.999688198620157
3176.525294,0.9996071671790255
3176.644496,0.9994804949894818
3176.763698,0.9994737984925987
3176.8829,0.9992668488867086
3177.002102,0.9994234462710138
3177.121304,0.9991681961407909
3177.240506,0.9997432829574606
3177.359708,0.9996790315214069
3177.47891,0.9995742406612415
3177.598112,0.9994731088559157
3177.717314,0.9995733510405631
3177.836516,0.9996412743574349
3177.955718,0.999542084875148
3178.07492,0.9993149747370121
3178.194122,0.9991880498100938
3178.313324,0.9994161405123241
3178.432526,0.9995306101978784
3178.551728,0.9995357278077036
3178.67093,0.9994969865537041
3178.790132,0.9995224740518255
3178.909334,0.9998530108039706
3179.028536,0.999532829158296
3179.147738,0.9992563966101347
3179.26694,0.9995931627807144
3179.386142,0.9996295886192409
3179.505344,0.9995630554880696
3179.624546,0.9995374769967579
3179.743748,0.9991800563376693
3179.86295,0.9992049262387761
3179.982152,0.9997432229728654
3180.101354,0.9991785275933526
3180.220556,0.9995154074529145
3180.339758,0.9997186495864528
3180.45896,0.9994786159679175
3180.578162,0.9992013790675842
3180.697364,0.9994966467247866
3180.816566,0.9994902099871079
3180.935768,0.9996804610634441
3181.05497,0.9993873677358248
3181.174172,0.9992027080063021
3181.293374,0.9996320976926573
3181.412576,0.9994759073845384
3181.531778,0.9994062563355718
3181.65098,0.9993901860121756
3181.770182,0.9992004398187293
3181.889384,0.9996157738337866
3182.008586,0.999617723086446
3182.127788,0.9993280658489277
3182.24699,0.9993236688151115
3182.366192,0.9996318677773012
3182.485394,0.9994202681095079
3182.604596,0.9994422655916904
3182.723798,0.9994570674412512
3182.843,0.999545363378563
3182.962202,0.9993966820694968
3183.081404,0.9994884508858863
3183.200606,0.9995560785622918
3183.319808,0.9994759673530946
3183.43901,0.9994683813592913
3183.558212,0.9996649661363837
3183.677414,0.9994995952442434
3183.796616,0.9995105498198382
3183.915818,0.9998101580222692
3184.03502,0.9992675283883968
3184.154222,0.9994232663748096
3184.273424,0.9995004947942839
3184.392626,0.9994695007645052
3184.511828,0.999324987923225
3184.63103,0.9996606875794847
3184.750232,0.9991715333681391
3184.869434,0.9994335205101262
3184.988636,0.9996385953224095
3185.107838,0.9995206349321653
3185.22704,0.999723698178381
3185.346242,0.9994165802555226
3185.465444,0.9995361975896061
3185.584646,0.9994177895503163
3185.703848,0.9997336554760021
3185.82305,0.9996911676985161
3185.942252,0.999544413810919
3186.061454,0.9997139609169813
3186.180656,0.9997620883054767
3186.299858,0.9996892682871018
3186.41906,0.9993645719699534
3186.538262,0.9994235662018345
3186.657464,0.9996508809562411
3186.776666,0.9992199044328817
3186.895868,0.9995524601758367
3187.01507,0.9995999100573353
3187.134272,0.9996185827580576
3187.253474,0.9997116915688657
3187.372676,0.9992947887784013
3187.491878,0.9993503211327659
3187.61108,0.9994616549597191
3187.730282,0.999578568827074
3187.849484,0.999597231133166
3187.968686,0.9994812446001342
3188.087888,0.9992045165648403
3188.20709,0.9994118530262779
3188.326292,0.9994352495316123
3188.445494,0.9997102419879639
3188.564696,0.9993028231408012
3188.683898,0.9995093404128047
3188.8031,0.9995841664827328
3188.922302,0.9996911077170477
3189.041504,0.9993941236172655
3189.160706,0.9995091105256828
3189.279908,0.9994697006584254
3189.39911,0.9995672236747016
3189.518312,0.9997963507393264
3189.637514,0.9995772393884615
3189.756716,0.999468831120164
3189.875918,0.9995068716277828
3189.99512,0.9996702243879347
3190.114322,0.999271735313547
3190.233524,0.999545003542297
3190.352726,0.998973826876115
3190.471928,0.9997505711125586
3190.59113,0.9995014243301763
3190.710332,0.9997653575328507
3190.829534,0.9995929428702428
3190.948736,0.9994368586236594
3191.067938,0.9996754926638991
3191.18714,0.9995583875395001
3191.306342,0.9994702203828049
3191.425544,0.9999062793920506
3191.544746,0.9997479017820973
3191.663948,0.9992692171519468
3191.78315,0.9995166368576217
3191.902352,0.9993601847691125
3192.021554,0.9993950330663318
3192.140756,0.9993390585181117
3192.259958,0.9992258697935178
3192.37916,0.9990923521617165
3192.498362,0.9993982311355546
3192.617564,0.9994642335741153
3192.736766,0.9993234689503977
3192.855968,0.9994152610265074
3192.97517,0.9995311599398652
3193.094372,1.00002680135915
3193.213574,0.9996531901524432
3193.332776,0.9994788858271803
3193.451978,0.9993895763843481
3193.57118,0.9994969865537041
3193.690382,0.9994600458277499
3193.809584,0.9992149083458498
3193.928786,0.9992608433109935
3194.047988,0.9996408245189626
3194.16719,0.9994058066028576
3194.286392,0.9994511106948804
3194.405594,0.9992658995836531
3194.524796,0.9994661125686407
3194.643998,0.9996413643251536
3194.7632,0.9993494616918592
3194.882402,0.9993255075723538
3195.001604,0.9993422863884837
3195.120806,0.9993766843419666
3195.240008,0.9993206908350156
3195.35921,0.9993326128019717
3195.478412,0.9995150776128844
3195.597614,0.9995542993540555
3195.716816,0.9993919849161295
3195.836018,0.9994160505648755
3195.95522,0.9993254276263164
3196.074422,0.9993197514740078
3196.193624,0.999624080675382
3196.312826,0.9997992501529477
3196.432028,0.999162670755944
3196.55123,0.9996262698545159
3196.670432,0.9993654913857826
3196.789634,0.999722768435774
3196.908836,0.9993538388520875
3197.028038,0.9991141525946825
3197.14724,0.9996658358452825
3197.266442,0.9994661625419475
3197.385644,0.9996426738561986
3197.504846,0.9994892504769669
3197.624048,0.9997678969400838
3197.74325,0.9993555077743919
3197.862452,0.9992592045245543
3197.981654,0.9992575257705009
3198.100856,0.9996985054586165
3198.220058,0.9995954718435874
3198.33926,0.9993676200365462
3198.458462,0.9993324828887404
3198.577664,0.999303332785371
3198.696866,0.9994599858601491
3198.816068,0.9993315934832265
3198.93527,0.9992203540819399
3199.054472,0.9992840064458012
3199.173674,0.9995209747692388
3199.292876,0.9991495518362028
3199.412078,0.9990822114258063
3199.53128,0.999610335938768
3199.650482,0.9992866145804616
3199.769684,0.9995661241513604
3199.888886,0.9990858381008163
3200.008088,0.9992953483836396
3200.12729,0.9995154474335315
3200.246492,0.9994063862583935
3200.365694,0.9992054058572558
3200.484896,0.999354238593703
3200.604098,0.999652940239177
3200.7233,0.9994150211668735
3200.842502,0.9991920265864458
3200.961704,0.9993949930905314
3201.080906,0.9989661348072626
3201.200108,0.9990036666699789
3201.31931,0.9996957163036772
3201.438512,0.9995207548746486
3201.557714,0.9991195877904564
3201.676916,0.9991209965500684
3201.796118,0.9992032175998131
3201.91532,0.9991150917624274
3202.034522,0.9992732741932042
3202.153724,0.9993125264183232
3202.272926,0.9992117608238459
3202.392128,0.999305351380142
3202.51133,0.9995251227898914
3202.630532,0.9992875539103208
3202.749734,0.9993945733447224
3202.868936,0.9993050815677335
3202.988138,0.9995104698589975
3203.10734,0.9994751677726406
3203.226542,0.9993360105386314
3203.345744,0.9993637524913405
3203.464946,0.9991348944197898
3203.584148,0.9989279750297693
3203.70335,0.9993729766613454
3203.822552,0.9989269761022938
3203.941754,0.9994179694455346
3204.060956,0.9992177661045742
3204.180158,0.9992075541511878
3204.29936,0.9991171799151513
3204.418562,0.9994141616703249
3204.537764,0.9989864140256325
3204.656966,0.9993662608975072
3204.776168,0.9993494816788487
3204.89537,0.999321020610898
3205.014572,0.9989615395736114
3205.133774,0.999206125285407
3205.252976,0.999125732394816
3205.372178,0.9994390274039957
3205.49138,0.9992815082389078
3205.610582,0.9993535990071949
3205.729784,0.9992591245838212
3205.848986,0.9991758597902454
3205.968188,0.999183793278068
3206.08739,0.9993681596952068
3206.206592,0.9992659495469493
3206.325794,0.9991449757417347
3206.444996,0.9991667973062955
3206.564198,0.999168945517219
3206.6834,0.9992421673003599
3206.802602,0.9992619025280488
3206.921804,0.999226509298279
3207.041006,0.9992422772170043
3207.160208,0.9990869770593209
3207.27941,0.998905299622103
3207.398612,0.9992554273319001
3207.517814,0.9992338236630977
3207.637016,0.9988888178206344
3207.756218,0.9990188216705527
3207.87542,0.9990102401357323
3207.994622,0.9989700307827855
3208.113824,0.9992993855450022
3208.233026,0.9990389620930124
3208.352228,0.999198121676398
3208.47143,0.999097557446431
3208.590632,0.9989598413404377
3208.709834,0.9992133395796752
3208.829036,0.9992757723795125
3208.948238,0.9992233617397321
3209.06744,0.9989463554736094
3209.186642,0.9991569655533823
3209.305844,0.9990983367428298
3209.425046,0.9992161673574275
3209.544248,0.9989334691487408
3209.66345,0.9988395738157906
3209.782652,0.9991220756013273
3209.901854,0.9988198968700049
3210.021056,0.999059672385358
3210.140258,0.9991014239614601
3210.25946,0.9991314274277214
3210.378662,0.9990600320469047
3210.497864,0.9992069646189048
3210.617066,0.9989387635101573
3210.736268,0.9989318708564688
3210.85547,0.9990166837725618
3210.974672,0.9990602318589311
3211.093874,0.9992240512040896
3211.213076,0.9985643315593721
3211.332278,0.9994262346663186
3211.45148,0.9990932013905768
3211.570682,0.9989844160548025
3211.689884,0.9990662761916179
3211.809086,0.9992976867374908
3211.928288,0.9992123103904654
3212.04749,0.9988498619163845
3212.166692,0.9989651358416273
3212.285894,0.9987984224730728
3212.405096,0.9989153886165785
3212.524298,0.99901833215145
3212.6435,0.9992178560341772
3212.762702,0.9993417367503773
3212.881904,0.9990956092080935
3213.001106,0.9992213632950071
3213.120308,0.9993020636709442
3213.23951,0.9992603536733002
3213.358712,0.9991975721175822
3213.477914,0.9989325701090231
3213.597116,0.999163220295564
3213.716318,0.9986136618557994
3213.83552,0.9988103082450205
3213.954722,0.9988619480728348
3214.073924,0.9986569027635166
3214.193126,0.9990011591739225
3214.312328,0.998806013369929
3214.43153,0.9989163875324666
3214.550732,0.9993333023417124
3214.669934,0.9990278228706863
3214.789136,0.9990965083945464
3214.908338,0.998892313937615
3215.02754,0.998815901598408
3215.146742,0.9991043213597908
3215.265944,0.9989706301649838
3215.385146,0.9989365658472951
3215.504348,0.9991103959325313
3215.62355,0.9991170400387559
3215.742752,0.998877630328525
3215.861954,0.9991732819198526
3215.981156,0.9993140653607989
3216.100358,0.9989909094746103
3216.21956,0.9990934411729738
3216.338762,0.999233923586485
3216.457964,0.998965435531213
3216.577166,0.9990613208351774
3216.696368,0.9990170434186327
3216.81557,0.9992422172624695
3216.934772,0.9990163540971106
3217.053974,0.9987535774306826
3217.173176,0.998791331029448
3217.292378,0.9994335904704751
3217.41158,0.9990249256942009
3217.530782,0.9990265041548304
3217.649984,0.9995591272129806
3217.769186,0.9991757798561798
3217.888388,0.9996074270769228
3218.00759,0.9987066371156493
3218.126792,0.9987906318757609
3218.245994,0.9993085791416397
3218.365196,0.9989682326383483
3218.484398,0.9991806458540764
3218.6036,0.9989277752441943
3218.722802,0.9993282457279958
3218.842004,0.999182544299107
3218.961206,0.999311916837868
3219.080408,0.9993568868859442
3219.19961,0.9993854089385037
3219.318812,0.9988583521762944
3219.438014,0.9992752627489985
3219.557216,0.9989928075591415
3219.676418,0.9988742341503554
3219.79562,0.9990637285758619
3219.914822,0.9992862448444826
3220.034024,0.9989514501130137
3220.153226,0.9994024386109643
3220.272428,0.9991978718768988
3220.39163,0.9990398412476857
3220.510832,0.9989768238020911
3220.630034,0.9991672269481107
3220.749236,0.9992387698827667
3220.868438,0.9992892427077139
3220.98764,0.9989358665919437
3221.106842,0.9993468833735741
3221.226044,0.9989870134176607
3221.345246,0.999132356620381
3221.464448,0.9992046764375758
3221.58365,0.9992843661881082
3221.702852,0.99935349907184
3221.822054,0.9992460843373331
3221.941256,0.9992437361117941
3222.060458,0.9990342566305822
3222.17966,0.9992972270606606
3222.298862,0.9995161570897512
3222.418064,0.9992868244306727
3222.537266,0.9991698247862779
3222.656468,0.9994487120150931
3222.77567,0.9994640236866483
3222.894872,0.999049791734058
3223.014074,0.9993885470136146
3223.133276,0.9993594252556606
3223.252478,0.9992913012456742
3223.37168,0.9993832902436826
3223.490882,0.9995782889451139
3223.610084,0.9993527595505243
3223.729286,0.9990556661641041
3223.848488,0.99958753508705
3223.96769,0.9992971071450005
3224.086892,0.999111824661419
3224.206094,0.9994956272387268
3224.325296,0.9997006348187009
3224.444498,0.9993684794930691
3224.5637,0.999168945517219
3224.682902,0.9996394550119712
3224.802104,0.9992794996850949
3224.921306,0.9993798823524733
3225.040508,0.9994426054021184
3225.15971,0.9993004747819261
3225.278912,0.999370658118729
3225.398114,0.9994292529381049
3225.517316,0.999551160758483
3225.636518,0.9996886184892887
3225.75572,0.9996698944968151
3225.874922,0.9995048826110873
3225.994124,0.9993418866516491
3226.113326,0.9994983758554811
3226.232528,0.9993236888015851
3226.35173,0.9994944578295271
3226.470932,0.999423876023188
3226.590134,0.9997393439766855
3226.709336,0.9996603277017019
3226.828538,0.999346893367043
3226.94774,0.9991634001449599
3227.066942,0.9994969365788561
3227.186144,0.9995717717159162
3227.305346,0.9994172598590283
3227.424548,0.9991380816651867
3227.54375,0.9989339686156002
3227.662952,0.9995782289704184
3227.782154,0.9994201781616878
3227.901356,0.9995209147979822
3228.020558,0.999326207100454
3228.13976,0.9997975304997163
3228.258962,0.9995345683469319
3228.378164,0.9995770894518868
3228.497366,0.9999119168795458
3228.616568,0.9993626631854439
3228.73577,0.9991961132901919
3228.854972,0.9992720850587155
3228.974174,0.9993521699325701
3229.093376,0.9993959325222663
3229.212578,0.9995181361337014
3229.33178,0.9997317159945918
3229.450982,0.9995812676928533
3229.570184,0.9995946821634766
3229.689386,0.9997120114766582
3229.808588,0.9992506708873863
3229.92779,0.9994553683656807
3230.046992,0.9996807809612428
3230.166194,0.9996858593525092
3230.285396,0.9995930828132646
3230.404598,0.9998218358731135
3230.5238,0.9995204550184671
3230.643002,0.9994238560347107
3230.762204,0.9995956617667451
3230.881406,0.9993258473430842
3231.000608,0.9992297767743068
3231.11981,0.999686489154799
3231.239012,0.9992741935250394
3231.358214,0.9995875050994244
3231.477416,0.999613784600376
3231.596618,0.9996334571932346
3231.71582,0.9994714297425032
3231.835022,0.9994175596842512
3231.954224,0.9995226839515671
3232.073426,0.9995315697477247
3232.192628,0.9998045391049702
3232.31183,0.9995855259181237
3232.431032,0.9993817911698715
3232.550234,0.9996151340798961
3232.669436,0.9995361975896061
3232.788638,0.9996476021067289
3232.90784,0.9993601048203008
3233.027042,0.999627389436565
3233.146244,0.9996833701378185
3233.265446,0.9995268819556555
3233.384648,0.9995023038918167
3233.50385,0.9994519702232052
3233.623052,0.9995720316046106
3233.742254,0.9991567257557393
3233.861456,0.9993190819299985
3233.980658,0.9993437354358495
3234.09986,0.9997025742398137
3234.219062,0.9995790686164834
3234.338264,0.9997369546025088
3234.457466,0.9995007046894099
3234.576668,0.9996192125179632
3234.69587,0.9993452044722203
3234.815072,0.999624120660346
3234.934274,0.9995406855172086
3235.053476,0.999552320238502
3235.172678,0.9992653899581742
3235.29188,0.9995657343206479
3235.411082,0.9994336404421559
3235.530284,0.9996106858024468
3235.649486,0.9993377293980477
3235.768688,0.9993595451787989
3235.88789,0.9995268619651181
3236.007092,0.9994218571889975
3236.126294,0.9994620147659796
3236.245496,0.9995657343206479
3236.364698,0.9994748079616449
3236.4839,0.999398730834795
3236.603102,0.999227938193209
3236.722304,0.9996038784768555
3236.841506,0.9993589555568412
3236.960708,0.9995568382252001
3237.07991,0.9997972705523922
3237.199112,0.9996020392074112
3237.318314,0.9994641536169798
3237.437516,0.9994699905046807
3237.556718,0.9996909577633929
3237.67592,0.9996319477478538
3237.795122,0.999517196587095
3237.914324,0.9994397170171625
3238.033526,0.9995432543400714
3238.152728,0.9995763997439331
3238.27193,0.9996350166226441
3238.391132,0.9994973563676576
3238.510334,0.9998246853694062
3238.629536,0.9993706980935562
3238.748738,0.999282657413303
3238.86794,0.9997177698344284
3238.987142,0.9995900240631111
3239.106344,0.9993001949778323
3239.225546,0.9991637298689363
3239.344748,0.9996528802600023
3239.46395,0.999450700920009
3239.583152,0.9996929971350269
3239.702354,0.9993434656130774
3239.821556,0.9993471332103262
3239.940758,0.9997159503497429
3240.05996,0.9995084508498876
3240.179162,0.9995015642603855
3240.298364,0.9992777409547231
3240.417566,0.9995709320759806
3240.536768,0.9993985609370253
3240.65597,0.9995229938036472
3240.775172,0.9992666890040255
3240.894374,0.9991580746182296
3241.013576,0.9992945889194635
3241.132778,0.9993099581884305
3241.25198,0.9992207537701614
3241.371182,0.9993793726688632
3241.490384,0.9996308181643911
3241.609586,0.9993308140048875
3241.728788,0.9996994051876763
3241.84799,0.9993528794728627
3241.967192,0.9993738161349984
3242.086394,0.9995920132492382
3242.205596,0.9993956227095753
3242.324798,0.9993283256742587
3242.444,0.9995870352934073
3242.563202,0.9993611141745165
3242.682404,0.9996447831044657
3242.801606,0.9994678216571544
3242.920808,0.999396632099664
3243.04001,0.9995205649657233
3243.159212,0.9997396738907235
3243.278414,0.9997933113630401
3243.397616,0.9994948376374931
3243.516818,0.9992983962391002
3243.63602,0.9994488819213886
3243.755222,0.9996506710295782
3243.874424,0.9994128524386307
3243.993626,0.9993959225283071
3244.112828,0.9993736662289372
3244.23203,0.9991825542909325
3244.351232,0.9991883095990205
3244.470434,0.9995379567748619
3244.589636,0.9997822837036333
3244.708838,0.9995020140361907
3244.82804,0.9988675417154063
3244.947242,0.9992441857715765
3245.066444,0.9993702483768432
3245.185646,0.999196782751812
3245.304848,0.9991920066026054
3245.42405,0.9995956817586585
3245.543252,0.9993797024641107
3245.662454,0.9992304662430906
3245.781656,0.9992920307285904
3245.900858,0.9996083966965974
3246.02006,0.9993645819635992
3246.139262,0.9995988304900153
3246.258464,0.9996474221701767
3246.377666,0.9996045682037696
3246.496868,0.9997237981507558
3246.61607,0.9995338586776403
3246.735272,0.9997075627681055
3246.854474,0.999267188637495
3246.973676,0.9992535487334626
3247.092878,0.9994299325502279
3247.21208,0.9993380291994115
3247.331282,0.9995459930923404
3247.450484,0.9992942891311318
3247.569686,0.9994772166988346
3247.688888,0.9993606045004781
3247.80809,0.9996115854524689
3247.927292,0.9992430666187152
3248.046494,0.9994377481228593
3248.165696,0.9995120890672702
3248.284898,0.9992942191805341
3248.4041,0.9996018092989686
3248.523302,0.9992221726646392
3248.642504,0.9993861284962572
3248.761706,0.9998287646624443
3248.880908,0.9996503911274295
3249.00011,0.9991811654281473
3249.119312,0.9993527295699419
3249.238514,0.9994211475997308
3249.357716,0.9993983210813995
3249.476918,0.9993102280021556
3249.59612,0.9993484123754753
3249.715322,0.9993021436151125
3249.834524,0.9996859893116794
3249.953726,0.9993955627458397
3250.072928,0.9993689491963648
3250.19213,0.999555328895514
3250.311332,0.9996502111903752
3250.430534,0.9992750828794674
3250.549736,0.999232634575555
3250.668938,0.9997341453456133
3250.78814,0.9993104278642212
3250.907342,0.9993017339013176
3251.026544,0.9992084434463068
3251.145746,0.9992772712942952
3251.264948,0.9996054178680137
3251.38415,0.9992717253208296
3251.503352,0.9991470639569162
3251.622554,0.9993677999227341
3251.741756,0.9993543485226752
3251.860958,0.9996130448864491
3251.98016,0.9990449063925211
3252.099362,0.9991812553544562
3252.218564,0.9992751728142288
3252.337766,0.9992162872633747
3252.456968,0.9991945445535254
3252.57617,0.9995130485993363
3252.695372,0.9994083351027468
3252.814574,0.999284306231048
3252.933776,0.9991658680816061
3253.052978,0.9992215031860078
3253.17218,0.9991349843419344
3253.291382,0.999192266392561
3253.410584,0.9992280980696919
3253.529786,0.9991728622671623
3253.648988,0.9991834335719672
3253.76819,0.9992275584866647
3253.887392,0.9992320150515136
3254.006594,0.9993913852811184
3254.125796,0.9990260545930048
3254.244998,0.9990077625934088
3254.3642,0.9991509206720265
3254.483402,0.9993789529296149
3254.602604,0.9991229448379112
3254.721806,0.9990012091239817
3254.841008,0.9991506908673412
3254.96021,0.9989481535786676
3255.079412,0.9990917726883203
3255.198614,0.9989169868824789
3255.317816,0.9990140164015772
3255.437018,0.9991992108029442
3255.55622,0.9989876128100487
3255.675422,0.9994300025103257
3255.794624,0.9990784648745383
3255.913826,0.9996025989847099
3256.033028,0.9994629742499743
3256.15223,0.9988601501229465
3256.271432,0.9987977233144218
3256.390634,0.9993964322203576
3256.509836,0.9993590155183802
3256.629038,0.9989960043412406
3256.74824,0.9988657437554492
3256.867442,0.9990216988489022
3256.986644,0.9991040116374992
3257.105846,0.9989852152426549
3257.225048,0.9988039158795033
3257.34425,0.9987874357508527
3257.463452,0.9990390120449617
3257.582654,0.9990513602434623
3257.701856,0.9991759097490396
3257.821058,0.9990210394947986
3257.94026,0.9990396913917209
3258.059462,0.9988682409229301
3258.178664,0.9991805359442114
3258.297866,0.9993393483264806
3258.417068,0.998981019513562
3258.53627,0.9991497017086468
3258.655472,0.9991404696080555
3258.774674,0.9989786219619922
3258.893876,0.9987093336272098
3259.013078,0.9988977079706741
3259.13228,0.9989739267735027
3259.251482,0.999151570120336
3259.370684,0.9991603427096333
3259.489886,0.9990164140380936
3259.609088,0.999023257323968
3259.72829,0.9988697392264152
3259.847492,0.9993189620117159
3259.966694,0.9991320468893984
3260.085896,0.9986642928519404
3260.205098,0.9990570948147283
3260.3243,0.9990008494836111
3260.443502,0.9987604688541423
3260.562704,0.9986494128648331
3260.681906,0.9988822251761926
3260.801108,0.9989366657409566
3260.92031,0.998889017598418
3261.039512,0.998941560542611
3261.158714,0.999267278571546
3261.277916,0.9993196615352341
3261.397118,0.9989766240067462
3261.51632,0.9986984477548014
3261.635522,0.9985297818312139
3261.754724,0.9987934284934454
3261.873926,0.9989124917661519
3261.993128,0.9987712555254538
3262.11233,0.9991697548443926
3262.231532,0.9989612398851946
3262.350734,0.9990590829403251
3262.469936,0.999051769854604
3262.589138,0.9989060987466624
3262.70834,0.9991592836002313
3262.827542,0.9987814430442163
3262.946744,0.9987175230773223
3263.065946,0.9988705383225263
3263.185148,0.999093291308969
3263.30435,0.998887818932316
3263.423552,0.998866542848364
3263.542754,0.9986638933863031
3263.661956,0.9988837235006541
3263.781158,0.9990326481867239
3263.90036,0.9987691581080195
3264.019562,0.9990921423523446
3264.138764,0.9991803860671422
3264.257966,0.9989949054462403
3264.377168,0.9989017035694973
3264.49637,0.99887393448813
3264.615572,0.9989387635101573
3264.734774,0.9988217946296118
3264.853976,0.998765462668971
3264.973178,0.9988753329126172
3265.09238,0.9990034768593002
3265.211582,0.9993922947276928
3265.330784,0.9990515700442699
3265.449986,0.998997502836371
3265.569188,0.9992052559764562
3265.68839,0.9987983225932356
3265.807592,0.9986477151622742
3265.926794,0.9985846026210533
3266.045996,0.9984226453335993
3266.165198,0.9991512703749099
3266.2844,0.9988663430750754
3266.403602,0.9991784676426426
3266.522804,0.9991502212666268
3266.642006,0.9989398623434016
3266.761208,0.9988562545759573
3266.88041,0.9989699308857873
3266.999612,0.9988731353893021
3267.118814,0.9989684324320149
3267.238016,0.9988148029015206
3267.357218,0.9988359779997973
3267.47642,0.9991878999318975
3267.595622,0.9988679412625028
3267.714824,0.9985467569817934
3267.834026,0.9992040269547472
3267.953228,0.9991353040651805
3268.07243,0.9991144023732519
3268.191632,0.9988687403571754
3268.310834,0.9990346262733256
3268.430036,0.998980919615465
3268.549238,0.9989117925276525
3268.66844,0.999027243434717
3268.787642,0.9991636998940249
3268.906844,0.9986684872507786
3269.026046,0.9993480526101117
3269.145248,0.998933269362067
3269.26445,0.9991035620407951
3269.383652,0.9991601628607878
3269.502854,0.9987054386684039
3269.622056,0.9990777954921911
3269.741258,0.9991342949390329
3269.86046,0.9989194841780678
3269.979662,0.9990085817801101
3270.098864,0.9991196277552407
3270.218066,0.9991669671646655
3270.337268,0.9990320687479559
3270.45647,0.9994108036443832
3270.575672,0.9993024733848743
3270.694874,0.9990210894458518
3270.814076,0.9990117086818646
3270.933278,0.9989220813721029
3271.05248,0.9992265292828094
3271.171682,0.999275392654791
3271.290884,0.9992353524920174
3271.410086,0.9991856018023706
3271.529288,0.9992094226710612
3271.64849,0.999308838961904
3271.767692,0.9989612398851946
3271.886894,0.9992162972555376
3272.006096,0.99926177262401
3272.125298,0.9994064961931021
3272.2445,0.9992891527716862
3272.363702,0.9991755000870006
3272.482904,0.9991548673259578
3272.602106,0.9993437554227245
3272.721308,0.9994410762561019
3272.84051,0.9991610720969497
3272.959712,0.9992479129593407
3273.078914,0.9992800592817713
3273.198116,0.9992099922205944
3273.317318,0.9989970033377444
3273.43652,0.998955645717915
3273.555722,0.9992362817813274
3273.674924,0.9992096524892548
3273.794126,0.9990696630320349
3273.913328,0.9991050407151612
3274.03253,0.9991842129353493
3274.151732,0.9994150711376258
3274.270934,0.9990147956328138
3274.390136,0.9994039377157466
3274.509338,0.9993494017308934
3274.62854,0.9993085691485539
3274.747742,0.9995208048506876
3274.866944,0.9991936752546499
3274.986146,0.9991640795763029
3275.105348,0.9994249354130581
3275.22455,0.9993877075275877
3275.343752,0.9994514205247728
3275.462954,0.999454468856254
3275.582156,0.9994008095863172
3275.701358,0.9995041429777478
3275.82056,0.9994825139421208
3275.939762,0.9991657381900517
3276.058964,0.9998308043152047
3276.178166,0.9991485027297242
3276.297368,0.999125882263687
3276.41657,0.9991511105107195
3276.535772,0.9993049616511309
3276.654974,0.999678861575986
3276.774176,0.9991686257832076
3276.893378,0.9997501612149086
3277.01258,0.9994512905960965
3277.131782,0.9995815675672786
3277.250984,0.9993219100070021
3277.370186,0.9992168568168208
3277.489388,0.9993011942785269
3277.60859,0.9996886684737208
3277.727792,0.9992001200746398
3277.846994,0.9994065661515592
3277.966196,0.9991698747447705
3278.085398,0.9993669404667958
3278.2046,0.9992445854693307
3278.323802,0.9995814276258689
3278.443004,0.9994221670098212
3278.562206,0.9994188989046785
3278.681408,0.9991833336536288
3278.80061,0.9993075598474088
3278.919812,0.9995435342122218
3279.039014,0.9996187626894187
3279.158216,0.999431611593925
3279.277418,0.9995680133331203
3279.39662,0.9993644220652789
3279.515822,0.9993018538175329
3279.635024,0.999525792471948
3279.754226,0.9993117969204451
3279.873428,0.999570822123184
3279.99263,0.9993939037505826
3280.111832,0.9993987208408078
3280.231034,0.999559207177714
3280.350236,0.9995797183430891
3280.469438,0.999472699072025
3280.58864,0.9995391962026968
3280.707842,0.9991826142418876
3280.827044,0.9995828070491908
3280.946246,0.9992889928854345
3281.065448,0.9995938924839897
3281.18465,0.9994446542615596
3281.303852,0.9995716217801617
3281.423054,0.9991943047468635
3281.542256,0.9993494716853539
3281.661458,0.9991253427358563
3281.78066,0.9995121790233623
3281.899862,0.9995883847368159
3282.019064,0.9997419233075203
3282.138266,0.9994497214588021
3282.257468,0.9996639264853595
3282.37667,0.999329325003084
3282.495872,0.9996629268219328
3282.615074,0.9995986105782968
3282.734276,0.9997203091207886
3282.853478,0.999587465115925
3282.97268,0.9993765244417099
3283.091882,0.9994789258063365
3283.211084,0.9996198822630599
3283.330286,0.9996107357829823
3283.449488,0.9997400437944712
3283.56869,0.9995385065208894
3283.687892,0.9994217372583818
3283.807094,0.9995483420281841
3283.926296,0.9994993353743824
3284.045498,0.9995880448768228
3284.1647,0.9995208548267291
3284.283902,0.999247693124824
3284.403104,0.9993339319218912
3284.522306,0.9994029882824568
3284.641508,0.9994649831725716
3284.76071,0.9996744929889063
3284.879912,0.9994968566191044
3284.999114,0.9995677334541158
3285.118316,0.9998444421003849
3285.237518,0.999651670680749
3285.35672,0.9997074528002796
3285.475922,0.999737564442237
3285.595124,0.9996156738722142
3285.714326,0.9996576186258846
3285.833528,0.9994629242768269
3285.95273,0.9994491417781317
3286.071932,0.9996213716977941
3286.191134,0.999470130430489
3286.310336,0.9996746229465988
3286.429538,0.9996471622618807
3286.54874,0.9995945522161763
3286.667942,0.9999225729976251
3286.787144,0.9996665056216169
3286.906346,0.9998701084366397
3287.025548,0.9996233509500695
3287.14475,0.9993808317638124
3287.263952,0.9994792256500592
3287.383154,0.9996373557713198
3287.502356,0.9997292266657182
3287.621558,0.9997302763819572
3287.74076,0.9994217372583818
3287.859962,0.9994724991775051
3287.979164,0.999411553202767
3288.098366,0.9995290209454716
3288.217568,0.99969043792423
3288.33677,0.9996595979499291
3288.455972,0.999732145879322
3288.575174,0.9992262395071579
3288.694376,0.9995768695449514
3288.813578,0.9994616449651026
3288.93278,0.9995543093495984
3289.051982,0.9996903179613846
3289.171184,0.9998576001398227
3289.290386,0.9994474027381379
3289.409588,0.9998589099541368
3289.52879,0.9996495014389772
3289.647992,0.9996589381748121
3289.767194,0.9997721659581181
3289.886396,0.9994408663734979
3290.005598,0.9996711640783873
3290.1248,0.9993552079677845
3290.244002,0.9996106558141267
3290.363204,0.9992738437791329
3290.482406,0.9995683531863025
3290.601608,0.9998761876653798
3290.72081,0.9995077112139076
3290.840012,0.9998809670849796
3290.959214,0.9996640464450378
3291.078416,0.999441805848354
3291.197618,0.9996719038353225
3291.31682,0.9996151540721989
3291.436022,0.9994334005781109
3291.555224,0.9998155170190783
3291.674426,0.9993025233499991
3291.793628,0.9992802391521982
3291.91283,0.9993938737687659
3292.032032,0.9996070472261727
3292.151234,0.9995904638828185
3292.270436,0.9997257876030936
3292.389638,0.9992794397283267
3292.50884,0.99944095632318
3292.628042,0.9996622470513737
3292.747244,0.9991962032178461
3292.866446,0.9993781834081173
3292.985648,0.9995849961379353
3293.10485,0.9995522302787972
3293.224052,0.9995821073414708
3293.343254,0.9997583691974258
3293.462456,0.9995889944859165
3293.581658,0.9997325657669115
3293.70086,0.9995928229190969
3293.820062,0.9996868090545267
3293.939264,0.9992336138240168
3294.058466,0.9996555493367558
3294.177668,0.9993886069769291
3294.29687,0.9995694227250127
3294.416072,0.999529900531397
3294.535274,0.9994855823581487
3294.654476,0.9996549195539581
3294.773678,0.9992439959151992
3294.89288,0.9993987108468206
3295.012082,0.9995513706642488
3295.131284,0.9992336637856987
3295.250486,0.9996319877331326
3295.369688,0.9995291608795444
3295.48889,0.9993585158389974
3295.608092,0.9994227966459848
3295.727294,0.9993474230210369
3295.846496,0.9995085408056522
3295.965698,0.9994725291616806
3296.0849,0.999211521013052
3296.204102,0.9995652245422534
3296.323304,0.9993461838310006
3296.442506,0.999469340849398
3296.561708,0.999269476961977
3296.68091,0.9994542889544658
3296.800112,0.9995424647012123
3296.919314,0.9995658142859098
3297.038516,0.9991941748516123
3297.157718,0.999545223442222
3297.27692,0.9994126425619537
3297.396122,0.9995857758145363
3297.515324,0.9995693227680754
3297.634526,0.9995665339735552
3297.753728,0.9991650487659302
3297.87293,0.9994133021745154
3297.992132,0.9996809309133712
3298.111334,0.9991285399420685
3298.230536,0.9996706942330505
3298.349738,0.9995102299765135
3298.46894,0.999597231133166
3298.588142,0.9994723492566415
3298.707344,0.999687488841788
3298.826546,0.9993329425817883
3298.945748,0.9994219471369686
3299.06495,0.9993779935262805
3299.184152,0.9992367614148577
3299.303354,0.9995291308936699
3299.422556,0.9991711636747402
3299.541758,0.999566733886882
3299.66096,0.9993712377538788
3299.780162,0.9992981064426073
3299.899364,0.9999187403017481
3300.018566,0.9996271795148354
3300.137768,0.9992555272574478
3300.25697,0.9994359091590946
3300.376172,0.9993192718006422
3300.495374,0.9994814045171461
3300.614576,0.9994930585382655
3300.733778,0.9995601467638103
3300.85298,0.9996126250490583
3300.972182,0.9994758374212273
3301.091384,0.9994572373489671
3301.210586,0.9993213903597441
3301.329788,0.9996948665626794
3301.44899,0.9994337203968503
3301.568192,0.9996571887732011
3301.687394,0.9994724292144327
3301.806596,0.9994576271373656
3301.925798,0.9995494915094384
3302.045,0.9994178495153856
3302.164202,0.9993081694252063
3302.283404,0.9995561385356583
3302.402606,0.9993942335506252
3302.521808,0.9996695546091088
3302.64101,0.999149032278571
3302.760212,0.9996947366023552
3302.879414,0.999680091181742
3302.998616,0.999210072157397
3303.117818,0.9995046927051777
3303.23702,0.9993028531198863
3303.356222,0.9992445854693307
3303.475424,0.9991916668773809
3303.594626,0.9993201212223842
3303.713828,0.9989788217577366
3303.83303,0.999484043151537
3303.952232,0.9993978713522561
3304.071434,0.9990349559548066
3304.190636,0.9991024130723594
3304.309838,0.9996853195222909
3304.42904,0.9994450740284025
3304.548242,0.9992125202250727
3304.667444,0.9991704442717614
3304.786646,0.999063388894252
3304.905848,0.9995697925657675
3305.02505,0.9995101100352931
3305.144252,0.9990856282928123
3305.263454,0.9992396392208747
3305.382656,0.999449961326764
3305.501858,0.9994224268596185
3305.62106,0.9995067416918979
3305.740262,0.9998691085670312
3305.859464,0.9991858416069438
3305.978666,0.9993028930920013
3306.097868,0.9993805519372188
3306.21707,0.9993223397155159
3306.336272,0.9994203480631325
3306.455474,0.9992450351294954
3306.574676,0.9993114771407213
3306.693878,0.9995694727034851
3306.81308,0.9992205139572093
3306.932282,0.9994755775575433
3307.051484,0.9992928901201064
3307.170686,0.9995247029894279
3307.289888,0.9992687674809002
3307.40909,0.9995327891769836
3307.528292,0.9993433356984353
3307.647494,0.9991595433816788
3307.766696,0.9991038018256787
3307.885898,0.9993487621474809
3308.0051,0.9995249728611342
3308.124302,0.9993426861254782
3308.243504,0.9990901341791567
3308.362706,0.9995955418152729
3308.481908,0.9995741207123398
3308.60111,0.9994423755303457
3308.720312,0.9995089006287916
3308.839514,0.9993215102783181
3308.958716,0.9994636438903914
3309.077918,0.9991159010459795
3309.19712,0.9991945445535254
3309.316322,0.9995161670849128
3309.435524,0.9997906419184625
3309.554726,0.9993663808214658
3309.673928,0.9993413869808306
3309.79313,0.9996414343000516
3309.912332,0.9995690728757759
3310.031534,0.9992726146730609
3310.150736,0.9994066461040877
3310.269938,0.9990926119257618
3310.38914,0.9996600777866512
3310.508342,0.9994328508898918
3310.627544,0.9995265820976359
3310.746746,0.9993603146859449
3310.865948,0.9992436561722984
3310.98515,0.9997103319618897
3311.104352,0.9991077582845678
3311.223554,0.9992335638623373
3311.342756,0.9992150582280973
3311.461958,0.9994138618461214
3311.58116,0.9993093885819166
3311.700362,0.999398980684509
3311.819564,0.9990677248387687
3311.938766,0.9992759122781304
3312.057968,0.9995954418557237
3312.17717,0.9993622934213269
3312.296372,0.9993589055888946
3312.415574,0.9991682960576155
3312.534776,0.9992081436838187
3312.653978,0.9993263669926599
3312.77318,0.9992964576020921
3312.892382,0.9991894786500266
3313.011584,0.9993314335901843
3313.130786,0.9994697506319117
3313.249988,0.9992771613738014
3313.36919,0.9992499214496642
3313.488392,0.9996051679666904
3313.607594,0.9991369526397923
3313.726796,0.9993407074289186
3313.845998,0.9994873014748288
3313.9652,0.9991591437179415
3314.084402,0.9994409963008191
3314.203604,0.9994065861396907
3314.322806,0.9994241458676709
3314.442008,0.9994277937724608
3314.56121,0.9991554368443945
3314.680412,0.9993020336918828
3314.799614,0.9994075355763986
3314.918816,0.9992059054600836
3315.038018,0.9990860978631679
3315.15722,0.9994477625392677
3315.276422,0.9988561546903368
3315.395624,0.9987957257209729
3315.514826,0.9989403618134576
3315.634028,0.9993910055124642
3315.75323,0.9993455742300144
3315.872432,0.999454428878076
3315.991634,0.9992402287724357
3316.110836,0.999664206391298
3316.230038,0.9991647889830513
3316.34924,0.9990730998375871
3316.468442,0.9993264469387724
3316.587644,0.9993540387228752
3316.706846,0.9994603356712053
3316.826048,0.9996487217126702
3316.94525,0.9992469436893352
3317.064452,0.9996003998614111
3317.183654,0.9994499213487663
3317.302856,0.9992472134860464
3317.422058,0.9997110217622567
3317.54126,0.9994040176680649
3317.660462,0.9994397769835474
3317.779664,0.9994511206893916
3317.898866,0.9993346814226212
3318.018068,0.9992839664744417
3318.13727,0.9992080537550898
3318.256472,0.9991799963868676
3318.375674,0.999172982167913
3318.494876,0.9991368327433652
3318.614078,0.9993656113096487
3318.73328,0.999288783034768
3318.852482,0.9996040184214082
3318.971684,0.9995103399226448
3319.090886,0.9996165235458981
3319.210088,0.9991872704437189
3319.32929,0.9995398259125887
3319.448492,0.999125512587179
3319.567694,0.9991478832578445
3319.686896,0.9996152340414145
3319.806098,0.9997086524499428
3319.9253,0.9995017241806486
3320.044502,0.9998806071278963
3320.163704,0.9995485919153009
3320.282906,0.9993367800276557
3320.402108,0.9997834634474242
3320.52131,0.9991639796599
3320.640512,0.9997413934444414
3320.759714,0.9993608743278778
3320.878916,0.9994657927395358
3320.998118,0.999607367100479
3321.11732,0.999615044114538
3321.236522,0.999663716555957
3321.355724,0.9994048671618408
3321.474926,0.9998734080134418
3321.594128,0.9995183160469822
3321.71333,0.9995369872235141
3321.832532,0.9995173565098593
3321.951734,0.9994171399289643
3322.070936,0.9996229011196628
3322.190138,0.9994201281906802
3322.30934,0.9994712398429496
3322.428542,0.9994445343282082
3322.547744,0.9993998501620004
3322.666946,0.9992947687925057
3322.786148,0.9995904238992007
3322.90535,0.9996137246235507
3323.024552,0.9995979008635353
3323.143754,0.999240238764838
3323.262956,0.9995515605790274
3323.382158,0.9993689192152968
3323.50136,0.9997389940679764
3323.620562,0.9994240559195019
3323.739764,0.9993966720755301
3323.858966,0.9997191994318614
3323.978168,0.9995413752005197
3324.09737,0.9993203710524458
3324.216572,0.9997705063377001
3324.335774,0.9993579362112264
3324.454976,0.9997494913825249
3324.574178,0.9995489017754124
3324.69338,0.9995386764424499
3324.812582,0.9997097921184562
3324.931784,0.9994882609830987
3325.050986,0.9996932670521725
3325.170188,0.9996314879172636
3325.28939,0.999732875684055
3325.408592,0.9995615261577646
3325.527794,0.999940184789001
3325.646996,0.9994955372841244
3325.766198,0.9996754426801258
3325.8854,0.9995311999211124
3326.004602,0.9996505110854835
3326.123804,0.9996125750684284
3326.243006,0.9996039584451689
3326.362208,0.9995921531921299
3326.48141,0.9998718382134235
3326.600612,0.9996603876813234
3326.719814,0.9994776464741302
3326.839016,0.999674163096378
3326.958218,0.9995754501468044
3327.07742,0.9994238560347107
3327.196622,0.9996308181643911
3327.315824,0.9995825871409975
3327.435026,0.999828574694997
3327.554228,0.9996858393587923
3327.67343,0.9999177383836724
3327.792632,0.9996156738722142
3327.911834,0.9993935839445846
3328.031036,0.9997439327908056
3328.150238,0.9997151705716059
3328.26944,0.9996517506528858
3328.388642,0.9995629355405101
3328.507844,0.9997981903663042
3328.627046,1.0000755968572985
3328.746248,0.9997174799163171
3328.86545,0.9995388963409829
3328.984652,0.9994832435646224
3329.103854,0.9998006798668977
3329.223056,0.9996916275565589
3329.342258,0.9998800571937136
3329.46146,0.999682710347012
3329.580662,0.9994927486954654
3329.699864,1.0000173091498017
3329.819066,0.9995257225051449
3329.938268,0.999719889238347
3330.05747,0.9996040684016104
3330.176672,0.9994798853065658
3330.295874,0.9998264250658723
3330.415076,0.9998811570623815
3330.534278,0.9996646762335855
3330.65348,0.9996524704024055
3330.772682,0.9997579892893177
3330.891884,0.9997434429163986
3331.011086,0.9997694465815251
3331.130288,0.9996376456661951
3331.24949,0.9999628666894584
3331.368692,0.9999406127634918
3331.487894,0.9999728413688023
3331.607096,0.9999955110100756
3331.726298,1.0002369480677598
3331.8455,1.0001655136958805
3331.964702,1.0000470521069156
3332.083904,1.000283760252326
3332.203106,0.9996806609995563
3332.322308,0.9996446731435457
3332.44151,0.9993031629038188
3332.560712,0.9999370869791071
3332.679914,0.9998021295789346
3332.799116,0.9999188652915985
3332.918318,0.9996630167916003
3333.03752,0.9999864730914895
3333.156722,0.9996771421298228
3333.275924,0.999433390583777
3333.395126,0.9995515805700588
3333.514328,0.9997975005057909
3333.63353,0.9998639892503007
3333.752732,0.9997686467662877
3333.871934,0.9998744778785608
3333.991136,0.9997608785940818
3334.110338,0.9998990350972989
3334.22954,0.9996334971785736
3334.348742,0.9996226012328374
3334.467944,0.9999680895091505
3334.587146,0.999750281184935
3334.706348,0.9999679155147181
3334.82555,0.9998629893868115
3334.944752,0.9998040492008662
3335.063954,0.999656039168095
3335.183156,0.9994231464440249
3335.302358,0.9997280169940858
3335.42156,0.9998710683124046
3335.540762,0.9997385441855302
3335.659964,1.0000195041902042
3335.779166,0.9999047285386139
3335.898368,0.9996948365718339
3336.01757,1.0001767056105975
3336.136772,0.9994692508971613
3336.255974,0.9999775962509677
3336.375176,0.9999399738016443
3336.494378,1.000108455880914
3336.61358,0.9995955218233623
3336.732782,0.9996953064285174
3336.851984,0.9995523102429789
3336.971186,0.9998618095491801
3337.090388,0.9993098182850462
3337.20959,0.999643993385399
3337.328792,0.9998814170315161
3337.447994,0.9997459622730492
3337.567196,0.9996401147742292
3337.686398,0.9997938912433288
3337.8056,0.9996381754742877
3337.924802,0.9997837133933213
3338.044004,0.9994410562672806
3338.163206,0.9999544330382055
3338.282408,0.9999980670018682
3338.40161,1.0001148665966624
3338.520812,0.9996879786887776
3338.640014,0.999948202341545
3338.759216,1.0000157921246944
3338.878418,0.999997729302578
3338.99762,0.9997628081344395
3339.116822,0.999691397627511
3339.236024,0.9998852265869722
3339.355226,1.0000052814139466
3339.474428,0.9999908973414294
3339.59363,0.999839912815321
3339.712832,0.9996615872745084
3339.832034,1.0000464800801654
3339.951236,0.9999900226497741
3340.070438,1.0002367980322289
3340.18964,0.9998805571338673
3340.308842,0.9999815971693342
3340.428044,0.9997348551571085
3340.547246,0.99974130346772
3340.666448,1.0000894179975508
3340.78565,0.9995975310123804
3340.904852,0.9999752463063777
3341.024054,0.9997068629730564
3341.143256,0.999696016212437
3341.262458,1.0000177411573725
3341.38166,0.9995948221067419
3341.500862,0.9995535396930766
3341.620064,0.9996845397680458
3341.739266,0.9997184196511899
3341.858468,1.0000405078204195
3341.97767,0.9997642078033506
3342.096872,0.9998407426827931
3342.216074,0.9996402247346479
3342.335276,0.9999731483605118
3342.454478,0.9998304443761798
3342.57368,0.9995823372453819
3342.692882,0.9999503252338321
3342.812084,0.99981466717625
3342.931286,0.9995333089341691
3343.050488,1.0000369546828074
3343.16969,0.9999486983159764
3343.288892,0.9997960408025057
3343.408094,0.9997242980127798
3343.527296,0.999903813626206
3343.646498,0.9996867890607908
3343.7657,1.0001249778090757
3343.884902,0.9998467617421815
3344.004104,0.9998288646453257
3344.123306,0.9995551689666742
3344.242508,0.9997901220274638
3344.36171,0.9999543770407588
3344.480912,0.9996520105623748
3344.600114,0.999772605857968
3344.719316,0.9995373770430152
3344.838518,0.9999778032463515
3344.95772,0.9999575549008187
3345.076922,0.9997531804649544
3345.196124,0.9997039038451216
3345.315326,0.9996401347670317
3345.434528,0.9997199892103409
3345.55373,0.9997924115494647
3345.672932,0.9997967006681104
3345.792134,0.9996726235993523
3345.911336,0.999702544248737
3346.030538,1.000086897775393
3346.14974,0.9997153905089675
3346.268942,0.9998195162891449
3346.388144,1.0001602528391145
3346.507346,1.0001903081062906
3346.626548,0.9994913394116833
3346.74575,0.9999659975780955
3346.864952,0.9995308800711795
3346.984154,0.9999288495313147
3347.103356,1.000295673702855
3347.222558,0.999810238007085
3347.34176,0.9998033593363103
3347.460962,1.000045458033185
3347.580164,0.9998800371961126
3347.699366,0.9999956780093399
3347.818568,1.0004319832779143
3347.93777,0.9999046145494814
3348.056972,1.000273277333449
3348.176174,1.0001794360967309
3348.295376,0.9998647291499266
3348.414578,0.9997258775784186
3348.53378,0.9997664472776843
3348.652982,0.9999579458842991
3348.772184,0.9997527505711793
3348.891386,0.9998347736513769
3349.010588,0.9997282969179697
3349.12979,0.9997807340422946
3349.248992,0.9997013845944581
3349.368194,0.9997995101007866
3349.487396,0.999885656537712
3349.606598,0.9999826321508228
3349.7258,0.9999294694873936
3349.845002,0.9999431256174091
3349.964204,0.9997058532696348
3350.083406,0.9999529471070221
3350.202608,0.9998596598486005
3350.32181,0.9996657758653341
3350.441012,0.9999460354561384
3350.560214,0.9998441821408638
3350.679416,0.9995920332410787
3350.798618,0.9996486517372621
3350.91782,0.9994398169611393
3351.037022,0.9998113377989517
3351.156224,0.9997455023900124
3351.275426,0.9997107618374249
3351.394628,0.9999578138898589
3351.51383,0.9997713561429917
3351.633032,0.9998676087644932
3351.752234,0.999855200484462
3351.871436,0.9998086283138977
3351.990638,0.9996100260596119
3352.10984,0.9999996092400764
3352.229042,0.9999012828728563
3352.348244,0.9994106837150939
3352.467446,0.999876837585113
3352.586648,0.9999333262227951
3352.70585,0.9996785216852309
3352.825052,0.9998171467196992
3352.944254,0.999780704048873
3353.063456,0.9994941579812346
3353.182658,0.9997803241322777
3353.30186,0.9997899420652581
3353.421062,0.999539855898784
3353.540264,0.9997993001429115
3353.659466,0.9997413134651331
3353.778668,0.999770006452572
3353.89787,0.9995695626647416
3354.017072,0.9998003499327278
3354.136274,0.9998612996197872
3354.255476,0.9998156569932605
3354.374678,0.9997269272911411
3354.49388,0.9996129149367616
3354.613082,0.9996448930653979
3354.732284,0.9997435328933125
3354.851486,0.99981466717625
3354.970688,0.9995494815139435
3355.08989,0.999748181711549
3355.209092,1.0001405098705873
3355.328294,1.0000151671150195
3355.447496,0.999845961865092
3355.566698,0.9997393139845057
3355.6859,0.9996373157858264
3355.805102,0.9998241454642218
3355.924304,0.9999073452927125
3356.043506,0.9997092722694995
3356.162708,1.0000788421078757
3356.28191,0.9994756874998629
3356.401112,0.9998794372682703
3356.520314,0.9997646976879325
3356.639516,0.9996451529731039
3356.758718,0.9999051364998264
3356.87792,0.99970630313737
3356.997122,0.999527571629442
3357.116324,0.9995630354968087
3357.235526,0.999622211380099
3357.354728,0.9997054233962103
3357.47393,0.9998108978820599
3357.593132,0.9997622082769345
3357.712334,0.9999711304167345
3357.831536,0.9997227784330017
3357.950738,0.9996308381570077
3358.06994,0.9997815838562797
3358.189142,0.9997903419813148
3358.308344,0.999726967280219
3358.427546,0.9997506710876207
3358.546748,0.9997707262872357
3358.66595,0.999851401041919
3358.785152,0.9996727835469849
3358.904354,0.9996278692578271
3359.023556,0.999915129601696
3359.142758,0.9996202621186873
3359.26196,0.9998621894967399
3359.381162,0.9995207848602717
3359.500364,0.9994049870904321
3359.619566,0.9996930271258172
3359.738768,0.9994559780336414
3359.85797,0.9996844497964412
3359.977172,0.9994628543144246
3360.096374,0.999865179089156
3360.215576,0.9994500612717651
3360.334778,0.9994802651089943
3360.45398,0.9994993753543566
3360.573182,0.9994671720032815
3360.692384,0.9994866318185611
3360.811586,0.9992895624803227
3360.930788,0.9999668165505828
3361.04999,0.9996691947281339
3361.169192,0.9997309961880154
3361.288394,0.999499125479544
3361.407596,0.999526682050299
3361.526798,0.9995434942304812
3361.646,0.9995549190779132
3361.765202,0.9996078868964451
3361.884404,0.9994449540950008
3362.003606,0.9995673736097964
3362.122808,0.9995471125844796
3362.24201,0.9996410444399683
3362.361212,0.9993995303540996
3362.480414,0.9996828303089443
3362.599616,0.9993655013794376
3362.718818,0.9997254776881475
3362.83802,0.9995048926061362
3362.957222,0.9993947232539196
3363.076424,0.9993869879686972
3363.195626,0.9993974915811372
3363.314828,0.9998059588284238
3363.43403,0.9995867953925477
3363.553232,0.9995581376499345
3363.672434,0.999563915112667
3363.791636,0.9998097181058965
3363.910838,1.00024572018426
3364.03004,0.9997664272823555
3364.149242,0.999801659672044
3364.268444,0.9997027441892657
3364.387646,0.9995731211387188
3364.506848,0.9997361748079883
3364.62605,0.9995418449850764
3364.745252,0.9993387687098267
3364.864454,0.9991516400609484
3364.983656,0.9994486920261191
3365.102858,0.9997972105645578
3365.22206,0.999302183587199
3365.341262,0.9993164637174338
3365.460464,0.999495387359805
3365.579666,0.9997376044317404
3365.698868,0.9995858857689778
3365.81807,0.9993147249082996
3365.937272,0.999608926489188
3366.056474,0.9997105119097657
3366.175676,0.9993660210496333
3366.294878,0.9994965967499554
3366.41408,0.9994959170925007
3366.533282,0.9998504311865304
3366.652484,0.9993385388619364
3366.771686,0.9996615572846612
3366.890888,0.999728366898953
3367.01009,0.9997287667903797
3367.129292,0.999469110971476
3367.248494,0.9995879049345063
3367.367696,0.9994154009446538
3367.486898,0.9991488724147386
3367.6061,0.9994653929532987
3367.725302,0.9993789129544576
3367.844504,0.9994879411469064
3367.963706,0.9994288431721952
3368.082908,0.9992927901908223
3368.20211,0.9992877437749741
3368.321312,0.9993371497823328
3368.440514,0.9994638038045872
3368.559716,0.9994169800222347
3368.678918,0.9993894964331852
3368.79812,0.9992122004771173
3368.917322,0.9994048471737438
3369.036524,0.9994009495024403
3369.155726,0.9996305582604121
3369.274928,0.9998143572337512
3369.39413,0.9991583144161963
3369.513332,0.999905260488071
3369.632534,0.9994956072488145
3369.751736,0.9992510506027135
3369.870938,0.9995842564453119
3369.99014,0.9995071714798892
3370.109342,0.9994700904516847
3370.228544,0.9994908596559555
3370.347746,0.9996112955651512
3370.466948,0.9995025637624495
3370.58615,0.9997480417468134
3370.705352,0.9998186364483577
3370.824554,0.99931078761604
3370.943756,0.9996886284861749
3371.062958,0.9995812177137912
3371.18216,0.9994864419161191
3371.301362,0.9995337787149348
3371.420564,0.9995722015318704
3371.539766,0.9992659295616305
3371.658968,0.9994967266845215
3371.77817,0.9997383442378415
3371.897372,0.9995358777380741
3372.016574,0.9996836200586923
3372.135776,0.9996348766737516
3372.254978,0.9996208418986074
3372.37418,0.9994270641904377
3372.493382,0.9993392783727287
3372.612584,0.9993609143023136
3372.731786,0.9998059088381271
3372.850988,0.9996375856879381
3372.97019,0.9995528300103154
3373.089392,0.9997970206031058
3373.208594,0.9993454643020073
3373.327796,0.9996394650083658
3373.446998,0.9994884808705403
3373.5662,0.999530260362226
3373.685402,0.9995883847368159
3373.804604,0.9996402547238551
3373.923806,0.9998320041128896
3374.043008,0.999483993177336
3374.16221,0.9996353964840227
3374.281412,0.9995245930417166
3374.400614,0.9997169300718544
3374.519816,0.9994819142527924
3374.639018,0.9997344852552805
3374.75822,0.9991111852300558
3374.877422,0.9994033480675973
3374.996624,0.9994742282664244
3375.115826,0.9994977661616578
3375.235028,0.999769706521615
3375.35423,0.9999620777190679
3375.473432,0.9990630192408664
3375.592634,0.999443854706156
3375.711836,0.9996390451598787
3375.831038,0.9992483226510689
3375.95024,0.9990256449924063
3376.069442,0.9996320177220926
3376.188644,0.999236201842428
3376.307846,0.9993077697020184
3376.427048,0.9994712098588129
3376.54625,0.9994948076526485
3376.665452,0.9997621482912038
3376.784654,0.9994446742504529
3376.903856,0.9993275362051932
3377.023058,0.9997032840288933
3377.14226,0.9993755050781749
3377.261462,0.999331683423074
3377.380664,0.9996519805728149
3377.499866,0.9993921348249384
3377.619068,0.9994109135795777
3377.73827,0.9994492217340663
3377.857472,0.9994368186461858
3377.976674,0.9995619959517923
3378.095876,0.9995260023723864
3378.215078,0.9993722771005066
3378.33428,0.9993050515885815
3378.453482,0.9990966282861347
3378.572684,0.9998324740340421
3378.691886,0.9994293728696224
3378.811088,0.999560846456158
3378.93029,0.9993923347033854
3379.049492,0.9990204201019461
3379.168694,0.9993651516015734
3379.287896,0.9994312717872349
3379.407098,0.9994789457959152
3379.5263,0.9996540198649354
3379.645502,0.9995388263732626
3379.764704,0.9993606844493297
3379.883906,0.9997786545005305
3380.003108,0.9993181925364114
3380.12231,0.9992525694654647
3380.241512,0.9994669021471815
3380.360714,0.999444084578269
3380.479916,0.9997074528002796
3380.599118,0.9995823172537354
3380.71832,0.9995862756075492
3380.837522,0.9994425954076924
3380.956724,0.9996184728000196
3381.075926,0.999316933396282
3381.195128,0.9996568388932462
3381.31433,0.99941302233883
3381.433532,0.9996973658029699
3381.552734,0.9994731188506468
3381.671936,0.9993998101860072
3381.791138,0.9994945177991963
3381.91034,0.9999104170127955
3382.029542,0.9997367746498731
3382.148744,0.9997411135168904
3382.267946,0.9995383166085912
3382.387148,0.9995007046894099
3382.50635,0.9997035139606751
3382.625552,0.9999517921620351
3382.744754,1.0000641070547693
3382.863956,0.9996856194279318
3382.983158,0.9998167867855913
3383.10236,0.9996446331577595
3383.221562,0.9995993902655171
3383.340764,0.9995650446205292
3383.459966,0.9998874863301378
3383.579168,0.9995441639248467
3383.69837,0.9996157038606849
3383.817572,0.9997765349720297
3383.936774,0.9992162373025616
3384.055976,0.9994978361265038
3384.175178,0.9996284690347287
3384.29438,0.99916138183693
3384.413582,0.9993216202036903
3384.532784,0.9996939668377044
3384.651986,0.9996309781053347
3384.771188,0.9996197423162861
3384.89039,0.9993614339701241
3385.009592,0.9997234782391916
3385.128794,0.9993748454905591
3385.247996,0.9996091364070846
3385.367198,0.9996515307295248
3385.4864,0.9997693166115055
3385.605602,0.9992863048016591
3385.724804,0.9993883671236923
3385.844006,0.9993400678510704
3385.963208,0.9995279114688741
3386.08241,0.9993933041144202
3386.201612,0.9993720372511888
3386.320814,0.9993972017559066
3386.440016,0.9999655345939458
3386.559218,0.9995255425905311
3386.67842,0.9996465024949713
3386.797622,0.9996402647202577
3386.916824,0.9995688629662927
3387.036026,0.9998319241263326
3387.155228,0.9997185696089641
3387.27443,0.9997194293673036
3387.393632,0.9997670071470516
3387.512834,0.9995960016293279
3387.632036,0.9997363447631524
3387.751238,0.9994116531439273
3387.87044,0.9995395760276635
3387.989642,0.9997108118229642
3388.108844,0.9995942823256837
3388.228046,0.999468461316765
3388.347248,0.9996456228064362
3388.46645,0.9998506911476763
3388.585652,0.999703134073412
3388.704854,1.0000272543713937
3388.824056,0.9999150936047521
3388.943258,0.99969234733479
3389.06246,0.9999333612204622
3389.181662,0.9997775547446155
3389.300864,0.9994536592984621
3389.420066,0.9997020843856723
3389.539268,0.999710861808506
3389.65847,0.9996317178325322
3389.777672,0.9994508108595921
3389.896874,0.9998855865457186
3390.016076,0.9999596718132032
3390.135278,1.0000288644165694
3390.25448,0.9996811708368234
3390.373682,0.9999651366077422
3390.492884,0.9998289046384811
3390.612086,1.0001434602894432
3390.731288,0.9999548070212334
3390.85049,0.9995088906337026
3390.969692,1.0000080702325642
3391.088894,0.9992783305287641
3391.208096,0.9999253017900502
3391.327298,1.0000085692367158
3391.4465,1.0000443849849843
3391.565702,0.9998380931083357
3391.684904,0.9998711682995164
3391.804106,0.9995374869921326
3391.923308,0.999771096202473
3392.04251,0.9998425523961751
3392.161712,0.9998612296294987
3392.280914,0.9996293287155816
3392.400116,0.9998482515149663
3392.519318,0.9998713582750564
3392.63852,0.9995541194342977
3392.757722,0.9997437028497276
3392.876924,0.999672593609174
3392.996126,0.9996517606494034
3393.115328,0.9995301704045066
3393.23453,0.9996886084924025
3393.353732,0.9996096362117778
3393.472934,0.9996297485599879
3393.592136,0.9995424147240903
3393.711338,0.9998150071132946
3393.83054,1.0000560645715593
3393.949742,0.9998057988594832
3394.068944,0.9997575393983237
3394.188146,0.9998745078747956
3394.307348,0.9998660189762592
3394.42655,0.9999341291695785
3394.545752,0.9995958516899389
3394.664954,0.9998692585474087
3394.784156,0.999469870568289
3394.903358,0.9997947210726029
3395.02256,0.9997272572010816
3395.141762,0.9999310083800312
3395.260964,0.9998144872096262
3395.380166,0.9996009396457728
3395.499368,0.9995139081809277
3395.61857,0.9995927629435293
3395.737772,0.99950277365801
3395.856974,1.0000933773593943
3395.976176,0.9997952009741842
3396.095378,0.9996829802613801
3396.21458,0.9996277393062126
3396.333782,0.999483163605966
3396.452984,0.9997330456386583
3396.572186,0.9994602157359722
3396.691388,0.9998035293028957
3396.81059,0.9995705122562772
3396.929792,0.9994025685332899
3397.048994,0.9996949765291208
3397.168196,0.9996029088615637
3397.287398,0.999613394751076
3397.4066,0.9996062075566057
3397.525802,0.9996774520297849
3397.645004,0.9995217743863386
3397.764206,0.9997551299855572
3397.883408,0.9997077927008714
3398.00261,0.9993251578084873
3398.121812,0.9997158803696289
3398.241014,0.9994658627021438
3398.360216,0.999663166741064
3398.479418,0.9997131611461324
3398.59862,0.9997607986132147
3398.717822,0.999607157182954
3398.837024,0.9995794784439854
3398.956226,0.9997600587904975
3399.075428,0.9996194024456315
3399.19463,0.9997435328933125
3399.313832,0.9996765223301869
3399.433034,0.99964261387764
3399.552236,0.9997499912573955
3399.671438,0.9998444421003849
3399.79064,0.9998225357486435
3399.909842,0.9998091882068862
3400.029044,1.0001174468963467
3400.148246,1.0000078551308513
3400.267448,0.9999525351264927
3400.38665,0.9994124726618189
3400.505852,0.9996062275487301
3400.625054,0.9998410726302926
3400.744256,0.9999260937312029
3400.863458,0.9999395358280317
3400.98266,0.9995843264162122
3401.101862,0.9996900680388364
3401.221064,0.9999175054028664
3401.340266,0.999725957556492
3401.459468,0.9997125713155414
3401.57867,0.9997993501328777
3401.697872,0.9994994753042992
3401.817074,0.9992418975050111
3401.936276,1.000049742237104
3402.055478,0.9998757877149848
3402.17468,0.9996112655768127
3402.293882,0.999842242445032
3402.413084,0.9997470619942125
3402.532286,0.9997771948247605
3402.651488,1.0000564365924847
3402.77069,0.9995395860230594
3402.889892,0.9996547296195415
3403.009094,0.9999306474050024
3403.128296,0.9995310999679974
3403.247498,0.9998200261972282
3403.3667,0.9998786873589736
3403.485902,0.9996485917583449
3403.605104,0.9998147571595741
3403.724306,0.9997626681676561
3403.843508,0.9999382969037144
3403.96271,0.9993789029606684
3404.081912,0.9997916617054372
3404.201114,0.9998794172706817
3404.320316,0.9996157738337866
3404.439518,1.00007477779572
3404.55872,0.999874377891118
3404.677922,0.9997624782127672
3404.797124,0.9995021239814182
3404.916326,0.999827784830735
3405.035528,0.9999582888699334
3405.15473,0.9999166664724313
3405.273932,0.9996834701061605
3405.393134,1.000033517561701
3405.512336,0.99957556010011
3405.631538,0.9995482920507683
3405.75074,1.000033847572816
3405.869942,1.0000304354631493
3405.989144,1.0000084022352986
3406.108346,0.9996886384830612
3406.227548,0.999532679228383
3406.34675,0.9997589390598587
3406.465952,0.999919386249463
3406.585154,1.0000561555766654
3406.704356,0.9999534920815267
3406.823558,1.0002733573553144
3406.94276,1.000360945125021
3407.061962,0.9998097980906772
3407.181164,0.9999064073800625
3407.300366,0.9994717795575648
3407.419568,1.0000176341554798
3407.53877,1.000191708373702
3407.657972,0.9998205760983939
3407.777174,0.9997029841179531
3407.896376,1.000116536789884
3408.015578,0.9998728380857617
3408.13478,0.9997526705909624
3408.253982,0.9997005148546318
3408.373184,0.9998849166225999
3408.492386,0.999926353712021
3408.611588,0.9996015793905789
3408.73079,0.9996511708550386
3408.849992,0.999958025880938
3408.969194,1.0001811764104638
3409.088396,1.000196369277923
3409.207598,0.9999998069600187
3409.3268,0.9998657690097856
3409.446002,0.9996582983932965
3409.565204,0.9999302334338
3409.684406,0.9998676487591983
3409.803608,0.9999212511008574
3409.92281,0.9998395328762264
3410.042012,0.9999599708011898
3410.161214,0.9997241480541463
3410.280416,0.9996394750047605
3410.399618,0.9999381019157655
3410.51882,0.9995482720598027
3410.638022,0.9999171254342866
3410.757224,0.9997113716611756
3410.876426,0.9998781174282843
3410.995628,0.9997566996023434
3411.11483,0.9996628368522734
3411.234032,0.9997964007291452
3411.353234,0.9997782545891487
3411.472436,0.9997775947357185
3411.591638,0.9997133310973843
3411.71084,0.9999694594663716
3411.830042,0.999664786196706
3411.949244,0.9998214859355321
3412.068446,0.9997479017820973
3412.187648,0.9999451045068127
3412.30685,0.999508730712293
3412.426052,0.9998316141784841
3412.545254,0.9998427723615608
3412.664456,0.9997240880706993
3412.783658,1.000290752260247
3412.90286,0.9998820669546484
3413.022062,0.9995727113138232
3413.141264,0.9993196015760563
3413.260466,0.999627969220619
3413.379668,0.9999462704434843
3413.49887,0.9995859157565548
3413.618072,0.9997692766207337
3413.737274,0.9998256951928484
3413.856476,0.9999670865416598
3413.975678,0.9997695765515616
3414.09488,0.9999771322614707
3414.214082,0.9999701064468212
3414.333284,0.9996350865970978
3414.452486,0.9999781982376619
3414.571688,1.0000721286011425
3414.69089,0.9997588590791467
3414.810092,0.9999186993050806
3414.929294,1.000051616332077
3415.048496,0.9998527908363324
3415.167698,0.9998962853787332
3415.2869,0.9998572501897239
3415.406102,1.0000029136042445
3415.525304,1.000173204998254
3415.644506,1.0002150331163067
3415.763708,1.000155842142125
3415.88291,0.9998229456759672
3416.002112,0.9999333992179306
3416.121314,0.9998822969275503
3416.240516,1.0001541718832634
3416.359718,1.0000162221315774
3416.47892,1.0000727006425636
3416.598122,1.000096284635068
3416.717324,1.000148270991057
3416.836526,0.9999435295945134
3416.955728,1.0003155497753595
3417.07493,1.0000578436728806
3417.194132,0.9999611717538358
3417.313334,1.0000283404015815
3417.432536,1.0000981998212868
3417.551738,0.9997708762528559
3417.67094,1.0002354377111085
3417.790142,0.9999798462030904
3417.909344,0.9999107139862334
3418.028546,0.9998694185265029
3418.147748,0.9998104179729441
3418.26695,0.9995305502260435
3418.386152,1.0001582625221919
3418.505354,1.0000077242298318
3418.624556,0.9999154005787328
3418.743758,0.9996256101013955
3418.86296,0.9999700544483769
3418.982162,0.9998497212929763
3419.101364,1.0000837015027753
3419.220566,1.0000781760555886
3419.339768,1.0000662131919966
3419.45897,1.0000569276203155
3419.578172,1.000306366920762
3419.697374,1.0002686560815828
3419.816576,0.9999382319077271
3419.935778,0.9999972773037066
3420.05498,0.9999024087623347
3420.174182,0.9998963053766592
3420.293384,0.9997914717450396
3420.412586,0.9998091882068862
3420.531788,0.9997405536620236
3420.65099,0.9999619177251482
3420.770192,1.000101985200137
3420.889394,1.000143850345469
3421.008596,1.0000426859110176
3421.127798,1.0000440149686303
3421.247,0.9998645791702284
3421.366202,1.000157672428991
3421.485404,1.0000020745021518
3421.604606,1.0000095791458796
3421.723808,0.9996581384479815
3421.84301,1.0000626839645577
3421.962212,0.9996992552327767
3422.081414,1.0000270303653138
3422.200616,1.000055583544708
3422.319818,1.00001140706506
3422.43902,0.9996888184270324
3422.558222,0.9998912559130669
3422.677424,0.9998644191919086
3422.796626,1.0001239876858379
3422.915828,0.9996810708687114
3423.03503,0.9998268149982541
3423.154232,1.0000300764522874
3423.273434,0.9998964153652588
3423.392636,0.9998158769527292
3423.511838,1.0001909082206555
3423.63104,1.0001014751482546
3423.750242,1.0004319332563163
3423.869444,1.0000698484392887
3423.988646,1.0003881953283125
3424.107848,1.0004176571944887
3424.22705,1.0002547624464415
3424.346252,0.9999877030756078
3424.465454,1.0001225675107837
3424.584656,1.0001900980663478
3424.703858,1.0000558255581884
3424.82306,1.000147940942182
3424.942262,1.000236207892692
3425.061464,1.0000035845064243
3425.180666,1.0002456401646056
3425.299868,1.0001239176771612
3425.41907,0.9998423224324146
3425.538272,1.000104955507444
3425.657474,1.000043388941273
3425.776676,1.0001675240305834
3425.895878,0.9998271249446148
3426.01508,0.9995695526690461
3426.134282,1.0002613241392053
3426.253484,1.0001836768665304
3426.372686,1.0000724756262314
3426.491888,0.9999380289202867
3426.61109,0.9998601397813524
3426.730292,0.999933020243244
3426.849494,1.0000845855771583
3426.968696,0.9999052024935676
3427.087898,1.000204540915641
3427.2071,0.9997073728236866
3427.326302,0.9999823271561665
3427.445504,0.9996887084612683
3427.564706,0.9998884462225854
3427.683908,0.9998916258729
3427.80311,1.0001575024022011
3427.922312,0.999809028237429
3428.041514,0.9997536803416697
3428.160716,0.9998746878522232
3428.279918,0.9996448030973616
3428.39912,0.9995443038610394
3428.518322,0.9995283012848356
3428.637524,0.9998044891147446
3428.756726,1.000033606564688
3428.875928,0.9997760050906066
3428.99513,0.9998758977013275
3429.114332,0.9998136373676731
3429.233534,1.0000057721166586
3429.352736,1.0000036188065478
3429.471938,0.999663416656887
3429.59114,1.0000128040819716
3429.710342,0.9996214616637216
3429.829544,0.9999246738371579
3429.948746,1.0000689953800717
3430.067948,0.9997384742038347
3430.18715,0.9996908378004852
3430.306352,1.0001399797962576
3430.425554,0.999857070215435
3430.544756,1.0001378294976124
3430.663958,1.0000974257455797
3430.78316,1.0003371468212185
3430.902362,1.0000496592329788
3431.021564,0.9998113577951787
3431.140766,0.9998192663342971
3431.259968,0.9999953299109049
3431.37917,1.0000836795009342
3431.498372,1.0002286061263987
3431.617574,1.0000187761762702
3431.736776,1.0001584925586187
3431.855978,1.000117306879914
3431.97518,0.9997238481369469
3432.094382,1.0003763107871462
3432.213584,1.0004405169991277
3432.332786,0.9998859765011734
3432.451988,0.9999122808475499
3432.57119,0.9996873488855493
3432.690392,1.0001373194274494
3432.809594,1.0001715647155427
3432.928796,1.0000671152521277
3433.047998,1.0000998589855765
3433.1672,1.0004569443672853
3433.286402,1.000016699139429
3433.405604,0.9998628394073743
3433.524806,0.9999660935748358
3433.644008,1.0003725693867402
3433.76321,0.9998693585343396
3433.882412,1.0004561840202966
3434.001614,1.0001686542205241
3434.120816,1.0000801112087314
3434.240018,0.9999656145911917
3434.35922,1.0002126125988555
3434.478422,1.0000462050674213
3434.597624,1.0001675540356096
3434.716826,1.0000982558267877
3434.836028,0.9996449330511944
3434.95523,1.000441107259207
3435.074432,1.0001954691015957
3435.193634,1.0005278592686964
3435.312836,1.000352262029702
3435.432038,1.0001086859058852
3435.55124,1.0001612730030927
3435.670442,1.0000236192789307
3435.789644,0.9999114549203469
3435.908846,1.0001221274569507
3436.028048,1.000004601710588
3436.14725,1.000121487378994
3436.266452,1.0002461002777059
3436.385654,0.9998434322580084
3436.504856,1.000057904676411
3436.624058,1.0000244282983661
3436.74326,1.0002387384934992
3436.862462,0.9997474119057455
3436.981664,1.0001188770653184
3437.100866,1.000350821523482
3437.220068,0.9998432322893419
3437.33927,0.999978848223702
3437.458472,0.9999078622449437
3437.577674,1.0001595727303738
3437.696876,1.0003230221604258
3437.816078,1.0002555926582388
3437.93528,1.0003928871599508
3438.054482,1.0001405698790196
3438.173684,1.0003793119205802
3438.292886,0.9999323662872627
3438.412088,0.9998561203516696
3438.53129,0.9999005609443906
3438.650492,1.0002456301621492
3438.769694,1.0004399967701942
3438.888896,0.9998047990541843
3439.008098,0.999979950201
3439.1273,1.0002688761407115
3439.246502,1.0002943533134372
3439.365704,1.00053235164887
3439.484906,0.9998975152519206
3439.604108,1.000481545906022
3439.72331,1.0001588126093874
3439.842512,1.00016612379703
3439.961714,1.0002312067241554
3440.080916,1.0000226652568531
3440.200118,1.0000693084017163
3440.31932,1.0002262055806248
3440.438522,1.0001202472291186
3440.557724,0.9999555949859318
3440.676926,0.9999526961188638
3440.796128,1.000285760821847
3440.91533,1.0002540822734343
3441.034532,1.0002017503488647
3441.153734,1.0002753679067833
3441.272936,1.0000308884770392
3441.392138,1.0001788859981924
3441.51134,1.000425610546478
3441.630542,1.0002374581887334
3441.749744,1.0005750652866778
3441.868946,1.0002495311277138
3441.988148,1.0003510716112185
3442.10735,1.0001867374332643
3442.226552,0.9999590398388903
3442.345754,1.0000277193841751
3442.464956,1.000090633106932
3442.584158,1.000003654006676
3442.70336,1.000095050517014
3442.822562,0.9999225849966961
3442.941764,1.0002802592652917
3443.060966,1.000186587405265
3443.180168,1.0001188070569995
3443.29937,1.0003830333385424
3443.418572,1.0001537218139873
3443.537774,1.0002425194030766
3443.656976,1.0003363465518211
3443.776178,1.0001695843778051
3443.89538,0.9998813170433793
3444.014582,1.0005980587658723
3444.133784,1.0001923184908303
3444.252986,1.0001291983453875
3444.372188,0.9998681086984226
3444.49139,0.9999641736417793
3444.610592,1.000197969593394
3444.729794,1.0003783215455517
3444.848996,1.000608865283262
3444.968198,1.0002123125351168
3445.0874,1.0002640648589882
3445.206602,1.0002753278957695
3445.325804,1.0000191201827884
3445.445006,1.0002761681273977
3445.564208,1.000109045945077
3445.68341,1.0001342290079072
3445.802612,0.9999891140592523
3445.921814,0.9998785673735383
3446.041016,0.9999636956590185
3446.160218,1.0000139910978745
3446.27942,1.000299234761792
3446.398622,1.000109185960353
3446.517824,1.0000101120511264
3446.637026,1.0000238502844134
3446.756228,1.0002359078218748
3446.87543,1.0000069943244603
3446.994632,1.0001472908462317
3447.113834,0.9999524781291999
3447.233036,0.9997301264224271
3447.352238,0.9998044091303887
3447.47144,1.0002372481388893
3447.590642,1.0001672239803712
3447.709844,1.000127638145055
3447.829046,1.0000883409018277
3447.948248,1.0002347775559375
3448.06745,1.0001039754050678
3448.186652,1.0000899560458025
3448.305854,1.0001932986797826
3448.425056,1.0003540226512326
3448.544258,1.0000779980416892
3448.66346,1.000127698152715
3448.782662,1.0001209073086996
3448.901864,1.0000444589882715
3449.021066,0.9999966448056287
3449.140268,0.9998580000829428
3449.25947,1.000081559325781
3449.378672,1.0001961892425928
3449.497874,1.0000636740271047
3449.617076,1.0000981818195194
3449.736278,1.0002496911676515
3449.85548,1.0001934987184624
3449.974682,1.0000092546428239
3450.093884,1.0001974995004588
3450.213086,1.0003776913074076
3450.332288,1.0001743151911275
3450.45149,1.0005410963398376
3450.570692,1.0008029221695653
3450.689894,1.00055127189453
3450.809096,1.0000843185546096
3450.928298,0.9999913478374302
3451.0475,0.9998959354150946
3451.166702,1.0003668172610036
3451.285904,0.999964362635026
3451.405106,1.0000680233134807
3451.524308,1.000019275185764
3451.64351,1.000031210487037
3451.762712,1.0003523120473163
3451.881914,1.0002386184648577
3452.001116,0.9998664589174042
3452.120318,1.0002065113205276
3452.23952,1.000534572833156
3452.358722,1.0002922827062688
3452.477924,1.000260994053023
3452.597126,1.00016054288563
3452.716328,1.0000365576682153
3452.83553,1.0002361078690762
3452.954732,1.0001743051893845
3453.073934,1.0003058267554696
3453.193136,1.0000088796394238
3453.312338,0.9999076742622832
3453.43154,1.0000546124912078
3453.550742,1.000020849217342
3453.669944,1.0003057667371218
3453.789146,1.0003159198921814
3453.908348,0.999770316381322
3454.02755,0.9999535000811547
3454.146752,1.0003482506251742
3454.265954,1.000107815811707
3454.385156,1.0002948634636875
3454.504358,1.0003595246134875
3454.62356,0.9998793272815383
3454.742762,0.9999472513912568
3454.861964,0.999730346363079
3454.981166,0.9997717760470495
3455.100368,1.0000610968663375
3455.21957,1.0001057655927859
3455.338772,0.9998710783111152
3455.457974,0.9999874310789896
3455.577176,1.0000335925642176
3455.696378,1.000095523562085
3455.81558,0.9997844132421656
3455.934782,0.999717389941748
3456.053984,1.0005219661769604
3456.173186,1.0000862477191206
3456.292388,1.0003569136785355
3456.41159,1.0005921252369767
3456.530792,1.0001324387692396
3456.649994,1.0003849440719608
3456.769196,0.9995353779702602
3456.888398,1.0001106461208304
3457.0076,0.9997443226910155
3457.126802,1.000000264710035
3457.246004,0.9999963619066179
3457.365206,0.9999396548208436
3457.484408,1.0001467807712434
3457.60361,1.0000100690506926
3457.722812,1.0000597647858436
3457.842014,0.9998727181010283
3457.961216,1.0000797651810729
3458.080418,0.9998996050399114
3458.19962,1.0000902110687737
3458.318822,1.0001924685196892
3458.438024,0.999873877954054
3458.557226,0.9999979682020641
3458.676428,1.0000572506387553
3458.79563,0.999802719462365
3458.914832,1.0000073741271887
3459.034034,0.9997814238912391
3459.153236,1.0000565796005652
3459.272438,1.0001125663351145
3459.39164,0.9998353035639473
3459.510842,1.0001726749065958
3459.630044,1.0000866267518804
3459.749246,0.9998205860965997
3459.868448,0.9998084783426147
3459.98765,0.9999297734659985
3460.106852,1.0000534394278353
3460.226054,1.0001268580458014
3460.345256,0.999989735052685
3460.464458,0.9997931913878498
3460.58366,0.9999812981748814
3460.702862,0.9998492113697485
3460.822064,1.0003261631796467
3460.941266,1.0004079932065972
3461.060468,0.9998922058102112
3461.17967,1.0004012804914841
3461.298872,0.9999607317710171
3461.418074,0.999808278380939
3461.537276,0.9997344352685575
3461.656478,1.0001298284269808
3461.77568,1.000426160780715
3461.894882,1.0002703765451508
3462.014084,0.9997948610438736
3462.133286,0.9998431323050238
3462.252488,0.9996851095883958
3462.37169,0.9997789244408036
3462.490892,1.0000841445399533
3462.610094,0.9999818491647284
3462.729296,0.9998497512884684
3462.848498,0.9998611396419921
3462.9677,0.9996379855430524
3463.086902,0.9998645691715827
3463.206104,1.0000249643116033
3463.325306,1.0001654936925706
3463.444508,0.9998252652678918
3463.56371,0.9999221290321012
3463.682912,1.0000042922092116
3463.802114,1.0004018707284137
3463.921316,0.9998890861513957
3464.040518,0.9999459054631622
3464.15972,1.0002048909872916
3464.278922,0.9999475703744809
3464.398124,0.9998359034653095
3464.517326,1.0000931053340325
3464.636528,0.9999562959550496
3464.75573,0.9998984151600893
3464.874932,0.9999570619218656
3464.994134,0.9999522351407772
3465.113336,1.00003453559634
3465.232538,1.0003566235750727
3465.35174,1.0000859456931195
3465.470942,1.0001772757114822
3465.590144,0.99980846834453
3465.709346,0.9999879170729992
3465.828548,0.999807768478847
3465.94775,1.000304156246134
3466.066952,1.0000076718294284
3466.186154,1.000227115786886
3466.305356,1.000155432078314
3466.424558,1.0002506314028032
3466.54376,1.0002029905998042
3466.662962,1.0001905481519933
3466.782164,1.0000773909945284
3466.901366,1.000258003277122
3467.020568,0.9997186395892664
3467.13977,0.9999650756098707
3467.258972,1.0002055111145163
3467.378174,0.9995357977752071
3467.497376,1.0001197271667253
3467.616578,1.0001742251754433
3467.73578,1.0003971688506705
3467.854982,1.000231256735717
3467.974184,1.000267975899128
3468.093386,1.0000116760681648
3468.212588,1.0001177269292711
3468.33179,1.0001764955735113
3468.450992,1.0002995548575984
3468.570194,1.0000749838111453
3468.689396,0.9999025637472201
3468.808598,1.0002385984600857
3468.9278,1.0000481001567754
3469.047002,1.0001919884274195
3469.166204,1.0000178481592765
3469.285406,1.0000414348584001
3469.404608,0.9999916454348996
3469.52381,1.000432223381619
3469.643012,0.9999567789340572
3469.762214,1.0003334055672854
3469.881416,1.0003915466343802
3470.000618,1.00029240274135
3470.11982,1.0000908651279856
3470.239022,0.9998890461558331
3470.358224,0.9999842361242512
3470.477426,0.9999684264984535
3470.596628,1.0000247733068532
3470.71583,1.0000674052716332
3470.835032,1.000319591058344
3470.954234,0.9999602507900208
3471.073436,1.00030643694221
3471.192638,1.000069120388704
3471.31184,0.9999254867762482
3471.431042,1.000383593553198
3471.550244,1.0004428580326765
3471.669446,0.9999991995503204
3471.788648,1.0001916483622013
3471.90785,1.0006430166466238
3472.027052,0.9996384053910945
3472.146254,1.0001626632282283
3472.265456,1.000060100805981
3472.384658,1.000375270396324
3472.50386,1.0001325387824884
3472.623062,1.000115816706237
3472.742264,0.9997936512928237
3472.861466,1.0004355448221143
3472.980668,1.0002221946815824
3473.09987,0.9998921658145238
3473.219072,1.0002062112586192
3473.338274,0.9998358834685915
3473.457476,1.000211522367702
3473.576678,0.9997649476291381
3473.69588,1.0001628932656674
3473.815082,1.000197549510335
3473.934284,1.0001701944814376
3474.053486,1.0002434196217491
3474.172688,1.0002755979701443
3474.29189,1.00019342870492
3474.411092,0.9998878562885761
3474.530294,0.9999613627464379
3474.649496,0.9999712814123866
3474.768698,0.99999057134445
3474.8879,1.0001067056926474
3475.007102,0.999886236471561
3475.126304,0.9997013346093901
3475.245506,1.0000075695286488
3475.364708,0.9998075285250114
3475.48391,0.999918560316391
3475.603112,0.9998522109218819
3475.722314,1.0001479109377442
3475.841516,1.0000099053490576
3475.960718,1.0000168971427552
3476.07992,0.9998897760751032
3476.199122,1.000083493485387
3476.318324,1.0003491409355134
3476.437526,0.9998794572658593
3476.556728,0.9999098880603248
3476.67593,1.0002713067970337
3476.795132,1.0000543804785647
3476.914334,0.9997955908943886
3477.033536,1.0000063053198784
3477.152738,0.9997293566305261
3477.27194,1.0000441909763924
3477.391142,1.0001291583402203
3477.510344,0.9999502492376102
3477.629546,0.9999206461486835
3477.748748,1.0002334072352308
3477.86795,0.999661127430284
3477.987152,0.9997823636862192
3478.106354,0.9999078962418116
3478.225556,1.0001670939586407
3478.344758,1.0001417200413363
3478.46396,0.9997305363118629
3478.583162,1.0001827466961435
3478.702364,0.9996281591499513
3478.821566,0.9998901060387838
3478.940768,0.9999647616208863
3479.05997,0.9995464328926741
3479.179172,1.000328684004754
3479.298374,1.0001661538020141
3479.417576,1.0003539826370724
3479.536778,0.9998477115970562
3479.65598,1.0003946778648214
3479.775182,0.9999718963949137
3479.894384,0.999845811888209
3480.013586,1.0002078515981507
3480.132788,1.000160752919366
3480.25199,1.0002074615171646
3480.371192,1.000078498080813
3480.490394,1.0003692681627083
3480.609596,1.0000071863258215
3480.728798,1.0002722570552265
3480.848,1.0002474606133274
3480.967202,1.000166073788725
3481.086404,1.0002104621440502
3481.205606,1.00031346912118
3481.324808,1.0006961321876215
3481.44401,1.0000188521777
3481.563212,1.0006227538306984
3481.682414,1.0001890578691868
3481.801616,1.0000850266145578
3481.920818,1.0001665138618943
3482.04002,0.9999573569092425
3482.159222,0.9999672445364719
3482.278424,0.9995581576410975
3482.397626,0.9996703343516654
3482.516828,0.999684499780665
3482.63603,0.9999407727540026
3482.755232,0.9999932922224972
3482.874434,1.0002903321382195
3482.993636,1.0002577932229633
3483.112838,1.000182156588497
3483.23204,0.9998423524276847
3483.351242,1.0001184770178475
3483.470444,1.0000635020161677
3483.589646,1.0000859926971601
3483.708848,1.0003429187832078
3483.82805,0.999696865954412
3483.947252,1.0004008603230345
3484.066454,0.9995976609600679
3484.185656,1.0003720491931394
3484.304858,0.99996118375337
3484.42406,1.000050510275601
3484.543262,1.000050249262452
3484.662464,1.0003952680978556
3484.781666,1.0000631419933717
3484.900868,1.000095945602485
3485.02007,1.0002552325662903
3485.139272,1.000047483127288
3485.258474,1.0002292262683268
3485.377676,1.0002090218420217
3485.496878,1.000099862985976
3485.61608,1.0003007252087621
3485.735282,0.9998472416687423
3485.854484,0.9999287105412142
3485.973686,1.000188607784212
3486.092888,1.00007509581955
3486.21209,1.0002172435939725
3486.331292,1.0000071444255212
3486.450494,0.9999917346341584
3486.569696,1.0001484910237008
3486.688898,0.9998122176333162
3486.8081,1.000093397361262
3486.927302,1.0001444104261819
3487.046504,1.0001297084114087
3487.165706,1.000221564541798
3487.284908,1.000027584380442
3487.40411,0.9997056633255407
3487.523312,1.0003487307924497
3487.642514,1.000013969097567
3487.761716,0.9998834367940185
3487.880918,1.0001536217986202
3488.00012,0.9992827773272291
3488.119322,0.9999841081262771
3488.238524,1.0000522623656298
3488.357726,1.0000644890793313
3488.476928,1.0001797761577969
3488.59613,0.9999489513030291
3488.715332,1.0000375327043343
3488.834534,1.0000143031022883
3488.953736,1.0001652836578387
3489.072938,0.9999402477852347
3489.19214,0.999647052300699
3489.311342,1.00024087900669
3489.430544,1.000370258528774
3489.549746,1.000494572260551
3489.668948,1.0002818297065317
3489.78815,1.000169554372718
3489.907352,1.0002064413060743
3490.026554,1.0000669352400633
3490.145756,1.0003576439393491
3490.264958,1.0003490509040949
3490.38416,1.0002218045950024
3490.503362,0.9998454819391455
3490.622564,1.0002261355647928
3490.741766,1.0004550535054473
3490.860968,1.0000586787215289
3490.98017,1.000300085016503
3491.099372,1.0002835101814171
3491.218574,1.0002291062408268
3491.337776,1.000330284531929
3491.456978,1.0000040469081888
3491.57618,1.0000661311865706
3491.695382,0.9999283705655104
3491.814584,0.9998794172706817
3491.933786,1.0001571323439937
3492.052988,1.0000233122717268
3492.17219,0.9997308662229943
3492.291392,0.9998918858447565
3492.410594,1.0002487009209475
3492.529796,0.9998763676431098
3492.648998,0.9996436535064991
3492.7682,1.0001031653211758
3492.887402,1.0002191039997759
3493.006604,1.0002028905795102
3493.125806,0.9998686686247202
3493.245008,1.0000496012301003
3493.36421,0.9998442321330742
3493.483412,1.0003448094331109
3493.602614,0.9997083325432252
3493.721816,1.0004400267833946
3493.841018,1.00054196681097
3493.96022,1.000150871379942
3494.079422,1.0000847415903658
3494.198624,1.0000660991844548
3494.317826,1.000228005989415
3494.437028,0.9998217358909348
3494.55623,0.9996065174345781
3494.675432,1.0001505713347256
3494.794634,1.0002474806182766
3494.913836,1.0000609298561483
3495.033038,0.9999840821266907
3495.15224,0.9997533404254761
3495.271442,0.9997311561449875
3495.390644,1.0000928043060533
3495.509846,1.0000682663300398
3495.629048,1.00006108086536
3495.74825,1.0001823966322434
3495.867452,1.0000964116473041
3495.986654,1.000011752069055
3496.105856,1.000286591059373
3496.225058,1.0000918782205452
3496.34426,1.0001382395542067
3496.463462,1.0000232462701903
3496.582664,0.9999024377595049
3496.701866,1.0000576846636962
3496.821068,0.9997852730571307
3496.94027,0.9999275486247277
3497.059472,0.9997588990695019
3497.178674,0.9998152470689251
3497.297876,1.000128528259049
3497.417078,1.0001354191683478
3497.53628,1.0001006950694082
3497.655482,0.99983519358207
3497.774684,0.9999458524660306
3497.893886,1.0000421368877337
3498.013088,0.9999316723344412
3498.13229,1.0000418868772307
3498.251492,0.9998763976394013
3498.370694,1.0000700114506873
3498.489896,1.000290752260247
3498.609098,0.9999697674570125
3498.7283,1.0001218274203576
3498.847502,1.0001171168576437
3498.966704,1.000228576119541
3499.085906,1.0000974787507446
3499.205108,1.000501035476364
3499.32431,1.000440567021155
3499.443512,1.0000333675566846
3499.562714,1.0001707545769034
3499.681916,1.0001284582500545
3499.801118,0.9996166834845547
3499.92032,0.9999200851933583
3500.039522,0.9999091191299165
3500.158724,1.0000382297307375
3500.277926,0.9997010646900663
3500.397128,0.9999720423908213
3500.51633,0.9998803471589722
3500.635532,1.0000997259723041
3500.754734,0.9996526203502872
3500.873936,1.0000171031462572
3500.993138,0.9999078622449437
3501.11234,1.0000701274588153
3501.231542,0.9998470916916672
3501.350744,0.9999053654781289
3501.469946,0.9997397438725031
3501.589148,0.9998942055966227
3501.70835,1.0000426889111456
3501.827552,1.0000462590699177
3501.946754,0.9999563829512511
3502.065956,1.0001415100115971
3502.185158,0.9998552804728812
3502.30436,0.9998090782278817
3502.423562,0.9996679251490628
3502.542764,0.9997037338954724
3502.661966,0.9996809808974191
3502.781168,0.9997361548132649
3502.90037,0.9998559103819064
3503.019572,0.9999860200977198
3503.138774,0.999833523858691
3503.257976,0.9995597869222222
3503.377178,0.9996551694677193
3503.49638,0.9999276636164024
3503.615582,0.999879537256219
3503.734784,0.9997631680491151
3503.853986,1.0001272180915353
3503.973188,1.000178705966009
3504.09239,0.9998222557983727
3504.211592,0.9997520607420194
3504.330794,1.0002445398950066
3504.449996,0.9998848666283554
3504.569198,1.0002112723148526
3504.6884,0.9999610167598663
3504.807602,0.9999956968092587
3504.926804,0.999903016703184
3505.046006,1.0004430281079768
3505.165208,0.9998289746265069
3505.28441,0.9999822021583835
3505.403612,1.000344239236732
3505.522814,0.9998241254677391
3505.642016,1.0001141465142176
3505.761218,1.0003616053634627
3505.88042,0.9999493022851725
3505.999622,1.0001263079761809
3506.118824,1.000147330852124
3506.238026,0.9999078562454965
3506.357228,1.000282009757277
3506.47643,1.0002447599488296
3506.595632,1.0000374717020466
3506.714834,0.9999449015179771
3506.834036,0.9999354880809833
3506.953238,1.0001745552329921
3507.07244,0.999949395280462
3507.191642,1.0001331988701818
3507.310844,0.9999509822014115
3507.430046,1.0003093978536457
3507.549248,0.9999553249979576
3507.66845,1.0000445849938813
3507.787652,1.0002886216432139
3507.906854,1.0000258083330293
3508.026056,0.9999441625589679
3508.145258,1.0001638634241443
3508.26446,0.9997945211136787
3508.383662,0.9998173666794957
3508.502864,0.9998387130081456
3508.622066,1.0001312886175964
3508.741268,1.0001032953345956
3508.86047,0.9998712782853509
3508.979672,1.0003358363804145
3509.098874,1.0001166268003765
3509.218076,1.0000632850024114
3509.337278,1.0001599827958827
3509.45648,0.9997079626512105
3509.575682,0.9996445132004107
3509.694884,0.9997692966161194
3509.814086,0.9996713740093538
3509.933288,0.9999406897589219
3510.05249,0.9999053664780343
3510.171692,1.0000662341933872
3510.290894,1.0001497012041072
3510.410096,0.9999771362613793
3510.529298,0.9999053814766149
3510.6485,1.0000762069035987
3510.767702,1.0002645749937915
3510.886904,1.0002375982219873
3511.006106,1.0002422893473237
3511.125308,0.9999306644038236
3511.24451,1.0000030032045095
3511.363712,0.9999021877839268
3511.482914,1.0001828467144231
3511.602116,0.9995362775525051
3511.721318,1.0000583797040286
3511.84052,1.0000456650426164
3511.959722,1.0000815023211338
3512.078924,1.0004693501103108
3512.198126,0.9997095421910394
3512.317328,1.0000089464400193
3512.43653,1.0001025052533046
3512.555732,0.9999798282034534
3512.674934,1.0001716547309876
3512.794136,1.000265655280116
3512.913338,0.9998561403487921
3513.03254,1.0001007050704152
3513.151742,0.9997644077562122
3513.270944,1.0001741851684751
3513.390146,1.0001749853081432
3513.509348,1.00013008846077
3513.62855,1.0002164034118408
3513.747752,1.0000261803426993
3513.866954,1.0002422593400555
3513.986156,0.9999465094306715
3514.105358,1.000421678881554
3514.22456,1.0001604128647679
3514.343762,1.0004212286918999
3514.462964,0.9998497512884684
3514.582166,1.000329624314159
3514.701368,1.0001966993427793
3514.82057,1.0000398237929462
3514.939772,1.0003586643046662
3515.058974,1.0003902861418255
3515.178176,1.0002328371023512
3515.297378,1.0006978033515577
3515.41658,1.0003807824792497
3515.535782,1.0002690061756738
3515.654984,0.9999724213802971
3515.774186,1.000069018381659
3515.893388,1.00049322159379
3516.01259,1.0001750853256468
3516.131792,1.000206901401143
3516.250994,1.0003909964191808
3516.370196,1.0002226547838977
3516.489398,1.0006038022152133
3516.6086,1.000141600024337
3516.727802,1.0003303745616587
3516.847004,1.0002254754157611
3516.966206,1.0002442298192473
3517.085408,1.0002614741784153
3517.20461,1.0002152531636384
3517.323812,1.0001464307199315
3517.443014,1.0003598747393825
3517.562216,1.0002050910282898
3517.681418,1.0002434296241836
3517.80062,1.0002783987457398
3517.919822,1.0002019603912544
3518.039024,1.0003783615606854
3518.158226,1.0001997199413724
3518.277428,1.0002956436939852
3518.39663,1.0002911723824512
3518.515832,1.0002779386177822
3518.635034,1.0000303224597165
3518.754236,1.0001818165266214
3518.873438,1.000211372335985
3518.99264,1.000135249145341
3519.111842,1.000207741575293
3519.231044,1.0001056655822145
3519.350246,1.000348020545103
3519.469448,1.0003808625097155
3519.58865,1.0000706714971126
3519.707852,1.0005942464945308
3519.827054,1.0004762233583557
3519.946256,1.0005157129342133
3520.065458,1.0004275113569436
3520.18466,1.000439496550321
3520.303862,1.0000903350799677
3520.423064,1.0006118170837686
3520.542266,1.0002505013702294
3520.661468,1.0005349730470652
3520.78067,1.0002140529060546
3520.899872,0.9999560009679858
3521.019074,1.0003473102982605
3521.138276,0.9999050145114072
3521.257478,0.9998264950537245
3521.37668,0.9996566989412986
3521.495882,0.9994785060252758
3521.615084,0.9994306721286517
3521.734286,0.9994941779711181
3521.853488,0.9994512706070708
3521.97269,0.9994656927929616
3522.091892,0.9996195423923576
3522.211094,0.999254388106796
3522.330296,0.9991509506465546
3522.449498,0.9993343616355743
3522.5687,0.9989952051447568
3522.687902,0.9992401188560166
3522.807104,0.9994151810732897
3522.926306,0.9988205960441775
3523.045508,0.9993223696951865
3523.16471,0.999434360034636
3523.283912,0.9993041921866067
3523.403114,0.9991171299592936
3523.522316,0.9994152910089656
3523.641518,0.9995937125571052
3523.76072,0.9996966260271929
3523.879922,0.9993983410693661
3523.999124,0.9995440439795542
3524.118326,0.9995935426261885
3524.237528,0.9996932170675105
3524.35673,0.9994339202836143
3524.475932,0.9997060931990683
3524.595134,0.9995273517334005
3524.714336,0.9994774265890722
3524.833538,0.9993916151411635
3524.95274,0.9991709438571084
3525.071942,0.9994473027934027
3525.191144,0.9992236215378401
3525.310346,0.999545663242217
3525.429548,0.9994710899222748
3525.54875,0.9995475223988797
3525.667952,0.9996936169448772
3525.787154,0.9994197584053011
3525.906356,0.9997741155157426
3526.025558,0.9995195554504624
3526.14476,0.9994483122356883
3526.263962,0.9994656228303656
3526.383164,0.9998152170744682
3526.502366,0.9990294113261875
3526.621568,0.9995584275218364
3526.74077,0.9990179824950949
3526.859972,0.9991896185365634
3526.979174,0.999509910133291
3527.098376,0.9991002550134779
3527.217578,0.9992760821550499
3527.33678,0.9993235289098077
3527.455982,0.9994575571753342
3527.575184,0.9997570295221087
3527.694386,0.9993636325676973
3527.813588,0.9993998101860072
3527.93279,0.9995099701038874
3528.051992,0.999400439808086
3528.171194,0.999413452086522
3528.290396,0.9996885485110878
3528.409598,0.9992235615844245
3528.5288,0.9998527408436941
3528.648002,0.9994431650901342
3528.767204,0.9996839799448602
3528.886406,0.9995164769349726
3529.005608,0.9993518101658537
3529.12481,0.9993944634113253
3529.244012,0.999400899532394
3529.363214,0.999349721522753
3529.482416,0.9994388574993754
3529.601618,0.9998055389100093
3529.72082,0.9998483015073801
3529.840022,0.9993397780424929
3529.959224,0.9997825136535851
3530.078426,0.9994859121884453
3530.197628,0.9990809326013942
3530.31683,0.999629028826828
3530.436032,0.9997395139323885
3530.555234,0.9996851795663559
3530.674436,1.0000145061052126
3530.793638,0.9996486717302354
3530.91284,0.9998089482527099
3531.032042,1.0000710715254613
3531.151244,0.9996101859972288
3531.270446,0.9996337570833167
3531.389648,0.9993568868859442
3531.50885,0.9999613787458198
3531.628052,0.999365261531746
3531.747254,0.999987683075854
3531.866456,0.9996533401004329
3531.985658,0.9998624094664458
3532.10486,0.9990906137425362
3532.224062,0.9996105258647499
3532.343264,0.9992481028164621
3532.462466,0.9996371158583832
3532.581668,0.9997283968908044
3532.70087,0.9995672936444098
3532.820072,0.9996979156366723
3532.939274,0.999653440065772
3533.058476,0.9996146842531869
3533.177678,0.99917967664932
3533.29688,0.9999125828211043
3533.416082,0.9999812051766249
3533.535284,0.9996850995915448
3533.654486,0.9994560579901228
3533.773688,0.9991932456014618
3533.89289,0.9993500613017162
3534.012092,0.9995907637600026
3534.131294,0.9994747679826534
3534.250496,0.9995290509313427
3534.369698,1.0000551175189147
3534.4889,0.9996969459301644
3534.608102,0.999573640916877
3534.727304,0.9999366860044157
3534.846506,0.9997518208015536
3534.965708,0.9994698605735903
3535.08491,0.9997333955452855
3535.204112,0.9996797213001767
3535.323314,0.99962774930249
3535.442516,0.9996057577339135
3535.561718,0.9997368646261868
3535.68092,0.9992703363340968
3535.800122,0.9996560691577766
3535.919324,0.9996611074370616
3536.038526,0.9992752127852366
3536.157728,0.9998510810895219
3536.27693,0.9994853524764912
3536.396132,0.9997131711432641
3536.515334,0.9996940768040468
3536.634536,0.9989117925276525
3536.753738,0.9993330425150876
3536.87294,0.999963225676192
3536.992142,0.9993607444109726
3537.111344,0.9994691309608584
3537.230546,1.0001653836743722
3537.349748,0.9995631354531173
3537.46895,0.9992997153138539
3537.588152,0.9995794984355753
3537.707354,0.9993958026008036
3537.826556,0.9994049671023326
3537.945758,0.9995862156323745
3538.06496,0.9994803450674188
3538.184162,0.9994207778139745
3538.303364,0.9996864791579342
3538.422566,0.9994959170925007
3538.541768,1.0002928428701041
3538.66097,0.9996910377386726
3538.780172,0.9998343037291437
3538.899374,0.9999515221750878
3539.018576,0.9994436748062784
3539.137778,0.9998248953326122
3539.25698,0.9996636465794992
3539.376182,0.9994950975061847
3539.495384,0.9997591590068494
3539.614586,0.9995681632683335
3539.733788,0.9992381103853962
3539.85299,1.0000264423495928
3539.972192,0.9996759925017704
3540.091394,0.9987907317548291
3540.210596,0.9995529599521917
3540.329798,0.999031749057745
3540.449,0.9997431429934107
3540.568202,0.999418519125569
3540.687404,0.9994378680553964
3540.806606,0.9994108935913596
3540.925808,0.9996212817318747
3541.04501,0.9999225360004905
3541.164212,0.9998233156105255
3541.283414,0.9996048780812338
3541.402616,0.9999106659905203
3541.521818,0.9997717760470495
3541.64102,0.9993163837721198
3541.760222,1.0000433919414031
3541.879424,0.9999453964908259
3541.998626,1.0004741223604927
3542.117828,0.9998145471984972
3542.23703,0.9997449925199361
3542.356232,0.9996625969332213
3542.475434,0.999689618178407
3542.594636,0.9996337370906417
3542.713838,1.0001028152851292
3542.83304,0.9996289888416677
3542.952242,0.9997106718634603
3543.071444,0.9992017887402336
3543.190646,0.9995936625774208
3543.309848,0.9998533007613858
3543.42905,0.9999073082961415
3543.548252,0.9997738155835529
3543.667454,1.0000782030576998
3543.786656,0.9998612396281111
3543.905858,0.9998757277224393
3544.02506,0.9993903359207148
3544.144262,0.9997205690481028
3544.263464,0.9991008045187693
3544.382666,0.9995954418557237
3544.501868,0.9998589299513152
3544.62107,0.9998477115970562
3544.740272,0.9994109235736868
3544.859474,0.9995548591046198
3544.978676,0.999693556963262
3545.097878,0.9992998951878188
3545.21708,0.9996155339260296
3545.336282,0.9994563478324217
3545.455484,0.999609916102515
3545.574686,0.9994578370234894
3545.693888,0.9999108909704455
3545.81309,0.9994845328988381
3545.932292,0.9997378043792813
3546.051494,0.9991333157879038
3546.170696,0.9997029041417176
3546.289898,1.000037486702609
3546.4091,0.999791401759639
3546.528302,0.9998551004989469
3546.647504,0.9993879173990282
3546.766706,0.9993520899843997
3546.885908,0.9991660079648375
3547.00511,0.9996552894263467
3547.124312,1.000069668426732
3547.243514,0.9994512606125582
3547.362716,0.999553619657363
3547.481918,1.0000794081526605
3547.60112,0.999480235124587
3547.720322,0.9996626169264735
3547.839524,0.9995867654049443
3547.958726,0.9992582951990919
3548.077928,0.99938132146054
3548.19713,0.9996392150985307
3548.316332,0.9999111659459783
3548.435534,0.9999151216023751
3548.554736,0.9993475729231616
3548.673938,0.9996964960666399
3548.79314,0.9989819185968841
3548.912342,0.9994518103109027
3549.031544,0.9999385308893032
3549.150746,0.9994499413377649
3549.269948,0.9998127275376771
3549.38915,0.9997803041366714
3549.508352,0.9995949720459765
3549.627554,0.9994544788507987
3549.746756,0.9997590790261199
3549.865958,0.9999282035774865
3549.98516,0.9996247004425042
3550.104362,1.0001077658063173
3550.223564,0.9999176213933038
3550.342766,0.9994959770622576
3550.461968,0.9995913435228138
3550.58117,0.9994438647005945
3550.700372,0.999476447101674
3550.819574,0.999299475481951
3550.938776,0.9996306882123932
3551.057978,0.9991987311874381
3551.17718,0.9996472522301294
3551.296382,0.9994869816389435
3551.415584,0.9999593768251435
3551.534786,0.9996073071240388
3551.653988,0.9999019678054697
3551.77319,0.9997298365007324
3551.892392,0.9998362934013878
3552.011594,0.999315634285113
3552.130796,0.9992486224256107
3552.249998,0.9994500812607665
3552.3692,0.9995600168209997
3552.488402,0.9998286646795728
3552.607604,0.9992471035688589
3552.726806,0.9991228748993075
3552.846008,0.9997690466738265
3552.96521,0.9990970978616603
3553.084412,0.9994090147006458
3553.203614,0.9994557381642355
3553.322816,0.9990845292992256
3553.442018,0.9997399438204718
3553.56122,1.0000068112231963
3553.680422,0.999630788175467
3553.799624,0.9995754501468044
3553.918826,0.9992552774435972
3554.038028,0.9996641664047307
3554.15723,0.9999273926360422
3554.276432,0.9995120191014264
3554.395634,0.9995351780632046
3554.514836,0.9995526500908222
3554.634038,0.9996032987067741
3554.75324,0.9993488420953851
3554.872442,0.9991930957224863
3554.991644,1.0000835954939087
3555.110846,0.9995942123540864
3555.230048,0.9995095303195973
3555.34925,1.0000501682583849
3555.468452,0.9996332172812337
3555.587654,0.9993722671067838
3555.706856,0.9996160937108854
3555.826058,0.9995889944859165
3555.94526,0.9993376394576561
3556.064462,0.9994606754877772
3556.183664,0.9992014390196687
3556.302866,0.999512378925818
3556.422068,0.9999914197368107
3556.54127,0.9998517009973844
3556.660472,0.9992986760426904
3556.779674,0.9994680015613785
3556.898876,0.9997390940418808
3557.018078,0.9994751677726406
3557.13728,0.9995648047249472
3557.256482,1.0000234142741098
3557.375684,0.999965876582217
3557.494886,0.9996637865324196
3557.614088,0.9992374408960866
3557.73329,0.9991872005006124
3557.852492,1.0000905190966063
3557.971694,0.999050600964717
3558.090896,0.999810977866935
3558.210098,0.9994287332350285
3558.3293,1.0000686913591434
3558.448502,0.9990612109384381
3558.567704,0.9997884623772387
3558.686906,0.9995441439339636
3558.806108,0.9994544588617094
3558.92531,0.9996241806377951
3559.044512,0.9995873251736896
3559.163714,1.0000205272106804
3559.282916,0.9996286189790102
3559.402118,0.9993869779748275
3559.52132,0.9999041635926019
3559.640522,0.9994364788377252
3559.759724,0.9997904819519725
3559.878926,0.9997836534063003
3559.998128,0.9993868580483972
3560.11733,0.9992832469902448
3560.236532,0.9998855465502959
3560.355734,0.9999336761995206
3560.474936,0.999773255710373
3560.594138,0.9994167901330265
3560.71334,1.0001402798382963
3560.832542,0.9998292645769515
3560.951744,0.9996380655140944
3561.070946,0.9998135273881791
3561.190148,0.9997864927959079
3561.30935,0.9998138973192527
3561.428552,0.999453739254758
3561.547754,0.9998503811940102
3561.666956,0.9998358734702328
3561.786158,0.9994531795608208
3561.90536,0.9991014139704458
3562.024562,0.9993581260892522
3562.143764,0.9995268219840444
3562.262966,0.9995839765617592
3562.382168,1.000012416077079
3562.50137,0.9996765223301869
3562.620572,0.9994879411469064
3562.739774,0.9999153685814406
3562.858976,0.999733975390823
3562.978178,0.999566364047259
3563.09738,0.999902692734659
3563.216582,0.9995703023464917
3563.335784,0.9997310761664983
3563.454986,0.9994670620618986
3563.574188,0.9993280858354893
3563.69339,0.9994649331993237
3563.812592,0.9994482722577566
3563.931794,0.9999128817950113
3564.050996,0.9995938125164814
3564.170198,0.9994164103547184
3564.2894,0.9996781218139021
3564.408602,0.9991722927387932
3564.527804,0.9995618460175042
3564.647006,0.9996747529043083
3564.766208,0.9996382654417275
3564.88541,0.9998815870113714
3565.004612,0.9996822205026039
3565.123814,0.9995721315618188
3565.243016,0.9996683450096795
3565.362218,0.9997354549982015
3565.48142,0.9999187622999607
3565.600622,0.9995050825120838
3565.719824,0.999876837585113
3565.839026,1.0000950885206268
3565.958228,0.9996785716691582
3566.07743,0.9998071885905095
3566.196632,0.9994361090462965
3566.315834,0.9993665007454386
3566.435036,0.9994441545393574
3566.554238,0.999843002325425
3566.67344,0.9991233045222361
3566.792642,0.9992282779307657
3566.911844,0.9992878736823892
3567.031046,0.9998103479862173
3567.150248,0.9999077202580373
3567.26945,0.9999512301892859
3567.388652,0.9998861964761123
3567.507854,0.9995746304952713
3567.627056,0.9997066730287706
3567.746258,0.9999459744594321
3567.86546,0.9993782633583752
3567.984662,0.9995023138868399
3568.103864,0.9991891489175531
3568.223066,0.9988808267420562
3568.342268,0.9989766240067462
3568.46147,0.9993467434650203
3568.580672,0.9996788315856207
3568.699874,0.9996223513272183
3568.819076,0.9996635166232336
3568.938278,0.9996320377147332
3569.05748,0.999679281441196
3569.176682,0.9994440745838282
3569.295884,0.9997848231538591
3569.415086,0.9998527108481123
3569.534288,0.9995773393461904
3569.65349,1.000188537771012
3569.772692,0.999612804979347
3569.891894,0.9999013818630882
3570.011096,0.9996414542928804
3570.130298,0.9996686848969746
3570.2495,1.0003292741988519
3570.368702,1.0000218542388004
3570.487904,0.9996550495091061
3570.607106,0.9994319414064113
3570.726308,0.999684709714432
3570.84551,0.9997122314133249
3570.964712,1.0000118220698802
3571.083914,0.9997418833178442
3571.203116,1.000138489588798
3571.322318,1.0000067373226957
3571.44152,0.9998231756352711
3571.560722,0.9998524508864414
3571.679924,0.9999142616757403
3571.799126,1.000273027265161
3571.918328,0.9994121428557573
3572.03753,0.9998217458891523
3572.156732,0.9999288205333785
3572.275934,0.9994441345504745
3572.395136,1.000143230256474
3572.514338,1.0000246033026563
3572.63354,0.9995528400058437
3572.752742,1.0002780886594842
3572.871944,0.9996633666737174
3572.991146,0.9998040591989067
3573.110348,0.9998507711357348
3573.22955,0.999491839157478
3573.348752,1.0000417348708754
3573.467954,0.9996779918557548
3573.587156,0.9995700924367502
3573.706358,1.000120047205089
3573.82556,1.0003440291644639
3573.944762,1.0001368393616514
3574.063964,1.0002829200143202
3574.183166,1.000078684095431
3574.302368,0.9994137419164651
3574.42157,0.999674353034487
3574.540772,0.9995348582119987
3574.659974,0.9997171700039464
3574.779176,1.000015784124568
3574.898378,0.9997621182983398
3575.01758,0.9997212988443845
3575.136782,0.9994950875112338
3575.255984,0.9996745129823964
3575.375186,0.9998702284210599
3575.494388,1.0000160771292357
3575.61359,1.0001804862856902
3575.732792,1.0002370981033133
3575.851994,1.0005149925631593
3575.971196,0.9995722914933726
3576.090398,0.9995525601310877
3576.2096,0.9999746313217903
3576.328802,0.9996235208860536
3576.448004,1.0002223147082527
3576.567206,0.9999939958180252
3576.686408,0.9999750233119227
3576.80561,0.9997313660885524
3576.924812,0.999911681900273
3577.044014,0.9999575748999701
3577.163216,0.9994484921364006
3577.282418,0.999896735332163
3577.40162,0.9997450325097366
3577.520822,0.9996631267545382
3577.640024,0.999788502368778
3577.759226,0.9994799652649599
3577.878428,1.0002895219033785
3577.99763,0.9996252802249985
3578.116832,1.0002376782409983
3578.236034,0.9995677334541158
3578.355236,0.9996807609676274
3578.474438,1.0003100080425644
3578.59364,0.9999683595005712
3578.712842,0.999956601941723
3578.832044,0.9999314643486751
3578.951246,1.0000137980951929
3579.070448,1.000157322373867
3579.18965,0.9995416550721439
3579.308852,1.000152951695918
3579.428054,1.0000887949420376
3579.547256,0.9998106079369415
3579.666458,1.0005279593214873
3579.78566,1.0006403149141263
3579.904862,0.9994870516030346
3580.024064,0.9994437247784633
3580.143266,0.9998371632593415
3580.262468,1.0000153041171067
3580.38167,0.9998611396419921
3580.500872,0.999570752153229
3580.620074,0.9996070372301022
3580.739276,0.9994550885182168
3580.858478,0.9996293487081684
3580.97768,0.9993477028383545
3581.096882,0.9995642849513839
3581.216084,0.9999430116238992
3581.335286,1.0002168935179985
3581.454488,0.9994337004081761
3581.57369,0.999740653636084
3581.692892,1.0001428902078333
3581.812094,1.0005543636027368
3581.931296,1.0001458106293366
3582.050498,0.9995429944588591
3582.1697,0.9998505111745681
3582.288902,1.0001649936099486
3582.408104,0.9996140844845564
3582.527306,0.9995946721675298
3582.646508,0.9995701424152561
3582.76571,0.9997549600271994
3582.884912,0.9996517506528858
3583.004114,0.9997873026232951
3583.123316,0.9997273471765388
3583.242518,0.9999303644246692
3583.36172,0.9996471622618807
3583.480922,0.9994977261817479
3583.600124,0.9999282255759072
3583.719326,0.9995842164619424
3583.838528,1.0000280203925638
3583.95773,0.999824255444884
3584.076932,1.0000007474202792
3584.196134,0.9994606554985639
3584.315336,0.9999695264643276
3584.434538,0.999230865935357
3584.55374,1.0000098857488637
3584.672942,0.9997333555559504
3584.792144,0.9996774920168838
3584.911346,0.999887686307655
3585.030548,0.9997206090369264
3585.14975,0.9995853759803061
3585.268952,0.9997214388053762
3585.388154,0.9997055033726474
3585.507356,1.0003835135225136
3585.626558,1.0000499022450755
3585.74576,0.9996599978138482
3585.864962,0.9999772802580973
3585.984164,0.9998790773117378
3586.103366,1.000148421013309
3586.222568,0.9995980008233304
3586.34177,0.9996383754019428
3586.460972,0.9986605978008927
3586.580174,0.9991681461823824
3586.699376,0.998625245841464
3586.818578,0.9992786502978811
3586.93778,0.9992441258169271
3587.056982,0.99961067580634
3587.176184,0.9993402077586898
3587.295386,0.9996586382771757
3587.414588,0.9997824736622853
3587.53379,0.9998599598065434
3587.652992,0.9996848696639984
3587.772194,0.9998258451667139
3587.891396,0.9995929028865259
3588.010598,0.9995889744941369
3588.1298,0.9996552094539268
3588.249002,1.0000999859982667
3588.368204,0.9997004448755983
3588.487406,0.998834180096655
3588.606608,0.9988228933341903
3588.72581,0.9991507807909074
3588.845012,0.9992177661045742
3588.964214,1.0001660537854038
3589.083416,0.9999305434122205
3589.202618,0.9998127175395499
3589.32182,1.0000250633140797
3589.441022,0.9997550100149487
3589.560224,0.999778274584714
3589.679426,0.9999141026893853
3589.798628,1.0000491102058666
3589.91783,0.9996423539705942
3590.037032,0.9998798672165208
3590.156234,0.9997790544120723
3590.275436,1.0000595567734343
3590.394638,0.9999804971901822
3590.51384,0.9999773462566
3590.633042,1.0000964026464365
3590.752244,0.9996941067948696
3590.871446,1.0001304385063623
3590.990648,0.9996251602699722
3591.10985,1.0000952025314733
3591.229052,0.9997881124513381
3591.348254,0.9998426423820089
3591.467456,1.0000766669387595
3591.586658,0.9995061919633411
3591.70586,0.9995723014890956
3591.825062,0.9997868227255049
3591.944264,0.9999081572178066
3592.063466,0.9996173732203042
3592.182668,1.0000918862212802
3592.30187,1.0001250878228294
3592.421072,0.9998101480241677
3592.540274,1.0003213916352285
3592.659476,0.9998831168313699
3592.778678,0.9996328874023264
3592.89788,0.9997022743290864
3593.017082,0.9997958508412761
3593.136284,0.9998525808672684
3593.255486,0.9993910654759263
3593.374688,0.9997215687691717
3593.49389,0.9995602867022406
3593.613092,1.0000228122601957
3593.732294,0.9994728190087561
3593.851496,0.9998844966710232
3593.970698,0.9998733080261061
3594.0899,1.0000324225255988
3594.209102,1.0002384884338458
3594.328304,0.9999762352823853
3594.447506,0.9994600158439491
3594.566708,1.0001971694353384
3594.68591,0.9994892404820744
3594.805112,0.999489130538264
3594.924314,0.9998877762975509
3595.043516,1.0000947144851335
3595.162718,1.0000179331607972
3595.28192,0.9996091663953591
3595.401122,0.999490309936134
3595.520324,0.9997446326118036
3595.639526,0.9996746129498526
3595.758728,1.0001345190468758
3595.87793,0.999749591357479
3595.997132,1.0000530894091928
3596.116334,0.9995809878101375
3596.235536,0.9996228111536057
3596.354738,1.0002967440197985
3596.47394,0.9996299884711564
3596.593142,0.9996175231629214
3596.712344,0.9998109278763873
3596.831546,1.0003960384025086
3596.950748,0.9995101899961051
3597.06995,0.9999425966476355
3597.189152,0.9996340369808079
3597.308354,0.9998090382355193
3597.427556,0.9995327392003455
3597.546758,1.000312218730125
3597.66596,1.0002776885483289
3597.785162,0.9998300244474814
3597.904364,1.0003490809145668
3598.023566,0.9997031440704434
3598.142768,0.9998294545445299
3598.26197,0.9992752727417512
3598.381172,0.9996287189418771
3598.500374,0.9999447415268057
3598.619576,0.9996569988383532
3598.738778,0.9999100420464594
3598.85798,0.9995435542030927
3598.977182,0.9995985106184407
3599.096384,1.000038043723644
3599.215586,0.9996557392713282
3599.334788,0.999703543951781
3599.45399,1.0002636147402604
3599.573192,0.9998281747636472
3599.692394,0.999832644005577
3599.811596,0.9995591172173893
3599.930798,0.9998582400488916
3600.05,0.9999151196025448
3600.169202,0.9999457744702572
3600.288404,1.000259373631525
3600.407606,0.9995500412618099
3600.526808,0.9997117315573342
3600.64601,1.0000712245363468
3600.765212,0.9996881486357484
3600.884414,0.9996936269418134
3601.003616,0.9997362747816108
3601.122818,1.000059274756679
3601.24202,1.000124947805327
3601.361222,0.9994274239842456
3601.480424,0.9997623082531604
3601.599626,0.9994291629894761
3601.718828,1.0002487209259217
3601.83803,0.9996375157133096
3601.957232,0.9994537092711463
3602.076434,0.9996908777881195
3602.195636,1.0000526133840355
3602.314838,0.9996322176485162
3602.43404,0.9998575301497932
3602.553242,0.9999077992507504
3602.672444,0.9995842264577846
3602.791646,0.9994756974946198
3602.910848,0.9995793085154886
3603.03005,0.9998111378367042
3603.149252,0.9999778552451987
3603.268454,0.9998192863306826
3603.387656,1.000250891468001
3603.506858,0.9997583292070918
3603.62606,0.9999728343689924
3603.745262,1.000187827637402
3603.864464,0.9999740793359462
3603.983666,0.9998543106137295
3604.102868,1.000252521878283
3604.22207,0.9998571302068611
3604.341272,1.0000243282959282
3604.460474,0.9998911959195933
3604.579676,0.9998708683382108
3604.698878,0.9998110078612648
3604.81808,1.000001200900721
3604.937282,0.999891235915242
3605.056484,0.9997543501768599
3605.175686,0.9996867990576587
3605.294888,1.0001785359356434
3605.41409,0.9997233082862147
3605.533292,1.0003777113149617
3605.652494,0.9998746978509702
3605.771696,0.9999653386007202
3605.890898,0.9999394588326904
3606.0101,0.9996444332288529
3606.129302,1.000173415034649
3606.248504,1.0003824231050782
3606.367706,0.9997043137238062
3606.486908,0.999634116951534
3606.60611,0.9995228738608951
3606.725312,0.999697485766661
3606.844514,1.0001412799790763
3606.963716,0.9997169800577022
3607.082918,0.9994086449193788
3607.20212,0.9993474729884093
3607.321322,0.9991546774865511
3607.440524,0.9994486520481722
3607.559726,1.00022315489535
3607.678928,0.9998752877772159
3607.79813,1.0001167668167141
3607.917332,0.9998964553611162
3608.036534,1.0001609829563656
3608.155736,0.9996587882259826
3608.274938,0.9997510210004169
3608.39414,0.9999281415819398
3608.513342,1.000095787587338
3608.632544,0.999843752207958
3608.751746,0.9998246053834345
3608.870948,0.9999163714970583
3608.99015,0.9994252152520792
3609.109352,0.9997610885438883
3609.228554,0.9989860144311469
3609.347756,0.99894355842773
3609.466958,0.9998930457200169
3609.58616,0.9995097102313291
3609.705362,1.000028443404506
3609.824564,0.9996551394780646
3609.943766,0.9999323852859778
3610.062968,0.999606917277265
3610.18217,0.9998427223694235
3610.301372,0.999746932027103
3610.420574,1.0002257554789336
3610.539776,0.999917874372494
3610.658978,1.0000460220589824
3610.77818,0.9995674635708641
3610.897382,0.9996590181475304
3611.016584,0.9996967559877628
3611.135786,0.9999273426396739
3611.254988,0.9998130674740623
3611.37419,0.9997067929935786
3611.493392,0.9996646062570606
3611.612594,0.9996395449795261
3611.731796,1.0006186412796314
3611.850998,0.9997601387713053
3611.9702,0.9998686186312881
3612.089402,0.9999643046370946
3612.208604,0.9996676452420828
3612.327806,0.9994281935436583
3612.447008,0.9989193842861243
3612.56621,0.9992289574062257
3612.685412,0.9989534480179117
3612.804614,0.99971886952458
3612.923816,0.9998129774908903
3613.043018,0.9991645891501134
3613.16222,0.9995585574644404
3613.281422,0.9997490314978646
3613.400624,1.0000063857203887
3613.519826,0.9997252377540616
3613.639028,0.9996954263919614
3613.75823,0.9998224457646193
3613.877432,0.9998757377211966
3613.996634,1.0001870274874602
3614.115836,0.999784943128045
3614.235038,0.9995931128010576
3614.35424,0.99965250039198
3614.473442,0.9997166601483197
3614.592644,0.9989319707496609
3614.711846,0.9994864719007128
3614.831048,0.999973845342039
3614.95025,0.9996040783976512
3615.069452,0.9997554998950237
3615.188654,0.9997064430962622
3615.307856,0.9996220714329992
3615.427058,1.0002121124926742
3615.54626,1.0003039361792436
3615.665462,0.9993972317378231
3615.784664,0.9994517303547611
3615.903866,1.0000469941041883
3616.023068,0.9995074513419364
3616.14227,1.000162383182722
3616.261472,1.000065492144517
3616.380674,0.9998528308304448
3616.499876,0.9999315493428531
3616.619078,1.0003579240395286
3616.73828,1.0002184538575696
3616.857482,1.0002001200213404
3616.976684,1.0002871612228925
3617.095886,1.0001291583402203
3617.215088,0.9999565259450242
3617.33429,0.9999834371371658
3617.453492,0.9991980617245125
3617.572694,0.9991237241541121
3617.691896,0.9992543281515346
3617.811098,1.0000394947798983
3617.9303,0.9994810247142846
3618.049502,0.9997210489140911
3618.168704,0.9999368089966356
3618.287906,1.0000408908360074
3618.407108,0.999594512232395
3618.52631,1.0003150096051086
3618.645512,0.9995024738072228
3618.764714,0.999677082149196
3618.883916,0.9997770248626519
3619.003118,0.9994393572189292
3619.12232,0.9997324557963353
3619.241522,0.9998335538536971
3619.360724,0.999435039650232
3619.479926,0.9990269337363196
3619.599128,0.9997670771307445
3619.71833,0.9992203540819399
3619.837532,0.99963850535494
3619.956734,0.9994554883003322
3620.075936,0.9997975404976918
3620.195138,0.9999727363716595
3620.31434,0.999515617351172
3620.433542,1.000134179001197
3620.552744,0.9997101120256409
3620.671946,0.999820046193629
3620.791148,0.9998825368993303
3620.91035,0.9997484516435945
3621.029552,0.9998822669310817
3621.148754,0.9997798242422405
3621.267956,0.999545523305834
3621.387158,0.9996415042749545
3621.50636,1.000071484554899
3621.625562,0.9996961261790048
3621.744764,1.000034129582401
3621.863966,1.000072495627681
3621.983168,1.0001542218909734
3622.10237,1.0001418900654433
3622.221572,1.0002361278737986
3622.340774,0.9999553059988067
3622.459976,1.0001187170463108
3622.579178,0.9998427623631332
3622.69838,0.999823215628199
3622.817582,1.0000367306745548
3622.936784,1.0002104521419455
3623.055986,0.9998599298107451
3623.175188,1.0001970794175972
3623.29439,0.9995207548746486
3623.413592,0.9997695065676937
3623.532794,0.9995609564078571
3623.651996,1.0001283882410648
3623.771198,0.9996176431170314
3623.8904,0.9998040691969473
3624.009602,0.9996494014740321
3624.128804,0.9995981107791165
3624.248006,0.9999440505652281
3624.367208,1.0007991291336782
3624.48641,1.0002877213838595
3624.605612,1.000058901734639
3624.724814,0.9998778074661159
3624.844016,1.0001328788276094
3624.963218,1.0003474403434194
3625.08242,0.9998399928025173
3625.201622,1.00005870072282
3625.320824,0.9995967313346754
3625.440026,0.9997095721823261
3625.559228,0.9995298805407993
3625.67843,1.0003883353826695
3625.797632,1.0001480009510602
3625.916834,0.9998373032365542
3626.036036,1.0004689899414096
3626.155238,0.999710861808506
3626.27444,0.9992756025026456
3626.393642,0.9997203391123983
3626.512844,0.9997438228189791
3626.632046,0.999890805962103
3626.751248,0.9997202691319771
3626.87045,1.0001423901365132
3626.989652,0.9994522100917068
3627.108854,0.9999982844014716
3627.228056,0.9998073985500412
3627.347258,0.9997097221387732
3627.46646,0.9999823801552313
3627.585662,0.9999742203323013
3627.704864,0.999456087973805
3627.824066,0.9996834900998302
3627.943268,0.9998284147224379
3628.06247,0.9991760096666356
3628.181672,0.9987097331110232
3628.300874,0.9984505017139987
3628.420076,0.9982031163319888
3628.539278,0.9984759625264165
3628.65848,0.9994984458203698
3628.777682,0.9994349297123836
3628.896884,0.9995222941377964
3629.016086,0.9996886484799477
3629.135288,0.9998793672767122
3629.25449,0.9996169533810957
3629.373692,0.9992595043023607
3629.492894,0.9987564738202569
3629.612096,0.9994033080914642
3629.731298,0.9980445144580562
3629.8505,0.9986926553206026
3629.969702,0.9999122718483394
3630.088904,1.000035589633296
3630.208106,0.9995304802589074
3630.327308,0.9996660857617727
3630.44651,0.9997603487209565
3630.565712,0.99959655140728
3630.684914,0.9999899140508636
3630.804116,0.9998236955434576
3630.923318,0.9996104259037023
3631.04252,0.9996950665016727
3631.161722,0.9995829969699422
3631.280924,1.0001092159636291
3631.400126,1.000008961840157
3631.519328,1.0001372194137226
3631.63853,1.0002570030196187
3631.757732,1.0002455101326808
3631.876934,0.999491269447292
3631.996136,0.9998417525224532
3632.115338,1.0001826066705686
3632.23454,0.9997616983983384
3632.353742,1.000169804415138
3632.472944,0.9995561585267813
3632.592146,0.9998287046727202
3632.711348,1.0002386584744034
3632.83055,1.000279859153268
3632.949752,0.9998183764955461
3633.068954,1.000483086648789
3633.188156,1.000070830508362
3633.307358,0.9996681950594389
3633.42656,0.9996933170368372
3633.545762,0.9998151670837085
3633.664964,0.9994685712583018
3633.784166,0.9992811385048181
3633.903368,0.9990811224267895
3634.02257,1.0000875328307748
3634.141772,0.9999120938639708
3634.260974,1.000363896194162
3634.380176,0.9994123127558361
3634.499378,0.9994884209012332
3634.61858,0.9996310980610593
3634.737782,0.9996658558385995
3634.856984,0.9998935056709237
3634.976186,0.9992783305287641
3635.095388,1.0002669056129665
3635.21459,0.9998994250579987
3635.333792,0.9999639836486044
3635.452994,1.0001538618355181
3635.572196,1.000054819502534
3635.691398,1.0002542223090156
3635.8106,0.9994158806641613
3635.929802,0.9998542506224727
3636.049004,1.0000644230750773
3636.168206,1.0001924385139156
3636.287408,1.0000021711023568
3636.40661,1.0003654567630573
3636.525812,0.9996774720233341
3636.645014,1.0001414700059377
3636.764216,0.9999835161358603
3636.883418,0.9998628294087459
3637.00262,1.0000071935258732
3637.121822,0.9997852230678683
3637.241024,1.0000991139114592
3637.360226,1.0001598827798894
3637.479428,0.9999126948113198
3637.59863,1.0002410090380127
3637.717832,1.0001083058646567
3637.837034,0.9998104879596758
3637.956236,0.9998547905439138
3638.075438,0.9998497812839614
3638.19464,0.9999137227220984
3638.313842,0.9998202961486717
3638.433044,0.9996474521595998
3638.552246,0.9996065874070368
3638.671448,0.9997911718076431
3638.79065,0.9996689748009352
3638.909852,0.999948234339888
3639.029054,1.0001037453811799
3639.148256,0.9998403727417867
3639.267458,0.9996350566080456
3639.38666,1.0001464707257894
3639.505862,0.9995674035968181
3639.625064,1.0000449530103563
3639.744266,1.000727224299462
3639.863468,1.0005397255994746
3639.98267,1.0001402898396994
3640.101872,0.9999871050831401
3640.221074,1.0002254053999804
3640.340276,0.999647202247768
3640.459478,0.9996908178066686
3640.57868,0.9995568382252001
3640.697882,0.9997904019687371
3640.817084,0.9999567289362195
3640.936286,0.9999807161859351
3641.055488,0.9995127487454667
3641.17469,0.9999666085575066
3641.293892,0.9999083442006494
3641.413094,0.9998189563903725
3641.532296,0.9999682445042164
3641.651498,0.9998051289898224
3641.7707,1.0001423301279717
3641.889902,0.9998553204670932
3642.009104,1.0001644335177091
3642.128306,1.0003435990166238
3642.247508,0.9997204190900286
3642.36671,0.9999030047043479
3642.485912,1.000122317480173
3642.605114,0.9995910136577247
3642.724316,0.9997008247618395
3642.843518,0.9998960154067726
3642.96272,0.999941049737635
3643.081922,0.9998937956400824
3643.201124,1.0001616530644486
3643.320326,1.0001506213422555
3643.439528,1.000597178239968
3643.55873,1.0002785887986536
3643.677932,0.9999853071079416
3643.797134,1.0000434059420107
3643.916336,0.9997812339327866
3644.035538,1.0004306326956485
3644.15474,0.9994767669341883
3644.273942,1.0002664955036191
3644.393144,0.9999203091754825
3644.512346,0.999613244809078
3644.631548,0.9994903499157471
3644.75075,0.9999177993786562
3644.869952,0.9996052079508979
3644.989154,0.9995541094387566
3645.108356,0.9991274708751028
3645.227558,0.9996799212361409
3645.34676,0.9999758582914158
3645.465962,1.0005310509576582
3645.585164,0.999540925407002
3645.704366,0.9998665189093936
3645.823568,1.0000811732943735
3645.94277,1.0000501302564793
3646.061972,0.9998154970227682
3646.181174,0.999869198555255
3646.300376,0.9998302444101109
3646.419578,1.0002554526224656
3646.53878,1.0000827834263588
3646.657982,0.9997563996753784
3646.777184,0.9997240780734584
3646.896386,0.999998441801214
3647.015588,0.9996941967673432
3647.13479,0.99900039993333
3647.253992,0.9997261375071805
3647.373194,0.9995504410819064
3647.492396,0.9990982468239835
3647.611598,0.9991883295827869
3647.7308,0.9997342853084035
3647.850002,0.9990788944783706
3647.969204,1.0004823863108734
3648.088406,0.9999849311135368
3648.207608,1.0001329288342546
3648.32681,0.9997355449743965
3648.446012,1.0001311385979144
3648.565214,0.9999280725869004
3648.684416,0.99953323896684
3648.803618,0.9996922173747932
3648.92282,1.0002971141296622
3649.042022,0.9991921065218111
3649.161224,0.9985747166824228
3649.280426,0.999936451019322
3649.399628,0.9980958152645187
3649.51883,0.9990077026529449
3649.638032,0.9991434370596568
3649.757234,0.9996331772959057
3649.876436,1.0001927885813304
3649.995638,0.9994030782287298
3650.11484,0.9995948321026902
3650.234042,0.9998532907628528
3650.353244,0.999955793977115
3650.472446,0.9989457561059759
3650.591648,0.9983267015275564
3650.71085,0.999482284061169
3650.830052,0.9994780462652688
3650.949254,0.9999236599140526
3651.068456,0.9996128649561171
3651.187658,0.9995307101509444
3651.30686,0.998796524757873
3651.426062,0.9983796142449121
3651.545264,0.9991389609070854
3651.664466,0.9997050435082215
3651.783668,1.0001305685233277
3651.90287,0.9995971211774767
3652.022072,0.9999319973122875
3652.141274,0.999820496112751
3652.260476,0.9999933319222317
3652.379678,1.0000700764552402
3652.49888,0.9999456764755761
3652.618082,1.0002358978195156
3652.737284,0.9999015638451563
3652.856486,1.0000601628097092
3652.975688,1.000151681502476
3653.09489,0.9997088323975164
3653.214092,1.0000638010351994
3653.333294,0.999646862367777
3653.452496,0.9999802321953857
3653.571698,0.999821935855302
3653.6909,1.0000574016474115
3653.810102,0.9999537030717358
3653.929304,1.0002515616363228
3654.048506,0.9997676669934941
3654.167708,0.9998551604902547
3654.28691,1.0000035119061668
3654.406112,0.9999649176154013
3654.525314,0.9995222941377964
3654.644516,0.9999644016336369
3654.763718,1.0000872198034259
3654.88292,0.9993869180116105
3655.002122,0.9997533904131444
3655.121324,1.000294023216355
3655.240526,0.9999941496171135
3655.359728,1.000169474359157
3655.47893,0.9993574765066814
3655.598132,1.0003506514638567
3655.717334,1.0000098188482045
3655.836536,0.9995307301415588
3655.955738,0.9999885180659179
3656.07494,0.9996416042391099
3656.194142,0.9983440725632906
3656.313344,0.9998390929469287
3656.432546,0.9993906257439542
3656.551748,0.9994858022450009
3656.67095,0.9999353590893137
3656.790152,0.9997894721640956
3656.909354,0.9997746254006715
3657.028556,0.9998063787470147
3657.147758,0.9999360220466765
3657.26696,0.9996599878172483
3657.386162,0.9995509508527614
3657.505364,0.9997958508412761
3657.624566,0.9998752677797104
3657.743768,1.0001335989235414
3657.86297,0.9991954638129292
3657.982172,0.9995062719238397
3658.101374,1.0000032571053044
3658.220576,1.0001985497083847
3658.339778,1.0000689603776576
3658.45898,0.9999305654106927
3658.578182,1.0000315114964768
3658.697384,0.9997640978292939
3658.816586,0.9996098461298234
3658.935788,0.9999065913628584
3659.05499,0.9999153605821176
3659.174192,1.0000279603908844
3659.293394,0.9997364847262504
3659.412596,0.999997348203516
3659.531798,0.9998222458001502
3659.651,1.0004469498523336
3659.770202,0.9999323382891568
3659.889404,0.9999315993394319
3660.008606,0.9999122538499187
3660.127808,0.9997403237217227
3660.24701,0.9999186803066256
3660.366212,0.9997245179521496
3660.485414,0.9996562291027605
3660.604616,1.0003588943871855
3660.723818,1.0000766209352339
3660.84302,0.9998153570486084
3660.962222,0.9994699405311823
3661.081424,1.0002277459301674
3661.200626,1.0001161767479958
3661.319828,0.9999198682107233
3661.43903,1.0004254604826475
3661.558232,1.000769465887102
3661.677434,0.9993449746228498
3661.796636,0.9999064953718303
3661.915838,0.9996151540721989
3662.03504,1.0000038522074197
3662.154242,0.9997701064295776
3662.273444,1.0000122070745057
3662.392646,0.9994238160577572
3662.511848,0.9997380643111442
3662.63105,0.9997449025428908
3662.750252,0.9997160703156642
3662.869454,0.9998987551256082
3662.988656,1.0001576924321447
3663.107858,0.9996337570833167
3663.22706,1.0001359492402604
3663.346262,0.9998069086445359
3663.465464,0.9996196723429066
3663.584666,0.9998490014014362
3663.703868,0.9998041591793176
3663.82307,0.9999118648841275
3663.942272,1.000053090409246
3664.061474,0.9998139373118093
3664.180676,0.9999751393090321
3664.299878,0.9994580569042377
3664.41908,0.9995478622450951
3664.538282,1.0000887279360906
3664.657484,1.0002310766941072
3664.776686,0.9995847062583284
3664.895888,1.0002016603307113
3665.01509,0.9997529805143384
3665.134292,1.0001632133178444
3665.253494,0.9997466121081359
3665.372696,0.9997501912074138
3665.491898,0.9997190594711832
3665.6111,1.0001463607096837
3665.730302,0.9996479519834508
3665.849504,0.9995570981100119
3665.968706,0.999686409179883
3666.087908,0.9997364947236154
3666.20711,0.9996993951906823
3666.326312,0.999534918184092
3666.445514,0.9995183160469822
3666.564716,1.0003021356337791
3666.683918,1.0002426394321862
3666.80312,1.0001594727144216
3666.922322,0.9994387075835581
3667.041524,0.9996074570651461
3667.160726,0.9998476616046719
3667.279928,0.9997993301368909
3667.39913,1.0000783900723411
3667.518332,1.0000674072717681
3667.637534,0.99999985885001
3667.756736,1.0002282460441654
3667.875938,0.9997193293953658
3667.99514,0.9998328439721259
3668.114342,0.9998472616656873
3668.233544,0.9997660773641672
3668.352746,0.9996099260986143
3668.471948,0.9996959562306779
3668.59115,0.9984777597847665
3668.710352,0.9983327913390097
3668.829554,0.9989217816955235
3668.948756,0.9990075528018008
3669.067958,0.9995805779820165
3669.18716,0.9996241706415533
3669.306362,0.999623730807015
3669.425564,0.9993629629942878
3669.544766,0.9998656790218705
3669.663968,0.999628818904754
3669.78317,0.9992998652088224
3669.902372,0.9995704422863438
3670.021574,0.9993304242659461
3670.140776,0.9998099880545568
3670.259978,0.9992231219261541
3670.37918,0.9995016042404489
3670.498382,0.9990365044601884
3670.617584,0.9978845407446243
3670.736786,0.9995840865160027
3670.855988,0.9979377294081112
3670.97519,0.9989740266709004
3671.094392,0.999418409189538
3671.213594,0.999819636267494
3671.332796,0.9993750353717978
3671.451998,0.9998770975531246
3671.5712,0.9993927044786176
3671.690402,1.000439216427301
3671.809604,0.9998539106720853
3671.928806,0.9993136856215262
3672.048008,0.9994414760326125
3672.16721,0.9998291246008644
3672.286412,1.0002361478785213
3672.405614,0.9997327157268077
3672.524816,0.9997628981130963
3672.644018,0.9996707042297576
3672.76322,0.9998680387076574
3672.882422,0.9999345721404957
3673.001624,0.9998472016748534
3673.120826,1.0001644135144205
3673.240028,0.9995560585711704
3673.35923,1.000119287114142
3673.478432,0.9989929074584273
3673.597634,0.9996199022554577
3673.716836,0.9997936412948872
3673.836038,0.9997745454187047
3673.95524,0.9998622894829639
3674.074442,0.9999306864022984
3674.193644,1.000020152203053
3674.312846,0.9996096162195852
3674.432048,0.9993564471690107
3674.55125,0.9994520701684072
3674.670452,0.999223471654308
3674.789654,0.9989817188005203
3674.908856,0.9988083106264016
3675.028058,0.9983605453763882
3675.14726,0.9988614486419857
3675.266462,0.9990614007600862
3675.385664,0.9994063562762023
3675.504866,0.9994946977082256
3675.624068,0.9994301824077424
3675.74327,0.9992806388643738
3675.862472,0.9983596468523017
3675.981674,0.998861148983596
3676.100876,0.9976940627674975
3676.220078,0.9988736348259947
3676.33928,0.9993142652236319
3676.458482,0.9992805189507044
3676.577684,0.9993366401205163
3676.696886,0.9990434977401962
3676.816088,0.9994909296203182
3676.93529,0.9998180465555362
3677.054492,0.9992711757215318
3677.173694,0.9996865391391248
3677.292896,1.0002019203831767
3677.412098,0.9996272095036511
3677.5313,0.9999838011312031
3677.650502,0.9995503811088817
3677.769704,0.9997064930815857
3677.888906,0.999867008844108
3678.008108,1.0000671922572986
3678.12731,1.0000620129227218
3678.246512,1.000323472305887
3678.365714,1.0000626539626776
3678.484916,1.0002978143378871
3678.604118,0.9995927429516742
3678.72332,0.9998173266868019
3678.842522,0.9993406074948529
3678.961724,0.9995934226749705
3679.080926,1.0000211682240436
3679.200128,0.9995253926617109
3679.31933,0.999336330326206
3679.438532,0.9990208496808191
3679.557734,0.9995554788288246
3679.676936,0.9993800822284697
3679.796138,0.9995991203737182
3679.91534,0.9997975704916184
3680.034542,1.0000463660748733
3680.153744,0.9999768522679129
3680.272946,0.9993521099714417
3680.392148,0.9999897250527876
3680.51135,0.9997231083415731
3680.630552,0.9998881962505051
3680.749754,0.9998117277254496
3680.868956,0.9996851895632078
3680.988158,1.0002688861434001
3681.10736,0.9998519809558999
3681.226562,1.0003062168748182
3681.345764,0.9999841131261977
3681.464966,0.9991606324661747
3681.584168,0.9998215059319621
3681.70337,0.9997803941169028
3681.822572,1.0001941988541565
3681.941774,0.9996765723140142
3682.060976,1.0000781570541035
3682.180178,1.0002362178950541
3682.29938,0.9997399938074703
3682.418582,1.0004685797492079
3682.537784,1.0001447804796821
3682.656986,0.9999150756062805
3682.776188,0.9994685912476734
3682.89539,0.999434360034636
3683.014592,1.000000189700018
3683.133794,0.9996627168927402
3683.252996,0.9998569402340244
3683.372198,1.0001674940255583
3683.4914,0.9999460484554369
3683.610602,1.000252701923753
3683.729804,0.9996191725331954
3683.849006,1.000612707628682
3683.968208,0.9998904759981915
3684.08741,0.9997638978764942
3684.206612,1.0001621631470219
3684.325814,0.9998578301070972
3684.445016,0.9995356278541359
3684.564218,0.9998300944355856
3684.68342,0.9990755076066591
3684.802622,0.9998545605773385
3684.921824,0.9999851591101271
3685.041026,0.9998134374049658
3685.160228,0.9997330656333193
3685.27943,0.9996702443813393
3685.398632,0.9999124978285383
3685.517834,1.0003209114810758
3685.637036,0.9999169684473102
3685.756238,0.9991024530364567
3685.87544,0.9996940967979285
3685.994642,1.000249831202618
3686.113844,1.0001051355263522
3686.233046,0.9998643092068286
3686.352248,0.9998263050867084
3686.47145,0.9994390274039957
3686.590652,0.9998759276976048
3686.709854,0.9994840131670162
3686.829056,0.9998622994815868
3686.948258,0.99970630313737
3687.06746,0.9995989204539142
3687.186662,0.9999042705823531
3687.305864,1.0002207643648666
3687.425066,0.9998490713908686
3687.544268,1.0001052755410809
3687.66347,0.9996035985878087
3687.782672,0.9996232709802046
3687.901874,0.9998478415772672
3688.021076,0.9988081108647595
3688.140278,0.9985588394706517
3688.25948,0.9982871685729336
3688.378682,0.9971107818475551
3688.497884,0.9978341488477228
3688.617086,0.9983163189838499
3688.736288,0.9993815113430091
3688.85549,0.999030859919884
3688.974692,0.9991618014847985
3689.093894,0.9999659915782995
3689.213096,0.9997940112186029
3689.332298,0.999361503925427
3689.4515,0.9993723070816753
3689.570702,1.0001606929097226
3689.689904,0.9997911218180857
3689.809106,1.0002365279683298
3689.928308,0.999500364859228
3690.04751,0.9993928443936061
3690.166712,0.9997934613320479
3690.285914,0.9997136709999747
3690.405116,1.0001933586913825
3690.524318,0.999900690931472
3690.64352,0.9998804671446211
3690.762722,0.999334521529085
3690.881924,0.9997646476996989
3691.001126,0.9994353294864354
3691.120328,0.9989714293418075
3691.23953,0.998871537193564
3691.358732,0.9985567424992907
3691.477934,0.9994168900747106
3691.597136,0.9994806249219546
3691.716338,0.9998715482506325
3691.83554,1.000208551743892
3691.954742,1.0001902380929715
3692.073944,1.00036137528032
3692.193146,0.999835153588663
3692.312348,0.9997580392772184
3692.43155,0.9994978161365473
3692.550752,0.9996781018203399
3692.669954,0.9999936029204614
3692.789156,0.9999079942327902
3692.908358,0.9998198362314413
3693.02756,0.9999306234066672
3693.146762,0.99933967810852
3693.265964,0.99999550111012
3693.385166,1.0000293984321253
3693.504368,0.9992572759561507
3693.62357,0.9996192425065399
3693.742772,1.0000903220787933
3693.861974,1.000205181046752
3693.981176,0.9999168824544546
3694.100378,0.9998930857157395
3694.21958,1.0002539422378725
3694.338782,1.0006594373332585
3694.457984,0.9997320059168314
3694.577186,0.9996571687800575
3694.696388,0.9994630841909076
3694.81559,0.9994983158855802
3694.934792,1.000212382549981
3695.053994,0.9999321413025056
3695.173196,0.9993708479991722
3695.292398,0.9997576493716591
3695.4116,1.0000322245191986
3695.530802,0.9995502911493515
3695.650004,0.999927489629004
3695.769206,1.0000090429408872
3695.888408,0.9997496913324432
3696.00761,1.0002372481388893
3696.126812,1.0001305185168006
3696.246014,0.9998393729019139
3696.365216,0.9996101260206195
3696.484418,0.9996915375843165
3696.60362,0.9997437128471647
3696.722822,0.9996384053910945
3696.842024,0.9993650516650632
3696.961226,0.9999488843064516
3697.080428,1.000173785098881
3697.19963,0.9996423439741707
3697.318832,1.0001875975942283
3697.438034,0.9996658358452825
3697.557236,0.9996402347310501
3697.676438,0.9996692846983655
3697.79564,0.9997667172146615
3697.914842,0.9995901540098227
3698.034044,1.0001494111607359
3698.153246,1.0000335095614328
3698.272448,0.9996472222407122
3698.39165,1.0004563641024258
3698.510852,1.0000170631455738
3698.630054,0.9997341253509306
3698.749256,0.999527791525532
3698.868458,0.9995321294855605
3698.98766,1.0006862153380895
3699.106862,1.0001753753764635
3699.226064,0.9992056156904131
3699.345266,0.9999577178939134
3699.464468,0.9994734186926274
3699.58367,0.9998146771743968
3699.702872,0.9997109817738167
3699.822074,0.9996720237959581
3699.941276,0.9995463029516463
3700.060478,1.0001304485076667
3700.17968,0.9998519009677446
3700.298882,0.9996803910858143
3700.418084,1.0002831600822497
3700.537286,0.9996597079124909
3700.656488,0.9998885962058636
3700.77569,0.9996630167916003
3700.894892,1.0001110861696116
3701.014094,0.9999880990708166
3701.133296,0.9992312756200961
3701.252498,0.9995831169199091
3701.3717,1.0000917572094352
3701.490902,1.0001684041783918
3701.610104,0.9993498114642321
3701.729306,0.9988065127730605
3701.848508,0.9990752478470608
3701.96771,0.999519705378407
3702.086912,0.999589094444821
3702.206114,1.0001346690670647
3702.325316,0.9998567002683876
3702.444518,0.9999250408095806
3702.56372,1.0000240922902146
3702.682922,0.9995342884772919
3702.802124,1.000084828597742
3702.921326,0.9994041875667623
3703.040528,0.9994015891192526
3703.15973,0.9998911059293898
3703.278932,0.9999121518588739
3703.398134,1.0000670442473651
3703.517336,0.9998623894691978
3703.636538,1.0001352991521049
3703.75574,0.9993299745673564
3703.874942,1.000088332901121
3703.994144,1.0000773729931356
3704.113346,0.9997848931387991
3704.232548,1.0003142993817038
3704.35175,1.000112646344123
3704.470952,0.9998538506808524
3704.590154,0.9998601497799539
3704.709356,0.9996162536494732
3704.828558,0.999757849323209
3704.94776,1.0005064682117364
3705.066962,0.999839122942102
3705.186164,1.0000754838487624
3705.305366,1.000194458904682
3705.424568,0.999752350670159
3705.54377,1.0001341689998553
3705.662972,0.9999457074738926
3705.782174,1.000172134813497
3705.901376,0.9995188158062651
3706.020578,0.9997495413700007
3706.13978,1.0002042708604515
3706.258982,1.00067433726321
3706.378184,1.00013375894493
3706.497386,0.9998465817697805
3706.616588,0.9998096881116054
3706.73579,0.9999744293269353
3706.854992,1.0005407261397004
3706.974194,1.0001644435193535
3707.093396,0.9997637179190089
3707.212598,0.9999637226580387
3707.3318,0.9998949255207098
3707.451002,0.9995646148076525
3707.570204,1.0000240672896126
3707.689406,1.0000499372468228
3707.808608,0.9998733580197727
3707.92781,1.0000879808700898
3708.047012,0.999706003225524
3708.166214,1.0000294204327724
3708.285416,1.0001063556553618
3708.404618,1.0000882408929985
3708.52382,0.9999124968286258
3708.643022,0.9995052724180675
3708.762224,1.0000757738706947
3708.881426,0.999652120524102
3709.000628,0.9998265950363789
3709.11983,0.9997972105645578
3709.239032,0.9990156248154383
3709.358234,0.998536971271525
3709.477436,0.9980377277784326
3709.596638,0.9990550467497832
3709.71584,0.9993601547883073
3709.835042,1.0001604428695807
3709.954244,0.9997128012494592
3710.073446,1.0002785887986536
3710.192648,0.9993121366865139
3710.31185,1.000465408268837
3710.431052,0.998928774172469
3710.550254,1.0005548638800437
3710.669456,1.0000833034695413
3710.788658,0.9994566776530709
3710.90786,1.0000409998404705
3711.027062,1.000153371760246
3711.146264,0.999809758098286
3711.265466,0.9997052034610413
3711.384668,1.0000992959295145
3711.50387,0.9994925587918613
3711.623072,0.9995658842555193
3711.742274,0.9998519209647828
3711.861476,0.9989482534734879
3711.980678,0.9987066371156493
3712.09988,0.9980581877615662
3712.219082,0.9993613540212126
3712.338284,0.9986028768864903
3712.457486,0.9993263669926599
3712.576688,0.9992260096851493
3712.69589,0.999668784863848
3712.815092,0.9996347767102689
3712.934294,1.0000311454850106
3713.053496,1.0005805684646707
3713.172698,0.9999306074077773
3713.2919,0.9998944355723164
3713.411102,0.9996063175132945
3713.530304,0.9997606286538934
3713.649506,0.999969189474654
3713.768708,0.999591143604565
3713.88791,1.0000084911360494
3714.007112,1.0001031453191127
3714.126314,0.9998782474124479
3714.245516,0.9994387175779452
3714.364718,1.0002552825790532
3714.48392,1.000192238475448
3714.603122,0.9996465624737633
3714.722324,1.0001588626173292
3714.841526,0.999881776988891
3714.960728,1.0006072242860686
3715.07993,0.9999984298012328
3715.199132,0.999725997545531
3715.318334,0.9998398528249282
3715.437536,0.999695636328023
3715.556738,0.9996409344794593
3715.67594,0.9996294786599922
3715.795142,0.9997094322229958
3715.914344,0.9997487015807387
3716.033546,1.0001093459778356
3716.152748,1.0000082701341975
3716.27195,0.9999521251460374
3716.391152,1.0002284260852659
3716.510354,1.0007107424578061
3716.629556,0.9999642436392739
3716.748758,0.9999578828869505
3716.86796,1.0003281638339736
3716.987162,1.0004420376698693
3717.106364,0.9998109378744966
3717.225566,1.0002000099993333
3717.344768,1.000132418766591
3717.46397,1.0000531554126988
3717.583172,1.0004807955451438
3717.702374,0.9997761650547802
3717.821576,1.0001412499748383
3717.940778,0.9998572801854418
3718.05998,0.9999120178706545
3718.179182,0.9999709444221215
3718.298384,1.0005109705009736
3718.417586,0.9998608896767385
3718.536788,1.000120007200288
3718.65599,0.9999982596015144
3718.775192,0.9998615795809903
3718.894394,0.9997168600916717
3719.013596,1.000373329670182
3719.132798,0.9997735356469237
3719.252,1.0002184538575696
3719.371202,0.999571881668817
3719.490404,0.9998004699087769
3719.609606,0.9995578277869598
3719.728808,0.9996599578274491
3719.84801,0.9995516705297051
3719.967212,1.0000089613401526
3720.086414,0.9998091382164281
3720.205616,1.000220844382531
3720.324818,1.0002510215006255
3720.44402,1.0002640648589882
3720.563222,1.0005418067242682
3720.682424,0.9999069343308781
3720.801626,0.9999888930616825
3720.920828,0.9998282047584928
3721.04003,1.0001888778351726
3721.159232,0.9994272440873254
3721.278434,0.9998257251876197
3721.397636,1.0003427387214985
3721.516838,0.9999508852061709
3721.63604,1.0002310366848648
3721.755242,0.9998059588284238
3721.874444,0.9999336062041656
3721.993646,0.9997264074332741
3722.112848,0.9994106437386674
3722.23205,0.9993289852311713
3722.351252,0.999861999522942
3722.470454,0.9999814561719389
3722.589656,1.000118467016663
3722.708858,0.9999251388022393
3722.82806,0.999940980741705
3722.947262,0.9999396928185512
3723.066464,0.999744432662897
3723.185666,0.9999626356980629
3723.304868,0.9999655545932566
3723.42407,1.0008301543875702
3723.543272,1.0000221222446932
3723.662474,1.0003143994131387
3723.781676,1.0005401658370507
3723.900878,0.999812207635194
3724.02008,1.000220554318528
3724.139282,0.9998443721112764
3724.258484,0.9996048880772825
3724.377686,0.9998187564266013
3724.496888,1.0003032359667334
3724.61609,0.9999516501688908
3724.735292,0.9997873526126614
3724.854494,1.0001346890697584
3724.973696,0.9992261495768004
3725.092898,1.0002159533145605
3725.2121,0.9998624894554418
3725.331302,1.0000734826997213
3725.450504,1.0004692200493037
3725.569706,1.000120377244759
3725.688908,0.9996239107393028
3725.80811,0.9998998950108389
3725.927312,0.9999836871330563
3726.046514,0.9998528708245589
3726.165716,1.0003062968993188
3726.284918,1.000105885605485
3726.40412,0.9997846931818405
3726.523322,0.9992030077671594
3726.642524,0.9998422924371453
3726.761726,0.9999787202264175
3726.880928,1.000640224856502
3727.00013,0.9998877762975509
3727.119332,0.9995197653495911
3727.238534,1.0001172268705327
3727.357736,0.9998314242104954
3727.476938,1.0005904642554275
3727.59614,1.0001968093644222
3727.715342,1.0001450805231613
3727.834544,1.0002275458846384
3727.953746,1.000201830365008
3728.072948,0.9998905459905272
3728.19215,1.0003821429980388
3728.311352,0.9999013318680203
3728.430554,1.0001029653005626
3728.549756,1.0000398387935436
3728.668958,0.999890805962103
3728.78816,1.0001870774968127
3728.907362,0.9998701484314448
3729.026564,0.9998529908069106
3729.145766,1.0003828932849275
3729.264968,1.0001358392253121
3729.38417,1.0001642834930553
3729.503372,0.9996539798787754
3729.622574,1.0004967433361285
3729.741776,1.0002517516841376
3729.860978,1.0002700864667837
3729.98018,1.000403491380757
3730.099382,1.0002443698534491
3730.218584,0.9999467184195139
3730.337786,1.0001399897976573
3730.456988,1.0001680441178311
3730.57619,0.9999345241436375
3730.695392,0.9997150406086421
3730.814594,1.0000800282020856
3730.933796,1.0000546974958535
3731.052998,1.0000973507382755
3731.1722,0.9998989751033586
3731.291402,1.0002953336023837
3731.410604,0.999538126696329
3731.529806,1.0004284417549618
3731.649008,1.0000551705218372
3731.76821,1.0002086617668386
3731.887412,0.9997983003441112
3732.006614,0.998488643251663
3732.125816,1.0008394721596818
3732.245018,0.9988191976963219
3732.36422,0.9998638692666293
3732.483422,1.0002371881246561
3732.602624,0.9999656165911229
3732.721826,0.999986181095482
3732.841028,1.0009469480724806
3732.96023,0.9996217215653354
3733.079432,0.999882826865308
3733.198634,0.999743332944626
3733.317836,1.000430132480457
3733.437038,1.0004340041525615
3733.55624,1.0000848956034278
3733.675442,1.0002922426945784
3733.794644,0.99997254337694
3733.913846,0.9998954554651608
3734.033048,0.9998386430194381
3734.15225,0.9994987356749612
3734.271452,1.0002640448537072
3734.390654,0.999847451636685
3734.509856,0.9995508708886884
3734.629058,1.0001347190737995
3734.74826,0.9997084625053169
3734.867462,0.9999656045915356
3734.986664,0.9996334372005656
3735.105866,0.9999489123050207
3735.225068,1.0000373376970344
3735.34427,0.9996295686266493
3735.463472,0.9993752452405773
3735.582674,0.9999809481814882
3735.701876,0.9997530904871722
3735.821078,0.9997465221309448
3735.94028,1.0001472008329795
3736.059482,1.0002020003993335
3736.178684,1.000381932917811
3736.297886,0.9999560679650401
3736.417088,0.9997953909352905
3736.53629,1.0002844804568927
3736.655492,0.9987184219234976
3736.774694,0.9993530793434585
3736.893896,0.9990113590278278
3737.013098,0.9993214303326005
3737.1323,1.0004221991009623
3737.251502,1.0003834935148437
3737.370704,0.9998491213833235
3737.489906,0.9996982555340214
3737.609108,0.9999357150663649
3737.72831,1.0002739075058122
3737.847512,1.0003529722800601
3737.966714,0.99943734834784
3738.085916,0.9997472119562831
3738.205118,1.000174415208564
3738.32432,0.9995575179240812
3738.443522,1.0000404378175864
3738.562724,1.00027934901067
3738.681926,1.0002943433104936
3738.801128,1.000127708153992
3738.92033,1.0003846739680624
3739.039532,1.0006854247962917
3739.158734,1.0001882277126133
3739.277936,0.999822275794818
3739.397138,1.0004457793300872
3739.51634,1.000615479329721
3739.635542,1.0003660069642097
3739.754744,0.9999648926162786
3739.873946,0.9998841967057192
3739.993148,1.0000512873151495
3740.11235,1.0000682403282652
3740.231552,1.0001140865073705
3740.350754,0.9999925631276537
3740.469956,1.0000408448341276
3740.589158,0.9998023295393804
3740.70836,0.9998240954730159
3740.827562,1.0002146230282272
3740.946764,0.9994138918285377
3741.065966,1.0000111910626195
3741.185168,0.9996176231246787
3741.30437,1.0000391697671154
3741.423572,1.0002555026352395
3741.542774,0.9999907654426388
3741.661976,1.0006627495214777
3741.781178,1.0000762979105375
3741.90038,1.0002561227938433
3742.019582,0.9997291766792581
3742.138784,1.000046525082258
3742.257986,1.0000717305725144
3742.377188,1.0002628145296888
3742.49639,0.9996187526932311
3742.615592,1.000185407185788
3742.734794,1.0000856916713214
3742.853996,1.0001548819929775
3742.973198,1.0004658584783719
3743.0924,1.0006175906306098
3743.211602,0.999278910110364
3743.330804,0.9996497613478814
3743.450006,0.9999841581254838
3743.569208,1.0001996199214054
3743.68841,0.9999760082878058
3743.807612,0.9993093386164484
3743.926814,0.9996760124952905
3744.046016,0.9988965092941439
3744.165218,0.999329275036619
3744.28442,0.9986821691027744
3744.403622,0.9983261025317152
3744.522824,0.9989114928541597
3744.642026,1.000340848075509
3744.761228,0.998212599306638
3744.88043,0.9988011192324542
3744.999632,0.9987089341435563
3745.118834,0.9993117269686218
3745.238036,0.999967525527307
3745.357238,1.0000979577975517
3745.47644,0.9998827668723402
3745.595642,0.9996960262093972
3745.714844,1.00011344643456
3745.834046,1.0001679340993523
3745.953248,1.0001955491172365
3746.07245,0.9999936048204493
3746.191652,1.0001549019960754
3746.310854,0.9998277148427925
3746.430056,1.0003653267155563
3746.549258,0.9997289867307325
3746.66846,1.0006000299459896
3746.787662,1.0004825563928936
3746.906864,1.0004377557871114
3747.026066,1.0003040462126829
3747.145268,1.0000213662282547
3747.26447,0.9995385465024305
3747.383672,0.9997001249715072
3747.502874,0.9996520605449766
3747.622076,1.0003962784975866
3747.741278,0.9995840865160027
3747.86048,1.0001276681488847
3747.979682,1.0004199081367495
3748.098884,1.0005598866780676
3748.218086,1.0000656761565843
3748.337288,1.0002081316563882
3748.45649,1.0000825134040436
3748.575692,0.9993920848553329
3748.694894,0.9999118578847446
3748.814096,1.000286030899039
3748.933298,0.9993224196613062
3749.0525,0.9998986051408062
3749.171702,0.998906298527902
3749.290904,0.999701594531771
3749.410106,0.9987003452836548
3749.529308,0.9981827531961203
3749.64851,0.9987984224730728
3749.767712,0.9988084105072377
3749.886914,1.0001426001664373
3750.006116,1.000346830131667
3750.125318,0.9999551860041771
3750.24452,0.9999188392937083
3750.363722,0.9998800671925142
3750.482924,1.0001837968885787
3750.602126,1.0003904261964753
3750.721328,1.0000634220110907
3750.84053,0.999857450161194
3750.959732,1.0001540918709328
3751.078934,0.9998357434915777
3751.198136,1.0000854986548016
3751.317338,0.9999334652135371
3751.43654,0.9999323682871274
3751.555742,0.9993991006123939
3751.674944,0.9998331139270302
3751.794146,0.9996446831399924
3751.913348,0.9987260122123472
3752.03255,0.9988223939228684
3752.151752,0.9983642393172398
3752.270954,0.9986065717239703
3752.390156,0.9991984813877866
3752.509358,0.9987833407307609
3752.62856,0.9994427053463839
3752.747762,0.9991300186534019
3752.866964,0.9999182443421759
3752.986166,1.000077710019267
3753.105368,1.0001804462784716
3753.22457,1.0000949665090335
3753.343772,0.999989413056042
3753.462974,1.0003605249735124
3753.582176,1.0003297643603162
3753.701378,0.9999655485934633
3753.82058,0.9996618072000818
3753.939782,1.0000418388752212
3754.058984,0.9999784222328034
3754.178186,1.0005817691620733
3754.297388,1.0003508415304985
3754.41659,0.9999913687372496
3754.535792,1.0002307966294448
3754.654994,1.0001361492674703
3754.774196,1.0005705927261324
3754.893398,1.00032941424496
3755.0126,1.0003253229060225
3755.131802,1.000319130911438
3755.251004,1.0003598947465802
3755.370206,1.0000552345253702
3755.489408,0.9997321558766435
3755.60861,0.999604688156325
3755.727812,1.0002684660305563
3755.847014,1.0001673139954255
3755.966216,1.0001868774594174
3756.085418,1.0000069135238983
3756.20462,1.0002477106752237
3756.323822,0.9998919358393521
3756.443024,0.99968761880117
3756.562226,0.9997471619689238
3756.681428,0.9995559686111292
3756.80063,0.9997835034387635
3756.919832,0.9999376179458412
3757.039034,1.0006432167752473
3757.158236,1.0004673891923064
3757.277438,0.9996741730931197
3757.39664,1.0002959437827232
3757.515842,1.0004385361288652
3757.635044,1.000161483036982
3757.754246,1.000479144753193
3757.873448,1.0002501212751111
3757.99265,0.9997718160379213
3758.111852,1.0008694477507551
3758.231054,0.99952345358433
3758.350256,0.9997530804896414
3758.469458,1.0007587977414572
3758.58866,1.000019704194125
3758.707862,1.0001413099833152
3758.827064,0.9996107757674126
3758.946266,0.9999031116939752
3759.065468,0.9998291845906137
3759.18467,0.999528481199946
3759.303872,0.9992650102373981
3759.423074,1.000403271292013
3759.542276,0.9999258577486726
3759.661478,0.9995726713309155
3759.78068,0.999077875418418
3759.899882,0.9991798465098795
3760.019084,0.9996489916178615
3760.138286,0.9992121305322658
3760.257488,1.0000555285416524
3760.37669,1.000068762364023
3760.495892,1.000007397027358
3760.615094,1.0003406280005467
3760.734296,1.0000664242059898
3760.853498,1.0005113607003282
3760.9727,1.0003251528507322
3761.091902,1.0007731687409762
3761.211104,1.0001903981234224
3761.330306,1.0003173803544907
3761.449508,1.0001828167089382
3761.56871,1.0008141312250642
3761.687912,1.0004937018306517
3761.807114,1.0004247601850702
3761.926316,1.0004195179730615
3762.045518,1.0001666038768846
3762.16472,1.0003631959396797
3762.283922,1.0004089235864635
3762.403124,1.0004904802461185
3762.522326,1.0004389863263077
3762.641528,0.9999322892924735
3762.76073,1.0002707666506738
3762.879932,1.000443838467158
3762.999134,0.999916856456616
3763.118336,1.0005395455023403
3763.237538,1.0004390463526487
3763.35674,1.0002451600468136
3763.475942,1.0000717485738058
3763.595144,1.000118427011925
3763.714346,1.000155202042591
3763.833548,1.0002222346904708
3763.95275,1.0001140765062297
3764.071952,1.0004357048918142
3764.191154,1.0001038153884445
3764.310356,1.0010441447399603
3764.429558,1.0002220046393833
3764.54876,1.0002232949266014
3764.667962,1.000912055670049
3764.787164,1.000028605409127
3764.906366,1.0004695602088964
3765.025568,1.0005054476956594
3765.14477,0.9999403457793837
3765.263972,1.0010889925222275
3765.383174,0.9997913717658974
3765.502376,1.0000149181112739
3765.621578,0.9998241554624634
3765.74078,0.999365681265244
3765.859982,0.9997789744297512
3765.979184,0.9999227289855587
3766.098386,1.0000047112110977
3766.217588,1.000259993792529
3766.33679,1.0005115507975046
3766.455992,1.000633850798571
3766.575194,1.0001258579194434
3766.694396,1.0006344711917508
3766.813598,1.000259983789929
3766.9328,1.0000016539013676
3767.052002,0.9999754113023069
3767.171204,1.0007595182880509
3767.290406,1.0001428702049757
3767.409608,1.000603982323914
3767.52881,1.0007875199311136
3767.648012,1.0003592345092676
3767.767214,1.0003959283589503
3767.886416,1.0003353162059148
3768.005618,1.0002721270198416
3768.12482,1.0000337865707534
3768.244022,1.000224215132456
3768.363224,1.0000566766060581
3768.482426,1.0002047809647596
3768.601628,1.000613368033287
3768.72083,0.9999879300728421
3768.840032,0.9998503711955063
3768.959234,1.0001515714857971
3769.078436,0.9999775672516179
3769.197638,1.0002743276209416
3769.31684,1.0003569236821048
3769.436042,1.0002498111976217
3769.555244,0.9998155870061669
3769.674446,0.9995984906264708
3769.793648,0.9984461085414562
3769.91285,0.9994460434905945
3770.032052,0.9993228293835823
3770.151254,0.9999906266439301
3770.270456,0.9998573001825877
3770.389658,1.000012132073593
3770.50886,1.0004341041959668
3770.628062,1.0001990898157473
3770.747264,0.9998755077498034
3770.866466,1.0003057067187777
3770.985668,1.000525758162398
3771.10487,1.000336376561912
3771.224072,1.0006413255613547
3771.343274,1.0003080274307092
3771.462476,1.0002345174949292
3771.581678,0.9998135073919088
3771.70088,1.0005802983079537
3771.820082,0.9999758442917538
3771.939284,1.0002646250070215
3772.058486,1.000109065947258
3772.177688,1.0002054911104064
3772.29689,1.0003870348786787
3772.416092,1.0006958319788268
3772.535294,1.0004845973793903
3772.654496,1.0001007950794827
3772.773698,1.0001678040775295
3772.8929,1.0000850116132824
3773.012102,1.000048311166947
3773.131304,0.9998731780425845
3773.250506,1.000036945682475
3773.369708,1.0000641010543847
3773.48891,1.0005428672991454
3773.608112,1.0002878414183933
3773.727314,1.0002235749891633
3773.846516,0.9998934556762497
3773.965718,1.0000536964416022
3774.08492,1.0000887749402618
3774.204122,1.0003969887791964
3774.323324,1.000327023460517
3774.442526,1.0005656399139564
3774.561728,1.0000474381251523
3774.68093,1.0002392986273496
3774.800132,0.9999113219321323
3774.919334,1.0001601428214928
3775.038536,1.000242019281942
3775.157738,1.000664680802448
3775.27694,0.9996875488230391
3775.396142,1.000092909315803
3775.515344,1.0006547042253136
3775.634546,1.0006779997379867
3775.753748,1.0001982496488648
3775.87295,1.000695161512844
3775.992152,1.0002473105762195
3776.111354,1.0002126926158676
3776.230556,1.0006906984223765
3776.349758,0.9999949772126142
3776.46896,0.9998489714059665
3776.588162,1.0006017609855389
3776.707364,1.000551381955176
3776.826566,1.0007296260476823
3776.945768,1.0001960592170966
3777.06497,0.9999818111654188
3777.184172,1.0003718491187497
3777.303374,1.000021803237687
3777.422576,1.0005922353021166
3777.541778,1.0004251103337976
3777.66098,0.999852540873166
3777.780182,1.0003134391117763
3777.899384,1.0001819465502662
3778.018586,1.0006308088762883
3778.137788,1.0002858508475696
3778.25699,1.0002048109709036
3778.376192,0.9997687167500955
3778.495394,1.0001160667352225
3778.614596,1.0003579640538465
3778.733798,1.000306456948339
3778.853,1.0004832967502593
3778.972202,0.9999377039404801
3779.091404,1.0004116447024365
3779.210606,0.9997070829085906
3779.329808,0.9996922673594053
3779.44901,0.9995414051867614
3779.568212,0.9994885108551952
3779.687414,0.9997049835259207
3779.806616,0.99990725730087
3779.925818,0.9998245153992241
3780.04502,1.0004710509096517
3780.164222,1.0007959365895482
3780.283424,1.0004902901529453
3780.402626,1.0003806924449832
3780.521828,0.9997830935276112
3780.64103,1.00100690659041
3780.760232,1.0001765455823373
3780.879434,1.000117316881087
3780.998636,1.0000137340943118
3781.117838,0.9998419124971464
3781.23704,1.0004082733208746
3781.356242,1.0008043433107239
3781.475444,1.0001840669382405
3781.594646,1.000439246440478
3781.713848,0.9998397128473585
3781.83305,1.0010769795263954
3781.952252,0.9998036992695102
3782.071454,1.0004512317744423
3782.190656,1.0002495511327045
3782.309858,1.0006191415890773
3782.42906,1.0003840637335975
3782.548262,1.000180496287495
3782.667464,1.0003105982256433
3782.786666,1.0002125225797243
3782.905868,1.0000199781995616
3783.02507,1.0005039969638119
3783.144272,1.0006703746006804
3783.263474,1.0002620243223774
3783.382676,1.0003040362096423
3783.501878,1.0003766109000845
3783.62108,1.0006435670004343
3783.740282,1.0004221690882968
3783.859484,1.000458835232697
3783.978686,1.0002564528784184
3784.097888,1.0001428001949773
3784.21709,1.000322311931332
3784.336292,1.0003761707344725
3784.455494,1.0002574431327969
3784.574696,1.000519224750529
3784.693898,0.9998750078121745
3784.8131,1.0005018758975868
3784.932302,1.0004895597953003
3785.051504,1.0004787345568278
3785.170706,1.0003384772705086
3785.289908,1.0001838869051245
3785.40911,1.0001668639202355
3785.528312,1.0003911764895763
3785.647514,1.0008497908678324
3785.766716,0.9999695714629573
3785.885918,0.9999258327505265
3786.00512,1.0005875025120365
3786.124322,0.9999790472195126
3786.243524,1.0002236350025797
3786.362726,1.000456083974683
3786.481928,1.0002404789104185
3786.60113,1.0005416766538417
3786.720332,1.0008194155376278
3786.839534,1.0006037922091753
3786.958736,1.0000008788103862
3787.077938,1.0002762081384453
3787.19714,1.0004975537388188
3787.316342,1.000125427865417
3787.435544,1.000550891685119
3787.554746,1.0004075130108758
3787.673948,1.000213612811968
3787.79315,1.0003621055443905
3787.912352,1.0000795151611628
3788.031554,1.000368187764482
3788.150756,1.0005294200933743
3788.269958,0.9999797232055769
3788.38916,1.0004680595056816
3788.508362,0.999841062631882
3788.627564,0.9999317803270678
3788.746766,1.000226725698387
3788.865968,1.0003256630166901
3788.98517,1.000108505886338
3789.104372,1.00007265063893
3789.223574,0.9998041191871521
3789.342776,1.0007431159739635
3789.461978,0.9998940056178015
3789.58118,0.9998440521611286
3789.700382,1.000490140079413
3789.819584,1.0006544040289473
3789.938786,1.0003944877898507
3790.057988,0.9999781322391029
3790.17719,0.9998401627753305
3790.296392,1.0002595336730375
3790.415594,1.0003429988106445
3790.534796,1.0004990044613233
3790.653998,1.0002625444587652
3790.7732,1.0004241799388776
3790.892402,1.0001365193179141
3791.011604,1.000506438196543
3791.130806,1.000314009290599
3791.250008,1.0004842372050002
3791.36921,1.000459865705828
3791.488412,1.0002614141627286
3791.607614,1.0000745207765351
3791.726816,1.0009518827530988
3791.846018,1.0007363409660017
3791.96522,1.0008772045190326
3792.084422,0.9999408107517527
3792.203624,1.0002215545395825
3792.322826,0.9999229369695078
3792.442028,0.9999364070221192
3792.56123,1.0001753253676962
3792.680432,1.0001339089650052
3792.799634,1.0002386684767899
3792.918836,1.0002493210753343
3793.038038,0.9999995027001236
3793.15724,1.0000671192523962
3793.276442,1.0004125750856987
3793.395644,1.0005904542495228
3793.514846,1.0003472102635345
3793.634048,1.0005727839781298
3793.75325,1.0002304165418143
3793.872452,0.9998988351175119
3793.991654,1.000149321147293
3794.110856,1.0006567555695598
3794.230058,0.9998117977122729
3794.34926,1.0003905562472393
3794.468462,1.000161563049904
3794.587664,1.000200660129551
3794.706866,1.000217603672245
3794.826068,1.0005250577946125
3794.94527,1.0000778680315578
3795.064472,1.000098888889184
3795.183674,1.0003350061020149
3795.302876,1.000245450117952
3795.422078,1.0000994799478018
3795.54128,1.000501865892568
3795.660482,1.0000743427632863
3795.779684,1.0002171935831117
3795.898886,1.0000464570790968
3796.018088,1.0001776157718136
3796.13729,0.9998872763537877
3796.256492,0.9992407483774898
3796.375694,0.9991113350967449
3796.494896,0.9995821573205774
3796.614098,0.9993204609912831
3796.7333,0.999592433077972
3796.852502,1.0000303894617504
3796.971704,1.0004464196155909
3797.090906,1.0001462006862787
3797.210108,0.9999476693692952
3797.32931,1.0006387138909032
3797.448512,0.9998989451063898
3797.567714,1.0003734697224578
3797.686916,0.9998772275371557
3797.806118,1.0002923727325783
3797.92532,0.9997166001653219
3798.044522,1.000257993274542
3798.163724,1.0007079204574914
3798.282926,0.9998121576445849
3798.402128,1.0003291641626377
3798.52133,1.0000962486316023
3798.640532,0.9998066586928399
3798.759734,1.0001411499607185
3798.878936,1.000419788086368
3798.998138,1.0002255754383138
3799.11734,1.0001645435358029
3799.236542,1.0001606929097226
3799.355744,0.9999788392238924
3799.474946,1.0002598537561396
3799.594148,1.0001168368248903
3799.71335,0.9995697725743719
3799.832552,0.9995356778309185
3799.951754,1.000411904809498
3800.070956,1.0001813064340253
3800.190158,1.000382233032436
3800.30936,0.9998664789147337
3800.428562,1.0001011251127996
3800.547764,0.9999794562110266
3800.666966,0.999858450019144
3800.786168,0.999600799701651
3800.90537,0.9995394960645007
3801.024572,0.9990705522044308
3801.143774,0.9992758922926124
3801.262976,0.9987124296309429
3801.382178,0.9988111072935867
3801.50138,0.9976715151364681
3801.620582,0.9981578987550048
3801.739784,0.9984101651285341
3801.858986,0.9995432943218023
3801.978188,0.999701864451238
3802.09739,0.9997658974062895
3802.216592,0.9999248578233147
3802.335794,1.000439846704206
3802.454996,1.000303025903076
3802.574198,0.9998900260475785
3802.6934,1.0002328871139943
3802.812602,0.9996276593359966
3802.931804,0.9999288515311724
3803.051006,0.9999210261186011
3803.170208,1.0002088818127683
3803.28941,1.0001155966807815
3803.408612,0.9998843266906732
3803.527814,1.000416586748168
3803.647016,0.9996014694344112
3803.766218,1.0004184575289345
3803.88542,1.0001148966001088
3804.004622,1.0002879114385446
3804.123824,1.0002240951055577
3804.243026,0.9999304614179193
3804.362228,1.0001081258451778
3804.48143,1.0003741699841318
3804.600632,1.0000888099433696
3804.719834,1.0000957775863801
3804.839036,1.000155612106308
3804.958238,1.000072140602008
3805.07744,1.0001782558856926
3805.196642,0.9998237355364062
3805.315844,1.0005530328663181
3805.435046,0.9998878662874547
3805.554248,0.9999875030780871
3805.67345,1.0003875750878235
3805.792652,1.0005027763496803
3805.911854,1.0002329071186522
3806.031056,0.999864739148574
3806.150258,0.9999284575592825
3806.26946,0.9996388452320896
3806.388662,0.9998525508716914
3806.507864,0.9997667172146615
3806.627066,0.9993707480620924
3806.746268,0.99888192551157
3806.86547,0.9985972847260378
3806.984672,0.9999088211570434
3807.103874,0.9985804085745298
3807.223076,0.9987443889400374
3807.342278,0.9994854824095954
3807.46148,0.9999790142202045
3807.580682,0.9995702923507888
3807.699884,1.0002804593213637
3807.819086,1.000357003710662
3807.938288,1.0003975289937161
3808.05749,1.0002293262912545
3808.176692,1.0006419759784277
3808.295894,1.0001254578691803
3808.415096,0.9998211359980733
3808.534298,1.000132998843562
3808.6535,0.9996062275487301
3808.772702,1.000039640785675
3808.891904,1.0004565041663265
3809.011106,0.9998785273783964
3809.130308,1.0003602748834124
3809.24951,1.0000489411975813
3809.368712,0.9995096002852669
3809.487914,1.0001190270831612
3809.607116,1.00036541674844
3809.726318,0.9997928714540798
3809.84552,1.0003233522670776
3809.964722,0.9997879024958566
3810.083924,1.0002149831055565
3810.203126,0.999960639774634
3810.322328,1.000027295372512
3810.44153,1.000466068576224
3810.560732,0.9999735653494015
3810.679934,1.0001202472291186
3810.799136,0.99982199584462
3810.918338,1.0001234576202649
3811.03754,1.0001502012790826
3811.156742,0.9999397218168027
3811.275944,1.000180736330843
3811.395146,0.9997923015723055
3811.514348,1.0002483808414144
3811.63355,0.9998054089352977
3811.752752,1.000782245794781
3811.871954,1.0001335789208696
3811.991156,0.9997009147349178
3812.110358,1.0001107461319
3812.22956,1.000184407000881
3812.348762,0.9997903319834115
3812.467964,0.9992039370263888
3812.587166,0.9997686567639743
3812.706368,1.000136929373971
3812.82557,1.0002408690042812
3812.944772,1.000543067407739
3813.063974,1.0003009252689272
3813.183176,0.9999558629740672
3813.302378,1.0003292141790971
3813.42158,0.9999701134466119
3813.540782,1.0002556026607947
3813.659984,1.0005177239728174
3813.779186,1.000204290864537
3813.898388,0.9995186858688274
3814.01759,1.000291482472763
3814.136792,0.9998877962953066
3814.255994,1.0002518617118363
3814.375196,1.0000937383931687
3814.494398,1.0001535617894046
3814.6136,1.0000123040756945
3814.732802,0.9996670454416756
3814.852004,0.9998683286694307
3814.971206,0.9996880686606997
3815.090408,1.0002350976311174
3815.20961,0.9999596238151401
3815.328812,0.999663766539144
3815.448014,0.9993184523591753
3815.567216,0.9999804371913542
3815.686418,0.9991300386360025
3815.80562,0.9991679663321322
3815.924822,0.9988931130517859
3816.044024,0.9993974216233152
3816.163226,0.9981098885147301
3816.282428,0.9984390195992513
3816.40163,0.9988040157598999
3816.520832,0.9997199192299441
3816.640034,0.9996887284550428
3816.759236,0.9994401067987282
3816.878438,1.0000102990530348
3816.99764,0.9998691685591795
3817.116842,0.9995704422863438
3817.236044,0.9999325532746327
3817.355246,1.0001516014903447
3817.474448,1.0004882291450705
3817.59365,1.0000425279042857
3817.712852,0.999759948816897
3817.832054,0.9996785216852309
3817.951256,1.0001870074837198
3818.070458,0.9999196082315914
3818.18966,0.9992874339958215
3818.308862,1.000239328634529
3818.428064,1.0004766635679907
3818.547266,0.9997230783498803
3818.666468,1.0004693601150043
3818.78567,1.0001008450845237
3818.904872,0.9999777502475294
3819.024074,1.0003757905915998
3819.143276,1.0000066734222672
3819.262478,1.000344919471046
3819.38168,0.999619992221253
3819.500882,0.9995423647469709
3819.620084,1.0000540554609438
3819.739286,0.9990645378178098
3819.858488,0.9993902859511992
3819.97769,0.9993335621684047
3820.096892,0.9997705963170498
3820.216094,0.9997649176361901
3820.335296,0.9999946541142893
3820.454498,0.9994011493826501
3820.5737,0.999071561266198
3820.692902,0.9993205909029516
3820.812104,0.9983989829973047
3820.931306,0.9995428045457081
3821.050508,0.9992260296696697
3821.16971,0.9997387441332591
3821.288912,0.9996733433639003
3821.408114,0.9993188021206948
3821.527316,0.999403068234699
3821.646518,0.9987701568776769
3821.76572,0.9986943530995597
3821.884922,0.99861216393643
3822.004124,0.9992374408960866
3822.123326,0.999620012213653
3822.242528,0.999823335606992
3822.36173,1.000174245178928
3822.480932,1.0003246626915272
3822.600134,0.9997163702305303
3822.719336,0.999691337646029
3822.838538,0.9996893382653531
3822.95774,1.0002327670860551
3823.076942,1.0004506815264163
3823.196144,1.0000319775112698
3823.315346,0.9998664189227467
3823.434548,0.9999999929173
3823.55375,1.0002798091392764
3823.672952,1.0000217992376
3823.792154,1.0007442668292086
3823.911356,1.0001038153884445
3824.030558,0.999882446909906
3824.14976,1.00003554363166
3824.268962,1.000057268639786
3824.388164,0.9997874925829006
3824.507366,1.0002935230694685
3824.626568,0.9994574872133076
3824.74577,0.9996070372301022
3824.864972,0.9998444321019406
3824.984174,1.000034121582128
3825.103376,1.0003444393055998
3825.222578,0.9998574701583431
3825.34178,0.9995298205690082
3825.460982,1.000178045848281
3825.580184,0.9998276748496847
3825.699386,0.9999711524160996
3825.818588,1.000394447774072
3825.93779,0.9996797412937712
3826.056992,0.9998447320553152
3826.176194,0.9998781174282843
3826.295396,0.9994311718441127
3826.414598,0.9995013443700655
3826.5338,0.9995994802294663
3826.653002,0.9994695607326771
3826.772204,0.9995275616341663
3826.891406,0.9990944402669146
3827.010608,0.9996005498014824
3827.12981,0.9999958217087291
3827.249012,0.999859249906224
3827.368214,1.0001359592416201
3827.487416,1.000207661558677
3827.606618,0.9994896902523338
3827.72582,0.9998646491607515
3827.845022,0.9996833301504845
3827.964224,1.0003247327142561
3828.083426,1.0003268834147434
3828.202628,1.0004993846510173
3828.32183,0.99964561280998
3828.441032,0.9998614096045363
3828.560234,1.0002839303005795
3828.679436,0.9995208848123552
3828.798638,1.0002690661918159
3828.91784,1.0002470105020713
3829.037042,1.0002975742664406
3829.156244,0.9993751552968092
3829.275446,0.9995284712046613
3829.394648,0.9997574294250005
3829.51385,1.0002769383403438
3829.633052,0.9998925257757683
3829.752254,1.000510310163951
3829.871456,1.0005114107258974
3829.990658,0.9996742130800874
3830.10986,0.9995481621094988
3830.229062,1.000045603039787
3830.348264,1.0001890478672963
3830.467466,0.9998741779162624
3830.586668,1.0001472608418134
3830.70587,1.0001192371081788
3830.825072,1.0000107870581798
3830.944274,0.9998966253435281
3831.063476,0.9998585400064086
3831.182678,1.000213152713812
3831.30188,0.9999997353900351
3831.421082,1.00013375894493
3831.540284,0.9987090340144548
3831.659486,0.9992149583065965
3831.778688,0.9989689319163559
3831.89789,0.9988774305530188
3832.017092,0.9995859657358518
3832.136294,1.000282259827811
3832.255496,1.0003103381449217
3832.374698,0.9998513910434051
3832.4939,0.9997185796061498
3832.613102,0.9997645177303031
3832.732304,0.9997030740912257
3832.851506,0.999832644005577
3832.970708,1.000431172928336
3833.08991,0.9998592599048165
3833.209112,0.9997170500378932
3833.328314,1.0000146081066974
3833.447516,1.0000867207600277
3833.566718,1.0003225119958146
3833.68592,1.000627957082547
3833.805122,0.9996906078716189
3833.924324,1.0000553225302347
3834.043526,0.9998318441397818
3834.162728,0.9998370532772596
3834.28193,1.0003678676467131
3834.401132,0.9997184996286667
3834.520334,0.9998741579187791
3834.639536,0.9998086083177253
3834.758738,0.9996129449251495
3834.87794,0.9990392817855314
3834.997142,0.9987746513534954
3835.116344,0.9993683995435939
3835.235546,0.9994405365580665
3835.354748,0.9998886162036357
3835.47395,0.9992631715914708
3835.593152,0.9996102159855349
3835.712354,0.9992261495768004
3835.831556,0.999553679630582
3835.950758,0.9996487417056449
3836.06996,0.9996730834488649
3836.189162,0.9997471819638671
3836.308364,0.999412532626569
3836.427566,1.0000236002784821
3836.546768,0.9998336638353941
3836.66597,1.0002367080109211
3836.785172,0.9996983655008356
3836.904374,0.9997618283673676
3837.023576,0.9997310661691876
3837.142778,0.9995085408056522
3837.26198,0.9999665465595788
3837.381182,0.9997665272590033
3837.500384,0.9993819210895127
3837.619586,0.9987215179554043
3837.738788,0.998136538404528
3837.85799,0.9999002199783575
3837.977192,0.9967644457240091
3838.096394,0.9982562221503799
3838.215596,0.9991730321265633
3838.334798,0.99926267196001
3838.454,0.9995099800989872
3838.573202,0.9995737108870343
3838.692404,0.9999663085675691
3838.811606,0.9993484623428972
3838.930808,0.9995762498074844
3839.05001,0.9997141208712278
3839.169212,0.9998537007027861
3839.288414,0.9998877862964287
3839.407616,0.9993901960060775
3839.526818,0.9998030793914088
3839.64602,1.0000669092383232
3839.765222,1.0002392586177784
3839.884424,0.9998790173189949
3840.003626,0.9995556787399403
3840.122828,0.9992379505073113
3840.24203,0.9996262398657282
3840.361232,0.9988336806796898
3840.480434,1.0000219952418918
3840.599636,0.9994163004189194
3840.718838,0.99933142359687
3840.83804,0.9992424770654798
3840.957242,0.9987839400009452
3841.076444,0.9990387223236902
3841.195646,0.9992219428435659
3841.314848,0.9996329473803014
3841.43405,1.00009739474256
3841.553252,0.9997630780704341
3841.672454,0.9995114993553116
3841.791656,0.9998389029775191
3841.910858,0.9997053734109403
3842.03006,1.0000740937448058
3842.149262,0.9993571667059117
3842.268464,0.9997251777705491
3842.387666,0.9998121176520993
3842.506868,1.0007935246742474
3842.62607,0.9999500302485296
3842.745272,1.0003389074161462
3842.864474,1.000208941825303
3842.983676,1.0000781830561358
3843.102878,1.0003897459312168
3843.22208,0.9996991852538313
3843.341282,0.9995762697990096
3843.460484,0.9992034374245452
3843.579686,0.9995752902147451
3843.698888,0.9991126439334511
3843.81809,0.9993249479502262
3843.937292,0.9997523906602539
3844.056494,0.9996432536491177
3844.175696,0.9998445420848342
3844.294898,0.9994998051391805
3844.4141,0.9995248229323994
3844.533302,1.0001095960052033
3844.652504,1.000236688006187
3844.771706,0.9999075362750337
3844.890908,1.0002040908236989
3845.01011,1.0000823993946437
3845.129312,0.9995456332558477
3845.248514,1.0002165634464781
3845.367716,1.0002171035635683
3845.486918,1.0003251628539838
3845.60612,0.9997993401348843
3845.725322,1.0003156298006068
3845.844524,0.9997000050074993
3845.963726,0.9998444421003849
3846.082928,1.0000129250835281
3846.20213,0.999884586660632
3846.321332,0.999934349155111
3846.440534,0.9995259324055686
3846.559736,0.9996073071240388
3846.678938,0.9996485717653733
3846.79814,0.9999977330025697
3846.917342,0.9996639564752777
3847.036544,0.999713391080186
3847.155746,1.000080896271927
3847.274948,1.000178695964222
3847.39415,1.00013021847769
3847.513352,0.9999557809776898
3847.632554,0.9998776974795631
3847.751756,1.000086147710501
3847.870958,1.0001369593780793
3847.99016,1.0002393086297428
3848.109362,0.9997308562256857
3848.228564,0.999871708230093
3848.347766,0.9997055233667577
3848.466968,0.9998758777038097
3848.58617,0.9993482324927774
3848.705372,1.0000295524366647
3848.824574,1.0004239698498218
3848.943776,0.999194464617965
3849.062978,0.9995912835473348
3849.18218,0.9999066853540824
3849.301382,1.0000625179541658
3849.420584,0.9997722659353397
3849.539786,0.9995282213225747
3849.658988,0.9997412034935946
3849.77819,0.9997991801670026
3849.897392,0.9994279236980824
3850.016594,0.9994557581533504
3850.135796,1.000073093671212
3850.254998,1.0002249653008988
3850.3742,0.9997226684635021
3850.493402,0.9996966260271929
3850.612604,0.9999999768380002
3850.731806,0.9995781290126005
3850.851008,1.0004638475440173
3850.97021,1.0003112884401941
3851.089412,1.000168884259341
3851.208614,0.9997251877678011
3851.327816,0.9994212775244884
3851.447018,0.9996813707730776
3851.56622,0.9998396428585811
3851.685422,0.9996549495436061
3851.804624,0.9989978025356668
3851.923826,0.9988671421684694
3852.043028,1.001033633831623
3852.16223,0.998363839971624
3852.281432,0.9985824057373441
3852.400634,0.9994206578834884
3852.519836,0.9996822205026039
3852.639038,0.9997649276338394
3852.75824,0.9998758077125007
3852.877442,0.9997384042221439
3852.996644,0.9996740131452648
3853.115846,0.9994433649787872
3853.235048,0.999555638757714
3853.35425,0.999456327843295
3853.473452,0.9987891336909368
3853.592654,0.9989586425893474
3853.711856,0.9987308061087112
3853.831058,0.9987348010399255
3853.95026,0.998954546867309
3854.069462,0.997723295631796
3854.188664,0.9979790448853332
3854.307866,0.9974920501742525
3854.427068,0.9992490521026107
3854.54627,0.997717508853463
3854.665472,0.9989871133163671
3854.784674,0.9994942179508859
3854.903876,0.9994827937972639
3855.023078,0.9992210035753811
3855.14228,1.0001597127527238
3855.261482,1.0001213273595688
3855.380684,1.0002855807704263
3855.499886,0.9991622511077104
3855.619088,0.9998009398151082
3855.73829,1.0003362065047425
3855.857492,0.9997891922230827
3855.976694,1.000360695034816
3856.095896,1.000010479054905
3856.215098,0.9993716075213053
3856.3343,0.9996031887504173
3856.453502,0.9998888261802672
3856.572704,0.99992337193608
3856.691906,0.9990179924852748
3856.811108,0.9993399879038682
3856.93031,0.9993943334900536
3857.049512,0.9995702923507888
3857.168714,0.9997672570888346
3857.287916,0.9997994901047965
3857.407118,0.9997306062930029
3857.52632,0.9998479515605359
3857.645522,0.9998909259490069
3857.764724,0.9998266650242431
3857.883926,1.000385944457405
3858.003128,0.9991889490797433
3858.12233,0.9999945672147577
3858.241532,0.9998457618959196
3858.360734,0.9999451675033563
3858.479936,0.9998648691309985
3858.599138,1.0004261807892383
3858.71834,0.999746552123341
3858.837542,1.0002263156055133
3858.956744,0.9997900220484566
3859.075946,1.000050410270555
3859.195148,0.9996531701593796
3859.31435,0.9997001549625113
3859.433552,1.0004552135782687
3859.552754,0.999393953720279
3859.671956,0.9998470217023733
3859.791158,1.0004608661661938
3859.91036,1.0001165167875536
3860.029562,1.0001729449532544
3860.148764,1.000198169633008
3860.267966,0.9994922889289067
3860.387168,0.9995661641340061
3860.50637,0.9997545101375687
3860.625572,1.0003818528872594
3860.744774,1.0002920526390704
3860.863976,1.0001143365359235
3860.983178,0.9996974157878394
3861.10238,0.999666515618282
3861.221582,0.9999993933401841
3861.340784,1.0001358592280292
3861.459986,0.9998056888808514
3861.579188,1.0000478081427728
3861.69839,0.9996345767833336
3861.817592,0.9988724361783521
3861.936794,0.9999245848438658
3862.055996,1.0007851680832052
3862.175198,0.9994585066604645
3862.2944,0.999731056171877
3862.413602,1.0002506013952845
3862.532804,1.000027295372512
3862.652006,0.9996462425869145
3862.771208,0.9995365874087991
3862.89041,1.000318030560999
3863.009612,0.9998886961947282
3863.128814,1.0003892357325765
3863.248016,1.0002558627272853
3863.367218,1.000249181040439
3863.48642,0.99978218372541
3863.605622,0.9999653236012402
3863.724824,0.9994761272692622
3863.844026,0.9993065505472831
3863.963228,0.9998482415164838
3864.08243,0.9998673787949697
3864.201632,1.0000548785057701
3864.320834,1.0000909431350762
3864.440036,0.9997784845381738
3864.559238,0.9992519499290636
3864.67844,0.999768966692306
3864.797642,1.0001108961485232
3864.916844,0.9992011492512934
3865.036046,0.9984303332175667
3865.155248,0.9986963504902633
3865.27445,0.9994254850969237
3865.393652,0.9996148841761437
3865.512854,0.9996648161866499
3865.632056,0.9997343252977756
3865.751258,0.9996815307221097
3865.87046,1.0000921902492599
3865.989662,0.9997445026450098
3866.108864,1.0001090259428962
3866.228066,1.0004602558852516
3866.347268,1.0001342390092496
3866.46647,1.000134269013277
3866.585672,0.9997405936516466
3866.704874,1.0000703884771527
3866.824076,1.000291482472763
3866.943278,0.9993606144940843
3867.06248,1.0003224219667926
3867.181682,0.9996930771104698
3867.300884,0.9995722914933726
3867.420086,0.9995237134604618
3867.539288,0.9999016498366945
3867.65849,1.0005986291069282
3867.777692,1.0003614052911616
3867.896894,0.999909351108859
3868.016096,1.0004730918726774
3868.135298,1.0000225862550656
3868.2545,1.0001361692701936
3868.373702,1.0002202642546094
3868.492904,0.9999718453963483
3868.612106,0.9999640346467689
3868.731308,1.0003504714007556
3868.85051,0.9993614639509676
3868.969712,0.9992873440599565
3869.088914,0.9991257623685883
3869.208116,0.9990948299138223
3869.327318,0.9995265021355125
3869.44652,1.0001153166484535
3869.565722,0.9998340137772377
3869.684924,0.9994501612167762
3869.804126,0.999422226975153
3869.923328,0.999757239471107
3870.04253,0.9983687319664253
3870.161732,0.9994270741847083
3870.280934,0.9988395738157906
3870.400136,0.9993216901562061
3870.519338,0.999793441336179
3870.63854,0.9999133527540894
3870.757742,0.9996729135044552
3870.876944,1.0000837735088044
3870.996146,0.9999749373140744
3871.115348,1.0003060468227758
3871.23455,0.9998489614074769
3871.353752,1.0004833567792588
3871.472954,0.9995050825120838
3871.592156,0.9999281925782764
3871.711358,0.9998986951316847
3871.83056,1.000240848999464
3871.949762,0.9999397768134889
3872.068964,0.9996674952919473
3872.188166,0.9997067929935786
3872.307368,0.9995943522972859
3872.42657,0.9992331541766601
3872.545772,0.9998499712554378
3872.664974,0.9999757552939076
3872.784176,0.9998720681839728
3872.903378,1.000658987036613
3873.02258,0.9995147677632583
3873.141782,1.0006426564152027
3873.260984,1.000224725246936
3873.380186,0.9997918116741977
3873.499388,0.9997807940291404
3873.61859,0.9996239707167393
3873.737792,0.999757849323209
3873.856994,1.0003867947858194
3873.976196,0.9994261047409165
3874.095398,1.000233707305298
3874.2146,1.0001951790449517
3874.333802,0.999333512201728
3874.453004,0.9995589772791228
3874.572206,0.9995652945118216
3874.691408,1.0000139270969812
3874.81061,0.99997521230722
3874.929812,1.0000177561576387
3875.049014,1.0001383995763378
3875.168216,0.999945617478783
3875.287418,1.000250341330162
3875.40662,0.9998961153963791
3875.525822,1.000500355135891
3875.645024,1.0003118986302661
3875.764226,0.9996383554091754
3875.883428,0.9998542506224727
3876.00263,0.9998574301640452
3876.121832,0.9995547391580439
3876.241034,1.0000865787477236
3876.360236,0.9999184293270683
3876.479438,1.000053467429332
3876.59864,0.9998055089158436
3876.717842,0.9997360148502131
3876.837044,0.9999118638842157
3876.956246,0.9994179494571754
3877.075448,0.9997978304390205
3877.19465,1.0000020350020706
3877.313852,1.0000954205522512
3877.433054,0.999764907638541
3877.552256,0.9995156573317975
3877.671458,0.9997257176222909
3877.79066,1.0006037822031375
3877.909862,1.0001126663463762
3878.029064,1.0007477194028849
3878.148266,1.0002999349715014
3878.267468,1.0004219790081028
3878.38667,0.9998962853787332
3878.505872,1.0001628732624097
3878.625074,1.0003780214321003
3878.744276,0.9999747153196629
3878.863478,1.000391026430911
3878.98268,0.9999027337306703
3879.101882,1.0003995598027613
3879.221084,1.0004408971665966
3879.340286,1.0004780342219588
3879.459488,1.0001955891250591
3879.57869,0.9996988353591777
3879.697892,1.0001819165448083
3879.817094,1.000030668470268
3879.936296,0.9995791685743952
3880.055498,0.9995183660228991
3880.1747,0.9994843429967949
3880.293902,0.9987779473152832
3880.413104,0.9992419674519464
3880.532306,0.9996001999413512
3880.651508,0.9997600887832997
3880.77071,0.9998084983387844
3880.889912,0.9992538285244954
3881.009114,0.9996778119137324
3881.128316,0.9996356663856161
3881.247518,0.9994224468480671
3881.36672,1.0002048609811454
3881.485922,0.9999390378582669
3881.605124,1.0004025910180199
3881.724326,1.000348300642588
3881.843528,1.0005286196701584
3881.96273,1.0001336489302226
3882.081932,1.0000607228435572
3882.201134,0.9996151640683505
3882.320336,1.0000366976733432
3882.439538,1.0000022928026284
3882.55874,1.0003034160213322
3882.677942,1.000195339076193
3882.797144,1.0002828399916899
3882.916346,1.0003756105239736
3883.035548,1.000003421405853
3883.15475,1.0000520433542084
3883.273952,0.9996996551125589
3883.393154,1.0003628758235084
3883.512356,1.000010893059329
3883.631558,1.000518334288815
3883.75076,1.0005728139953138
3883.869962,1.0000629159791272
3883.989164,0.999459546097852
3884.108366,0.9998767875912724
3884.227568,1.0002260655489659
3884.34677,0.9997089323684046
3884.465972,0.9996480319552902
3884.585174,0.9995370671864763
3884.704376,1.0008641231394566
3884.823578,1.0004059523763729
3884.94278,1.000631379236012
3885.061982,1.0002433896144471
3885.181184,0.9998038592381149
3885.300386,0.9994579569584371
3885.419588,0.9997228184219137
3885.53879,0.9989782223706234
3885.657992,0.9996641064248825
3885.777194,0.9989046003886379
3885.896396,0.9992234216931357
3886.015598,0.9993603546603583
3886.1348,0.9990945501673091
3886.254002,0.9995499912843091
3886.373204,0.9997896221325278
3886.492406,0.9998337438220903
3886.611608,1.0001829567345422
3886.73081,0.9999384288955783
3886.850012,1.0001528116745146
3886.969214,0.99981378733973
3887.088416,1.0003578240037412
3887.207618,0.9998938456347733
3887.32682,1.0004741923936837
3887.446022,0.9996463225586171
3887.565224,1.0002953936201056
3887.684426,1.0006372929849383
3887.803628,1.0002941832634116
3887.92283,0.9993932941204872
3888.042032,1.0003650266060033
3888.161234,1.000433093758032
3888.280436,0.9996846197428122
3888.399638,1.0003043363008983
3888.51884,1.000204440895192
3888.638042,1.0002873412745976
3888.757244,1.0001709346076555
3888.876446,0.9996324875492514
3888.995648,1.0001859872934924
3889.11485,0.9992669887840772
3889.234052,0.9999882520690074
3889.353254,0.9999586948530811
3889.472456,0.9995081609924789
3889.591658,1.0002610840765165
3889.71086,1.0002449599978016
3889.830062,1.000357293814235
3889.949264,0.9996699844671096
3890.068466,1.0006383136354977
3890.187668,0.9999786072288286
3890.30687,0.9997533804156106
3890.426072,1.0002238150428502
3890.545274,1.000566450372453
3890.664476,0.9999562609565799
3890.783678,1.0005254379942068
3890.90288,0.9996238207731548
3891.022082,0.9999195882331995
3891.141284,0.9990711616376534
3891.260486,0.9997837833781836
3891.379688,0.998496830892107
3891.49889,0.9992786502978811
3891.618092,1.0002136828269235
3891.737294,0.9998838567451501
3891.856496,0.9996688848307315
3891.975698,0.999569922509849
3892.0949,0.9997689466969267
3892.214102,1.0003456997403875
3892.333304,1.0000373876989026
3892.452506,1.0001919084120636
3892.571708,1.0004636074327227
3892.69091,1.0000283624022053
3892.810112,0.9999169994447367
3892.929314,1.0002494211002713
3893.048516,1.0000859246913147
3893.167718,1.000135379162932
3893.28692,1.000743566308467
3893.406122,1.0000705514886392
3893.525324,0.9996720038025178
3893.644526,1.0000619279174543
3893.763728,0.999811067849927
3893.88293,0.9999084961867293
3894.002132,0.9998121776408282
3894.121334,0.9999189262866511
3894.240536,0.9988505611115326
3894.359738,0.9995293407948095
3894.47894,1.000008106932861
3894.598142,1.0003803523156056
3894.717344,0.9999600907963935
3894.836546,0.9992098223549102
3894.955748,1.0005947668036743
3895.07495,1.0001288583015178
3895.194152,0.9998867864091423
3895.313354,1.0007578870513654
3895.432556,1.0001605828920526
3895.551758,1.0002341874175928
3895.67096,1.0003490409006044
3895.790162,1.000182506652313
3895.909364,1.0004312429585205
3896.028566,1.0002527719414447
3896.147768,1.0003086976373121
3896.26697,1.0002666355409384
3896.386172,1.0003383872400495
3896.505374,0.9997407436127468
3896.624576,1.0002140929146175
3896.743778,0.9998220658321622
3896.86298,0.9998692785447941
3896.982182,0.9999652486038437
3897.101384,1.0006107164113751
3897.220586,1.0003653567265167
3897.339788,1.0006311590971326
3897.45899,0.9995070515390359
3897.578192,1.0000628609756683
3897.697394,1.0001573623801605
3897.816596,0.99978882230115
3897.935798,1.0003445193331582
3898.055,1.0001538918401345
3898.174202,1.0003475603851195
3898.293404,0.9999210991128388
3898.412606,0.9999155535658009
3898.531808,1.000414395838242
3898.65101,1.0001796061272494
3898.770212,1.0004230894771158
3898.889414,1.000482436334994
3899.008616,1.0006008804563766
3899.127818,0.999039791295695
3899.24702,0.9995843064245259
3899.366222,0.9987043400930256
3899.485424,0.9989689319163559
3899.604626,0.9997842832702003
3899.723828,1.0002860208961786
3899.84303,1.0001412199706015
3899.962232,1.0004143558216672
3900.081434,0.9997602787377345
3900.200636,1.0004912005995237
3900.319838,0.999979784204342
3900.43904,0.9998283547327348
3900.558242,0.9998661489588501
3900.677444,0.999879987202112
3900.796646,1.0000092734429982
3900.915848,1.0004675692764526
3901.03505,1.0003116085398578
3901.154252,1.0008310951683574
3901.273454,1.0005611774011538
3901.392656,1.0000038861075509
3901.511858,1.0003200912182646
3901.63106,0.9993469733147977
3901.750262,0.9988871197110876
3901.869464,0.9996731234357891
3901.988666,0.999568643061167
3902.107868,0.9999990274704729
3902.22707,0.9996432836384157
3902.346272,1.000095797588296
3902.465474,0.9999090661347346
3902.584676,1.0003854842799764
3902.703878,0.9994187190092928
3902.82308,0.999876507625811
3902.942282,1.0003729595321185
3903.061484,1.0008138610052852
3903.180686,0.9999463944368295
3903.299888,1.000268686089643
3903.41909,0.9999063663839007
3903.538292,1.0003740099242773
3903.657494,1.0002252753706862
3903.776696,1.0003069270924843
3903.895898,1.0001043454436072
3904.0151,0.9995785088523617
3904.134302,0.9989229804023807
3904.253504,0.998437022723209
3904.372706,0.9989474543152048
3904.491908,0.9992513403855601
3904.61111,1.0003514617482125
3904.730312,0.9997830635341188
3904.849514,1.0001345890562945
3904.968716,1.000154431923382
3905.087918,1.0005720435545435
3905.20712,0.999773985545116
3905.326322,0.9999288735296074
3905.445524,1.0002107622072338
3905.564726,1.00028869166342
3905.683928,1.0000398527941015
3905.80313,1.000079282142663
3905.922332,0.9994402966923666
3906.041534,0.9994274939441676
3906.160736,1.0002933030049175
3906.279938,1.0002051510405972
3906.39914,0.9998595498640439
3906.518342,1.0005273890207131
3906.637544,1.000299514845617
3906.756746,1.0008304246117483
3906.875948,1.0002189239603532
3906.99515,0.9997954409250612
3907.114352,1.0001462106877408
3907.233554,0.9999543430423106
3907.352756,1.000015122114338
3907.471958,1.0000375497049725
3907.59116,0.9998912059185053
3907.710362,0.9999837751316246
3907.829564,1.000028445404563
3907.948766,1.0000290744226528
3908.067968,1.000544087962188
3908.18717,0.999810068039359
3908.306372,1.000626656267048
3908.425574,1.0004387462209798
3908.544776,0.9999060074175796
3908.663978,1.0001852871635464
3908.78318,0.9996556193126467
3908.902382,1.0003535924990954
3909.021584,1.0004932616135198
3909.140786,1.0001960092072948
3909.259988,1.0004773238828066
3909.37919,1.0003000149954995
3909.498392,0.999587585066428
3909.617594,1.0004858279762021
3909.736796,0.9997197692719675
3909.855998,0.9998342537374297
3909.9752,1.000203770758441
3910.094402,0.9997857329584621
3910.213604,1.0000858496848732
3910.332806,0.9998548505352031
3910.452008,1.0006974531073878
3910.57121,1.0002185038684934
3910.690412,1.00088322981794
3910.809614,1.000156852300036
3910.928816,0.9996725836124482
3911.048018,1.0002385284433861
3911.16722,0.9994194086084469
3911.286422,1.0003460698683648
3911.405624,1.0001274381195473
3911.524826,1.0002170735570555
3911.644028,1.000018149164694
3911.76323,0.9998367333294537
3911.882432,1.0000119600715212
3912.001634,0.9998429023411297
3912.120836,1.0001609029434901
3912.240038,1.0001519815480255
3912.35924,0.9998927457521481
3912.478442,1.0000738057235083
3912.597644,1.000031708502704
3912.716846,1.000368707956075
3912.836048,1.0003103281418182
3912.95525,0.9995554888243794
3913.074452,1.0002141129188995
3913.193654,0.9996355764184102
3913.312856,0.9996591281100284
3913.432058,1.0000655471481203
3913.55126,1.000042074885123
3913.670462,0.9997178498118531
3913.789664,0.9996678451756319
3913.908866,0.9997222585772921
3914.028068,1.0003450595193446
3914.14727,1.00022340495117
3914.266472,1.0001102660788572
3914.385674,1.0004174971276762
3914.504876,0.9999482323399915
3914.624078,0.9999961430074382
3914.74328,0.9997451524791477
3914.862482,1.000310158089077
3914.981684,0.9999798832023455
3915.100886,0.9999598668053582
3915.220088,1.00018286671808
3915.33929,1.0001548119821382
3915.458492,1.000048170160145
3915.577694,0.9996549395470568
3915.696896,1.000349601096224
3915.816098,0.9998194463017812
3915.9353,0.9994971464732348
3916.054502,1.000029003420591
3916.173704,0.9997773247958043
3916.292906,0.9994214274376912
3916.412108,0.9997183596680865
3916.53131,0.9999533620875812
3916.650512,1.0003495610822408
3916.769714,0.9997215787663875
3916.888916,1.0002255954428254
3917.008118,0.999739533927179
3917.12732,0.9993659311066956
3917.246522,0.9984215470692934
3917.365724,0.9993976215028195
3917.484926,0.9999483333347681
3917.604128,0.9997396438985338
3917.72333,1.0005871322947293
3917.842532,1.000410164094298
3917.961734,1.0004000199866647
3918.080936,1.0000091114415088
3918.200138,1.000002604203391
3918.31934,1.0000079686317493
3918.438542,1.0004294221753152
3918.557744,1.0000588327305773
3918.676946,0.9999498762562368
3918.796148,1.0001467807712434
3918.91535,1.0003073972368506
3919.034552,1.0001919584216603
3919.153754,1.000647799731675
3919.272956,0.9998347736513769
3919.392158,1.000364866547612
3919.51136,1.000155082023974
3919.630562,1.0000978307851192
3919.749764,0.9996817106648015
3919.868966,0.9999513431837813
3919.988168,0.9996269995819592
3920.10737,0.9991312775580186
3920.226572,0.9999017658252926
3920.345774,0.9996432236598205
3920.464976,1.0007409843933965
3920.584178,1.0003840437259164
3920.70338,0.9993947632297093
3920.822582,1.0001095560008204
3920.941784,1.0006409152984954
3921.060986,1.0000487531883981
3921.180188,1.000243789711883
3921.29939,0.9995821473247559
3921.418592,0.9998652890743317
3921.537794,1.0006430066401937
3921.656996,0.9995749703507034
3921.776198,0.9998674287883398
3921.8954,1.000411964834214
3922.014602,1.0001117562442638
3922.133804,1.0005638889256188
3922.253006,1.0006469992137554
3922.372208,1.0000001640300133
3922.49141,1.0000129780842146
3922.610612,1.0002123125351168
3922.729814,1.0003221018636688
3922.849016,0.9995157672785259
3922.968218,1.00055217239108
3923.08742,1.0002826599407948
3923.206622,0.9998418125129601
3923.325824,1.000195809168113
3923.445026,1.0004034613686528
3923.564228,1.0004045918252027
3923.68343,0.9998859365057351
3923.802632,1.0002581133055084
3923.921834,1.0006856549539658
3924.041036,1.0001917583832887
3924.160238,1.0004089636028213
3924.27944,0.9995209947596586
3924.398642,1.000105915608662
3924.517844,1.0002664554929601
3924.637046,1.000641965972008
3924.756248,0.9994994753042992
3924.87545,0.999995955508179
3924.994652,0.9998832768126814
3925.113854,0.9993179427068946
3925.233056,0.9994490018552616
3925.352258,1.0001674040104878
3925.47146,1.0002314767866178
3925.590662,1.0001585125617887
3925.709864,1.0001723448496675
3925.829066,1.000773178748708
3925.948268,1.0005429673534372
3926.06747,1.0003476404129275
3926.186672,1.000436305153417
3926.305874,1.0003830833576954
3926.425076,1.0002434796363562
3926.544278,0.9998422524434545
3926.66348,1.0006095256853311
3926.782682,1.0006321797414355
3926.901884,0.9990622999157516
3927.021086,0.9999138397120109
3927.140288,1.0000579806808148
3927.25949,1.000314629485477
3927.378692,0.999819476296365
3927.497894,0.9999804861903968
3927.617096,0.9999662725687826
3927.736298,1.0003731496029988
3927.8555,0.9999162075107867
3927.974702,0.9999417386972557
3928.093904,1.0004202682879815
3928.213106,1.0006369227492085
3928.332308,1.000016332133368
3928.45151,1.000679610830863
3928.570712,0.9995975809922582
3928.689914,1.0002762881605451
3928.809116,1.000118747049873
3928.928318,0.9997881324471006
3929.04752,0.9997963007495101
3929.166722,1.0000562115798117
3929.285924,1.0001594327080434
3929.405126,0.9999177673812871
3929.524328,1.0000875308305996
3929.64353,1.0003839236798382
3929.762732,1.000436305153417
3929.881934,1.0004812057423542
3930.001136,0.9997344352685575
3930.120338,1.0002706566208956
3930.23954,1.0000475761317082
3930.358742,1.0004818960746242
3930.477944,0.9993347813560943
3930.597146,0.9998672188162018
3930.716348,1.0000206972141843
3930.83555,1.0001589026236846
3930.954752,1.0001736450745609
3931.073954,0.9997889822673743
3931.193156,1.0007688253948488
3931.312358,1.000359064448212
3931.43156,1.000166333831938
3931.550762,1.0001076057890876
3931.669964,1.0005847709118834
3931.789166,1.0003679876908647
3931.908368,1.0007316675382019
3932.02757,1.0001779758358202
3932.146772,0.9993118268997996
3932.265974,0.9998746978509702
3932.385176,1.0004194179311148
3932.504378,0.9996043482907888
3932.62358,0.999846561772849
3932.742782,0.9996065374267087
3932.861984,1.0002689661649142
3932.981186,1.0005895837362064
3933.100388,1.0002897019555086
3933.21959,1.0007059390577704
3933.338792,1.0002730072597006
3933.457994,1.0004106843077185
3933.577196,1.0003237924094492
3933.696398,1.0002155632304148
3933.8156,1.000116826823722
3933.934802,0.9999307094007045
3934.054004,0.999872798090849
3934.173206,1.0001190570867324
3934.292408,0.9997754052251835
3934.41161,1.0000537054420857
3934.530812,1.0003057067187777
3934.650014,1.0001926385524234
3934.769216,1.0002617742569024
3934.888418,1.0004932816233851
3935.00762,1.0005360035986182
3935.126822,0.999807648501922
3935.246024,0.9997829235644997
3935.365226,1.0006003001080341
3935.484428,1.0002026605328718
3935.60363,0.9997382742561598
3935.722832,1.0004260907508862
3935.842034,1.0006743672834406
3935.961236,1.0004116747147862
3936.080438,1.000275377909537
3936.19964,0.9997763450145061
3936.318842,0.9996706442495171
3936.438044,0.9999208821299838
3936.557246,1.0000314114933306
3936.676448,1.0005885431235804
3936.79565,1.0000088462391277
3936.914852,0.9998713182802028
3937.034054,1.0005438578370742
3937.153256,0.9999172664226111
3937.272458,1.0001803562622353
3937.39166,1.0003304845980059
3937.510862,0.9997421132585038
3937.630064,0.9999599478021107
3937.749266,1.0000379787211733
3937.868468,0.9995820473665461
3937.98767,1.000333845714081
3938.106872,1.0007723681227614
3938.226074,1.0004322433902637
3938.345276,0.9993836899970786
3938.464478,1.0004756630918274
3938.58368,0.9990342066788707
3938.702882,1.0009088627656841
3938.822084,0.9996938368774971
3938.941286,1.0006073643710898
3939.060488,0.9997085524790825
3939.17969,1.0004033013041116
3939.298892,1.0001040654144295
3939.418094,1.0000289514190843
3939.537296,0.9998354835343182
3939.656498,1.0003595946386568
3939.7757,0.9996522004962749
3939.894902,0.9998681486931477
3940.014104,1.0003876251072035
3940.133306,0.9997185596117785
3940.252508,1.000308817674363
3940.37171,0.9999296034779515
3940.490912,1.0004750127828579
3940.610114,1.0001212473498657
3940.729316,0.9997515108785372
3940.848518,0.9998536907042491
3940.96772,0.9997033640051592
3941.086922,0.9998959654119731
3941.206124,0.9999177423833433
3941.325326,0.9997774647646396
3941.444528,0.999793441336179
3941.56373,0.9997027941744042
3941.682932,1.0003632559614732
3941.802134,0.9999371869728209
3941.921336,0.9994851625742922
3942.040538,1.0004839770791323
3942.15974,1.0000180691632454
3942.278942,1.0001619631146093
3942.398144,0.9999883360680242
3942.517346,1.0005500112007215
3942.636548,1.0001692843269747
3942.75575,0.9997690666692076
3942.874952,1.000074170750514
3942.994154,1.0003013153863642
3943.113356,1.000607054182855
3943.232558,1.0002818797206243
3943.35176,1.00051317162753
3943.470962,0.9989616394697705
3943.590164,1.000476323405983
3943.709366,1.000039475779148
3943.828568,1.0002723470797337
3943.94777,0.9994022487245191
3944.066972,0.9999294644877462
3944.186174,1.0001215673887163
3944.305376,0.9994159706115946
3944.424578,1.0007063193260997
3944.54378,1.0002675557866663
3944.662982,0.9997842232831451
3944.782184,0.9998350136117513
3944.901386,0.9997794743193633
3945.020588,1.0003314249091033
3945.13979,0.9994362989391753
3945.258992,0.9998629193964047
3945.378194,1.0003973589261508
3945.497396,1.0000731446749414
3945.616598,1.000318390675555
3945.7358,0.9996705542791632
3945.855002,1.0001180869717177
3945.974204,0.9996592380725385
3946.093406,0.9996756026282093
3946.212608,1.000218123785534
3946.33181,1.0001242677205935
3946.451012,1.0001686442188378
3946.570214,1.0000248373084408
3946.689416,1.0002984845376472
3946.808618,0.9995107996975069
3946.92782,0.9999027997242529
3947.047022,1.0001892779108037
3947.166224,1.000355903318563
3947.285426,1.0001961692386692
3947.404628,1.000089757027921
3947.52383,0.9994088148188628
3947.643032,0.9997589390598587
3947.762234,1.0005697522471875
3947.881436,1.0001738251058332
3948.000638,0.9999299174558962
3948.11984,1.0000124990781127
3948.239042,0.9995907737559103
3948.358244,1.0000086232371799
3948.477446,1.0001712446606932
3948.596648,0.9998409926430101
3948.71585,1.000189037865406
3948.835052,1.0004151061327153
3948.954254,1.0001143565382105
3949.073456,1.0004813358049194
3949.192658,1.0001786059481435
3949.31186,1.000164813580266
3949.431062,0.9994651630762847
3949.550264,0.9990209995339577
3949.669466,0.9997372245315229
3949.788668,0.999992440128576
3949.90787,0.9992362118347901
3950.027072,0.9999099330562707
3950.146274,0.9998535507247422
3950.265476,1.000290232109191
3950.384678,1.0004093737705806
3950.50388,0.9999792362155704
3950.623082,1.0002087717897974
3950.742284,0.999795240965993
3950.861486,1.0007059090365928
3950.980688,1.0001638334192289
3951.09989,0.9998141072801932
3951.219092,1.000171324674396
3951.338294,0.9997448325607501
3951.457496,1.0001887178049649
3951.576698,0.9998890861513957
3951.6959,0.999935140103494
3951.815102,1.0004072328968114
3951.934304,0.9999821021601683
3952.053506,1.0001191570986432
3952.172708,0.9998170867306723
3952.29191,0.9998778974551226
3952.411112,1.000413825602199
3952.530314,1.000042270893389
3952.649516,1.0007413046305627
3952.768718,0.9997390640497084
3952.88792,0.9999290535168208
3953.007122,0.9999326492681624
3953.126324,0.999868648627347
3953.245526,1.000060325819529
3953.364728,1.0000336505661676
3953.48393,0.9996796513225986
3953.603132,0.9999118028895938
3953.722334,1.0000875458319127
3953.841536,1.0012290546694003
3953.960738,1.0002528219540845
3954.07994,1.0000458120493398
3954.199142,1.0001102560777546
3954.318344,0.9997372145341508
3954.437546,1.0005772565484703
3954.556748,1.000956987620718
3954.67595,1.0001025652594566
3954.795152,1.0000359566464248
3954.914354,1.0005926955746507
3955.033556,0.999825985142342
3955.152758,1.0002548724744713
3955.27196,0.9996411044184327
3955.391162,1.0000095692457849
3955.510364,1.0004764934869725
3955.629566,1.000502786354708
3955.748768,1.0004424978733124
3955.86797,1.0002080616418216
3955.987172,0.9999950035124825
3956.106374,0.9997126213011712
3956.225576,0.9995780390505729
3956.344778,1.000028432404193
3956.46398,1.0002026705348983
3956.583182,1.000460155839231
3956.702384,1.0001480909643845
3956.821586,0.9998904460014776
3956.940788,0.9997641478175
3957.05999,0.9999995113101194
3957.179192,1.000515472810471
3957.298394,1.000225495420271
3957.417596,1.0000467590931723
3957.536798,1.0002842103801193
3957.656,0.9998828968571084
3957.775202,0.9996027289330562
3957.894404,0.9999690194799062
3958.013606,1.0000079860318882
3958.132808,0.9999342051645751
3958.25201,0.9996009396457728
3958.371212,1.0005155328414013
3958.490414,1.0002275658891893
3958.609616,1.0006797108988292
3958.728818,1.0006163698778938
3958.84802,1.0003691581220948
3958.967222,1.0003865046736908
3959.086424,1.0000817163385982
3959.205626,1.0002119724629883
3959.324828,0.9995060620275447
3959.44403,0.9990737392445755
3959.563232,0.9997951709803287
3959.682434,1.0003493310018683
3959.801636,0.9999869890846427
3959.920838,0.9999511571928488
3960.04004,1.0000693374037266
3960.159242,0.9997803741212952
3960.278444,0.9998645491742916
3960.397646,1.0004678293980545
3960.516848,0.9998475716183864
3960.63605,1.00001228907551
3960.755252,0.9997890522526055
3960.874454,1.0000632219984262
3960.993656,1.0004018907364514
3961.112858,0.9996119253204657
3961.23206,1.0002229448485096
3961.351262,0.9999167304671001
3961.470464,0.9997332755772852
3961.589666,0.9998982051814441
3961.708868,1.0000552645270278
3961.82807,0.9996977756789739
3961.947272,1.0005281094006926
3962.066474,1.0002450500198519
3962.185676,1.000336076461044
3962.304878,0.9996751427775379
3962.42408,0.9999298484607343
3962.543282,1.000633770747866
3962.662484,1.0002415491683034
3962.781686,0.9995282113272925
3962.900888,0.9994998051391805
3963.02009,0.999882446909906
3963.139292,1.000202030405394
3963.258494,0.9997240680762177
3963.377696,1.0003132090397118
3963.496898,1.0000815673264334
3963.6161,0.9998992650741034
3963.735302,1.000367817628321
3963.854504,1.000600660324207
3963.973706,1.0005585359231324
3964.092908,1.0005196749842813
3964.21211,0.9995657143293335
3964.331312,1.000488489272044
3964.450514,0.9999925949274177
3964.569716,0.9997747153803919
3964.688918,0.9997329556626882
3964.80812,0.9995234036081586
3964.927322,0.9996879087106215
3965.046524,1.0004380259053418
3965.165726,0.9995975709962824
3965.284928,0.9999159745303375
3965.40413,1.0012281535636565
3965.523332,1.0000404438178292
3965.642534,1.0006337607415285
3965.761736,1.000063920042799
3965.880938,1.0002099320326456
3966.00014,1.000082184376951
3966.119342,1.0001298384282793
3966.238544,1.000063973046188
3966.357746,1.0004567242667817
3966.476948,1.000184226967704
3966.59615,1.000631249153941
3966.715352,0.9995739507847536
3966.834554,0.9995615561446108
3966.953756,0.9997097621271629
3967.072958,1.0002079816251799
3967.19216,0.9999404847711015
3967.311362,1.0002747077252583
3967.430564,1.0002192040216913
3967.549766,0.9995417750171497
3967.668968,0.9992268590276185
3967.78817,0.9998449020289341
3967.907372,0.9997869327020615
3968.026574,1.0001626832314818
3968.145776,1.0003057967462954
3968.264978,1.00007956516514
3968.38418,0.9994167901330265
3968.503382,1.0004327135935285
3968.622584,1.0000795051603677
3968.741786,0.9997983303380606
3968.860988,1.000291982618629
3968.98019,1.0000001470900108
3969.099392,0.9999549790134751
3969.218594,1.000300075013502
3969.337796,1.0001564122311177
3969.456998,0.999757599383778
3969.5762,0.9999647846200761
3969.695402,0.9993200412767776
3969.814604,0.9995915434411025
3969.933806,1.0005590362025254
3970.053008,0.9995547691446866
3970.17221,1.000493961959048
3970.291412,1.0000533834248444
3970.410614,0.9997717360561792
3970.529816,1.0002622943931603
3970.649018,1.0002645649911457
3970.76822,0.9993423863227173
3970.887422,1.000014333102718
3971.006624,0.9998236155575652
3971.125826,1.00032218188944
3971.245028,1.0000999399936685
3971.36423,0.9999171464325464
3971.483432,1.0003184306882915
3971.602634,1.0002237650316605
3971.721836,0.9998571102097187
3971.841038,1.0003431188518115
3971.96024,0.9994605855363204
3972.079442,1.0001359592416201
3972.198644,1.0005276991842518
3972.317846,0.9993992305342854
3972.437048,0.999725997545531
3972.55625,1.0004626069696154
3972.675452,0.9997440527600848
3972.794654,0.9995291109030875
3972.913856,0.9999451195059894
3973.033058,1.0001998299633477
3973.15226,0.9997170400407227
3973.271462,1.0002741275660962
3973.390664,0.9993552079677845
3973.509866,1.000044476989072
3973.629068,0.9998522109218819
3973.74827,1.0000181931654937
3973.867472,0.9999284605590678
3973.986674,1.000037939719693
3974.105876,1.000634811407529
3974.225078,1.0005064682117364
3974.34428,0.9996682350461675
3974.463482,1.000681352014901
3974.582684,0.9994512106399964
3974.701886,1.0000723266154434
3974.821088,0.9997980803885094
3974.94029,0.999116510506865
3975.059492,0.999956976925519
3975.178694,1.0006294980507873
3975.297896,1.000964004353795
3975.417098,1.000776741507566
3975.5363,1.0000244782995886
3975.655502,1.0001124763249876
3975.774704,0.9996109057168219
3975.893906,1.0002484308538346
3976.013108,0.9997973605341506
3976.13231,1.0005110305316336
3976.251512,1.0003070171201118
3976.370714,1.0002578232306976
3976.489916,1.0009987384073784
3976.609118,1.0008186949479079
3976.72832,1.0000884259093403
3976.847522,0.9999242468694133
3976.966724,0.9998900260475785
3977.085926,0.9999000299973337
3977.205128,1.0001078458149417
3977.32433,0.9996788715727747
3977.443532,0.9998059688264834
3977.562734,1.0000631839960246
3977.681936,1.0003466900831204
3977.801138,1.0003298743965965
3977.92034,1.0001422801208564
3978.039542,1.0003132890647717
3978.158744,1.0000254293233197
3978.277946,1.000246960489722
3978.397148,1.0001939388036987
3978.51635,0.999440776423824
3978.635552,0.9997450724995387
3978.754754,1.000231466784303
3978.873956,1.0000868887746108
3978.993158,1.000104375446738
3979.11236,1.0007541542314085
3979.231562,1.0002941832634116
3979.350764,0.9999058894286776
3979.469966,1.0003858444188156
3979.589168,0.9997963007495101
3979.70837,1.0001115262185865
3979.827572,1.0000555755442633
3979.946774,1.0000249403110044
3980.065976,0.9994744481507788
3980.185178,0.9999896320537476
3980.30438,1.0000139560973855
3980.423582,1.0001364993151838
3980.542784,1.0002943333075502
3980.661986,0.9998329839487338
3980.781188,0.9998575901412468
3980.90039,1.0005236370500392
3981.019592,1.0005200151610287
3981.138794,0.9997670371400622
3981.257996,1.0003817328414444
3981.377198,0.9997572694638246
3981.4964,1.000232687067437
3981.615602,1.0001971194254813
3981.734804,1.0001251278278336
3981.854006,1.0004699704015
3981.973208,1.000456734271349
3982.09241,1.0000685143470007
3982.211612,1.0000712525383415
3982.330814,1.0004537329056482
3982.450016,1.0007379221306696
3982.569218,1.000055506540431
3982.68842,1.000175125332651
3982.807622,1.0002608240086683
3982.926824,1.0003376970068005
3983.046026,1.0000943184477051
3983.165228,1.0001545719450122
3983.28443,0.9997588290863814
3983.403632,1.000030284458565
3983.522834,1.0003448594503526
3983.642036,0.9997556798510299
3983.761238,1.0002152331593335
3983.88044,0.9999341101708301
3983.999642,1.0004040616109096
3984.118844,1.0004481003669876
3984.238046,1.0000251383159622
3984.357248,1.0003896358883508
3984.47645,1.0002832801162362
3984.595652,0.9998928657392848
3984.714854,1.00006794430811
3984.834056,0.999674273060542
3984.953258,1.0008706588035197
3985.07246,0.9995340186030705
3985.191662,1.0002180137615466
3985.310864,0.999830154425393
3985.430066,1.0001081858516672
3985.549268,0.9997199092327449
3985.66847,0.9998314941986975
3985.787672,0.9996693746686051
3985.906874,1.0000901930671502
3986.026076,1.0001627332396172
3986.145278,0.9996008396856839
3986.26448,1.000696102166738
3986.383682,0.999807588513465
3986.502884,0.9992412779752268
3986.622086,0.9999401867888814
3986.741288,1.0003936374548976
3986.86049,1.0003002950795428
3986.979692,0.9998605897185165
3987.098894,1.000069736431472
3987.218096,0.9997246779080853
3987.337298,0.9996892782839946
3987.4565,1.0000960576132372
3987.575702,0.999972036390989
3987.694904,1.0005549839466346
3987.814106,0.9999954444103767
3987.933308,0.9999815501702002
3988.05251,1.0002327270767453
3988.171712,1.0005400057506368
3988.290914,1.0003706986917846
3988.410116,1.000302525751688
3988.529318,0.9999419756834758
3988.64852,1.0003101380828738
3988.767722,0.9995517105117727
3988.886924,1.0001330488502134
3989.006126,1.0000365136666076
3989.125328,0.9997040538007185
3989.24453,0.9996143043996791
3989.363732,1.0001509913980537
3989.482934,0.9997338054360617
3989.602136,1.0004410172195113
3989.721338,1.000593646138163
3989.84054,1.0008965516623856
3989.959742,0.9998765776171691
3990.078944,1.0003407580448367
3990.198146,1.0001746152434672
3990.317348,1.0001081058430155
3990.43655,1.0002143229638853
3990.555752,0.9997160703156642
3990.674954,0.9995871352521158
3990.794156,0.9998198262332431
3990.913358,0.9999092661165678
3991.03256,0.9995487318521136
3991.151762,1.0002570630350407
3991.270964,1.0000078273306334
3991.390166,1.000000147940011
3991.509368,0.9993320032092639
3991.62857,0.999765927399267
3991.747772,1.0005222563283727
3991.866974,1.0000776200122772
3991.986176,0.9997578993111027
3992.105378,1.0002039707992152
3992.22458,1.0001339489703622
3992.343782,1.0005487004810654
3992.462984,0.9997183296765362
3992.582186,1.0005310509576582
3992.701388,1.000509399699983
3992.82059,1.000710952607084
3992.939792,1.0004193679101452
3993.058994,1.0001350591196618
3993.178196,1.0004937418504007
3993.297398,1.000045822049798
3993.4166,1.0005806284995067
3993.535802,0.9999647256221555
3993.655004,1.0001246977741212
3993.774206,1.0002497211751427
3993.893408,1.0004505514678361
3994.01261,1.000311448490013
3994.131812,1.0002860509047597
3994.251014,1.0005474998233452
3994.370216,1.0001764155593948
3994.489418,1.0000759998878452
3994.60862,0.9997075327768791
3994.727822,1.000457684705698
3994.847024,1.0001107361307928
3994.966226,1.0001332988835068
3995.085428,1.0002599337769311
3995.20463,0.9999634496679797
3995.323832,1.0005282094535084
3995.443034,1.0000965186576258
3995.562236,1.0002045709217777
3995.681438,0.9999539210616669
3995.80064,1.0002658553332668
3995.919842,1.0002291962614505
3996.039044,0.9999201491882458
3996.158246,1.0004036714534017
3996.277448,0.9998899560552791
3996.39665,1.0002543923522478
3996.515852,1.0001368893684945
3996.635054,0.9999946868141151
3996.754256,1.0000077844302986
3996.873458,0.9992935896253743
3996.99266,1.0002380483290079
3997.111862,0.999748221701477
3997.231064,1.0001079158224935
3997.350266,1.000772838485885
3997.469468,1.0003392975483962
3997.58867,1.0005559945076787
3997.707872,1.000747199014206
3997.827074,1.0006568956615154
3997.946276,1.0009449261616878
3998.065478,1.0006244648970706
3998.18468,1.000017287149421
3998.303882,1.000085937692432
3998.423084,1.0000538684508529
3998.542286,1.0010500509178375
3998.661488,1.000036643671363
3998.78069,1.000461796595232
3998.899892,1.0007386226474602
3999.019094,1.0000127230809377
3999.138296,1.0000722206077826
3999.257498,1.0001478209244363
3999.3767,0.9999608927647079
3999.495902,1.0001337189395805
3999.615104,1.0003293642284905
3999.734306,1.0005097398732368
3999.853508,1.0003435389960096
3999.97271,0.9997478218022684
4000.091912,1.0004926413078898
4000.211114,1.000472441565379
4000.330316,0.9997293466332325
4000.449518,1.000389445814338
4000.56872,1.0002852306705343
4000.687922,1.0001387096192897
4000.807124,1.00069041822902
4000.926326,1.0005056878169956
4001.045528,1.0000700934564315
4001.16473,1.0000735787067803
4001.283932,1.000205191048804
4001.403134,1.0004341842306985
4001.522336,1.0004936718158413
4001.641538,0.999971016420032
4001.76074,1.0002166034551414
4001.879942,1.0004652782083423
4001.999144,1.0002949534902292
4002.118346,1.0003969787752267
4002.237548,1.0010615630596178
4002.35675,1.000159722754321
4002.475952,0.9999033826677551
4002.595154,1.0008169235003856
4002.714356,0.9997474618931174
4002.833558,0.999544073965876
4002.95276,1.0000193451871158
4003.071962,1.0007300063250126
4003.191164,1.0003559933505983
4003.310366,1.0002152031528768
4003.429568,0.999957022923541
4003.54877,1.000606233685407
4003.667972,0.9999175523989903
4003.787174,0.9997900520421577
4003.906376,1.0001353591602244
4004.025578,1.0005237471076454
4004.14478,1.00052670866232
4004.263982,1.0004730918726774
4004.383184,1.0006033919677384
4004.502386,1.0002430295268916
4004.621588,1.0000922862581147
4004.74079,1.0000237782826988
4004.859992,1.0005341526087237
4004.979194,1.0003616353743114
4005.098396,1.0004418775991561
4005.217598,0.9998445420848342
4005.3368,1.0002062012565571
4005.456002,1.0004189977550475
4005.575204,1.0001319287018258
4005.694406,1.0000908671281674
4005.813608,1.0000425259042007
4005.93281,0.9996077069670416
4006.052012,1.000409323750113
4006.171214,1.0003795420078485
4006.290416,1.0000971047143576
4006.409618,0.9999723603819812
4006.52882,1.0004140356891245
4006.648022,1.0008681866560454
4006.767224,0.9998725481226807
4006.886426,0.9999894110560633
4007.005628,1.0007439565985339
4007.12483,1.0006851245907094
4007.244032,1.0003629358452826
4007.363234,1.0001028952933575
4007.482436,1.000425620550734
4007.601638,1.0004384961113246
4007.72084,1.0004075830394041
4007.840042,1.000134939103462
4007.959244,1.0001870274874602
4008.078446,1.0001963992838145
4008.197648,1.0003498811941516
4008.31685,0.9999173404164916
4008.436052,1.0006323798678916
4008.555254,1.000591584917375
4008.674456,0.9999782362368341
4008.793658,0.9998628294087459
4008.91286,1.0004662186461457
4009.032062,1.0005289798605264
4009.151264,1.0001935287242678
4009.270466,1.0001466807565704
4009.389668,1.000116746814379
4009.50887,1.0005864719074398
4009.628072,1.0003393275585755
4009.747274,1.000454083064516
4009.866476,1.0003124588050862
4009.985678,1.0002383684052345
4010.10488,1.0002484508588034
4010.224082,0.9997900620400583
4010.343284,1.0000419518799555
4010.462486,0.9998986651347244
4010.581688,0.9995964914314887
4010.70089,1.0007788731642955
4010.820092,1.0003706686806642
4010.939294,1.0004238598031914
4011.058496,1.0002896119294395
4011.177698,1.0003935274116034
4011.2969,1.0002394286584668
4011.416102,1.0002914124523614
4011.535304,1.0002948534607388
4011.654506,1.0004035414009327
4011.773708,1.0002911623795396
4011.89291,1.000319691090308
4012.012112,0.9999212451013298
4012.131314,1.0002338573403655
4012.250516,1.0004982140674221
4012.369718,1.000012037072445
4012.48892,0.9998614995920672
4012.608122,1.0000927573016924
4012.727324,1.0004751528493694
4012.846526,1.0008947700681092
4012.965728,1.0005536231927816
4013.08493,1.0000118880706625
4013.204132,1.0003991096230607
4013.323334,1.000416126556644
4013.442536,1.0001359092348234
4013.561738,1.001146156335712
4013.68094,0.9998136573639461
4013.800142,1.0007024065720405
4013.919344,1.000365606817887
4014.038546,0.9997478717896607
4014.157748,1.0004923211502958
4014.27695,1.0002711067427923
4014.396152,1.0007249426439917
4014.515354,1.00101771752338
4014.634556,1.000398619427617
4014.753758,1.0001712046538442
4014.87296,0.9998116177461656
4014.992162,1.0005239572176543
4015.111364,0.9999605167794828
4015.230566,1.0001570723345676
4015.349768,1.000017690156469
4015.46897,0.9997878325107058
4015.588172,1.0000669262394608
4015.707374,1.0010087084044634
4015.826576,1.000760008660335
4015.945778,1.0003846439565227
4016.06498,1.0006211128107279
4016.184182,1.000546969533311
4016.303384,1.0000495822291582
4016.422586,1.0004848174860261
4016.541788,0.9998722681584065
4016.66099,1.000237788267149
4016.780192,1.000319421004028
4016.899394,1.0004072629090288
4017.018596,1.0004620166968516
4017.137798,1.0007146452373121
4017.257,1.0003807324602116
4017.376202,1.0004757231203691
4017.495404,1.0007068096723162
4017.614606,1.0009609213894093
4017.733808,1.0007641518153472
4017.85301,1.000841103529351
4017.972212,1.0003946878687684
4018.091414,1.0005707628231475
4018.210616,1.0003375469561573
4018.329818,1.000138119537625
4018.44902,1.0007406841711461
4018.568222,1.0003622956132086
4018.687424,1.0003950880267234
4018.806626,1.000271846943685
4018.925828,1.000161813090326
4019.04503,1.0000861357094672
4019.164232,1.0003401778473653
4019.283434,1.0000719215862333
4019.402636,0.9999527101182017
4019.521838,0.9998680887010606
4019.64104,1.0002548624719227
4019.760242,1.0000701464601478
4019.879444,1.0008753028541506
4019.998646,1.000164523532512
4020.117848,1.0005057878675694
4020.23705,1.0004719513340028
4020.356252,1.0006605480658504
4020.475454,1.0003335456139721
4020.594656,1.0003426386872296
4020.713858,1.0005514720048043
4020.83306,1.000750061155288
4020.952262,1.0005278192475828
4021.071464,1.0003436690406782
4021.190666,1.0006159696314259
4021.309868,1.0006763786409403
4021.42907,1.0004830466294663
4021.548272,1.0006387238972905
4021.667474,1.0005453786648941
4021.786676,1.000668293208466
4021.905878,1.0004826364315014
4022.02508,1.0002927628466798
4022.144282,1.0006792605930608
4022.263484,1.0003469601767632
4022.382686,1.0004130252714587
4022.501888,1.0002951235403856
4022.62109,1.000596727971339
4022.740292,1.0004700704485023
4022.859494,1.00038361356087
4022.978696,1.0004091536805424
4023.097898,1.0005534831152842
4023.2171,1.0004318032001733
4023.336302,1.0000521693607738
4023.455504,1.0004240198710217
4023.574706,1.000234977602913
4023.693908,1.0008015210464551
4023.81311,1.0004795649545222
4023.932312,0.999923214948123
4024.051514,1.0000752228290952
4024.170716,1.0007360107230636
4024.289918,1.0004717712490676
4024.40912,1.0002256054450815
4024.528322,1.0007971275374214
4024.647524,1.0004160865399998
4024.766726,1.0003410281368779
4024.885928,1.00069296999284
4025.00513,1.0004306326956485
4025.124332,1.0002074415130155
4025.243534,1.000124917801579
4025.362736,1.0004534027559708
4025.481938,1.000087290809621
4025.60114,1.0002748077527341
4025.720342,1.0004490107751731
4025.839544,1.0005153727589287
4025.958746,1.000616559995022
4026.077948,1.000484167171106
4026.19715,1.00055730523689
4026.316352,1.0001235376301447
4026.435554,1.0003360964677657
4026.554756,1.0004507315489515
4026.673958,1.0003400578065513
4026.79316,1.0002641748880414
4026.912362,1.0000919612281745
4027.031564,1.000521565968254
4027.150766,1.0006277969820865
4027.269968,1.0008919175220794
4027.38917,1.0001325987904426
4027.508372,1.0006019711119307
4027.627574,1.0003865847046145
4027.746776,1.0005918250593842
4027.865978,1.0002098720200516
4027.98518,1.0006766087965338
4028.104382,1.0007034473030845
4028.223584,1.0001956691407095
4028.342786,0.999849481329072
4028.461988,1.000320511352791
4028.58119,1.0002308566432945
4028.700392,1.0006353217314128
4028.819594,1.000483696943658
4028.938796,1.0003359264106437
4029.057998,1.000457564650783
4029.1772,1.000233077158261
4029.296402,1.0007416648974972
4029.415604,1.0012492797005765
4029.534806,1.0006742672160087
4029.654008,1.0003404779494638
4029.77321,1.0010249248768928
4029.892412,1.0004444187247525
4030.011614,1.0003244026071487
4030.130816,1.0003312848627137
4030.250018,1.0001603028471284
4030.36922,1.0005940863994642
4030.488422,1.000803552675605
4030.607624,1.000274547681318
4030.726826,1.0004755830537777
4030.846028,1.000182786703454
4030.96523,1.0003439691438238
4031.084432,1.0004561940248584
4031.203634,1.0000806242499602
4031.322836,1.0004008603230345
4031.442038,1.0004773138780334
4031.56124,1.0003389474297033
4031.680442,1.0008632824139463
4031.799644,1.0006024914250908
4031.918846,1.0002082816876194
4032.038048,1.0009072513037123
4032.15725,1.0004709908813905
4032.276452,1.0003662170410934
4032.395654,1.0006471693237597
4032.514856,1.0006282172458494
4032.634058,1.000576165919855
4032.75326,1.0000978547874675
4032.872462,1.000564599326232
4032.991664,1.000285220667682
4033.110866,1.000216713478974
4033.230068,1.0005465092818107
4033.34927,1.000496223077957
4033.468472,1.000826781595633
4033.587674,1.0003327853607664
4033.706876,1.0005114107258974
4033.826078,1.0007963068841133
4033.94528,1.000827462158076
4034.064482,1.000439496550321
4034.183684,1.0002081316563882
4034.302886,1.0002976142783444
4034.422088,1.0008914270851599
4034.54129,1.0005450985122273
4034.660492,1.0008564465410719
4034.779694,1.000432663571894
4034.898896,1.0006835435094614
4035.018098,0.9999791022183617
4035.1373,1.0005331520750713
4035.256502,1.0007579470968404
4035.375704,1.0005650195634521
4035.494906,1.0004537329056482
4035.614108,1.000610986576305
4035.73331,1.0001910082397512
4035.852512,1.0003310547865447
4035.971714,1.0003026157789194
4036.090916,1.0004821261854868
4036.210118,1.000574585010762
4036.32932,1.0005829198317695
4036.448522,1.0004879490084055
4036.567724,1.0003832134075046
4036.686926,1.0006467790714397
4036.806128,1.000792513873298
4036.92533,0.9999890600598416
4037.044532,1.0004085934515732
4037.163734,1.000560687126297
4037.282936,1.0008134806960904
4037.402138,1.0002489909931127
4037.52134,1.0005841205319936
4037.640542,1.0008174339171467
4037.759744,1.0001693743422144
4037.878946,1.0003600047861747
4037.998148,1.0006805314565286
4038.11735,1.0003454096401767
4038.236552,1.0002282760510133
4038.355754,1.0006038822635206
4038.474956,1.000529239998095
4038.594158,1.0004317931958555
4038.71336,1.0007042778872903
4038.832562,1.000405122039777
4038.951764,1.0008553255824795
4039.070966,1.0008378107675369
4039.190168,1.0003186007424392
4039.30937,1.000643186755951
4039.428572,1.0002989546780454
4039.547774,1.0007590779539597
4039.666976,1.0002654552270047
4039.786178,1.0007851981067608
4039.90538,1.0003221018636688
4040.024582,1.0006847043030451
4040.143784,1.0007057689377752
4040.262986,1.0005346528759251
4040.382188,1.0003550029986552
4040.50139,1.0009528236483107
4040.620592,1.0011469572529574
4040.739794,1.0008694677681442
4040.858996,1.000852032773875
4040.978198,1.0001160267305804
4041.0974,1.0006407551959617
4041.216602,1.0004816259445488
4041.335804,1.0006822025944115
4041.455006,1.000080489239085
4041.574208,1.0003839236798382
4041.69341,1.0000391037645322
4041.812612,1.0006036521246542
4041.931814,1.0006667221604788
4042.051016,1.0009399414683673
4042.170218,1.0003922369047855
4042.28942,1.0006426564152027
4042.408622,1.0006300884223653
4042.527824,1.0007040277112522
4042.647026,1.0002218746105311
4042.766228,1.0001675440339342
4042.88543,1.000473772194611
4043.004632,1.0004399367437962
4043.123834,1.0005156629084289
4043.243036,1.0004908204129397
4043.362238,1.000482816518392
4043.48144,1.0004536828829629
4043.600642,1.0002095119445624
4043.719844,1.0009028673395524
4043.839046,1.0006548343104336
4043.958248,1.0004521922080858
4044.07745,1.0004904602363092
4044.196652,1.0006215230654683
4044.315854,1.00075323353801
4044.435056,1.0005468594731504
4044.554258,1.0005765861619331
4044.67346,1.0008685769947143
4044.792662,1.0001413899946232
4044.911864,1.000669113756803
4045.031066,1.0005253479469214
4045.150268,1.000425430469884
4045.26947,1.000422029029203
4045.388672,1.0004557038014434
4045.507874,1.000615419292794
4045.627076,0.999818896401237
4045.746278,1.000320661400879
4045.86548,1.0008245597626442
4045.984682,1.0007231313334848
4046.103884,1.0007750301808012
4046.223086,1.0001790560286175
4046.342288,1.0001205772688546
4046.46149,1.0003712288883955
4046.580692,1.0006275868502712
4046.699894,1.0005559244687614
4046.819096,1.0006041524266054
4046.938298,1.000405362137035
4047.0575,1.000437915857165
4047.176702,1.0004416074798856
4047.295904,1.0005158430012644
4047.415106,1.000707860415018
4047.534308,1.0004323934551114
4047.65351,1.0004469198389256
4047.772712,1.0005811488015688
4047.891914,1.0007404840230294
4048.011116,1.0003741899916154
4048.130318,1.0006138783462348
4048.24952,1.0006197819855327
4048.368722,1.0005253279364146
4048.487924,1.0007787430630506
4048.607126,1.0007486200762374
4048.726328,1.000749430682948
4048.84553,1.0007016060104355
4048.964732,1.0007256531589532
4049.083934,1.000338717351772
4049.203136,1.000036675672536
4049.322338,1.0002422093279437
4049.44154,1.0007859186723629
4049.560742,1.0007536738695297
4049.679944,1.000603261889306
4049.799146,1.0003491109250398
4049.918348,1.0005437677881313
4050.03755,1.0003921568734098
4050.156752,1.0002334072352308
4050.275954,1.0009309730866702
4050.395156,1.0004807155066835
4050.514358,1.0003058467615864
4050.63356,1.0000457080445808
4050.752762,1.0007356704728778
4050.871964,0.9997568495658595
4050.991166,1.0004763934393281
4051.110368,1.0007111127208492
4051.22957,1.0006354318013042
4051.348772,1.000520935639866
4051.467974,1.0010306307352261
4051.587176,1.0007768916240884
4051.706378,1.0007338591429535
4051.82558,1.0008480193652705
4051.944782,1.0006956518535932
4052.063984,1.0006890672978672
4052.183186,1.0001447204709972
4052.302388,1.0007620702280762
4052.42159,1.0007652926871304
4052.540792,1.0005154828156257
4052.659994,1.000799369325498
4052.779196,1.0001598827798894
4052.898398,1.0004060524169731
4053.0176,1.0000333725568513
4053.136802,1.0007906924325802
4053.256004,1.0004787645711903
4053.375206,1.000304436331337
4053.494408,1.0005960075419542
4053.61361,1.0007196388158508
4053.732812,1.0007055387754749
4053.852014,1.0001921284543078
4053.971216,1.0005097598834316
4054.090418,1.000499754835858
4054.20962,1.000012740081154
4054.328822,1.0006511919334657
4054.448024,1.00069347033945
4054.567226,1.0000765869326294
4054.686428,1.000622533693717
4054.80563,1.0006063137339087
4054.924832,1.0004434382897025
4055.044034,1.0004005501988158
4055.163236,1.000472151428413
4055.282438,1.0005856314151564
4055.40164,1.0000279303900461
4055.520842,1.0001738351075715
4055.640044,1.000331044783234
4055.759246,1.0001343190199918
4055.878448,1.000335206169036
4055.99765,1.0004942020776277
4056.116852,1.000355363126521
4056.236054,1.0001674040104878
4056.355256,1.0001613930224527
4056.474458,1.0002933130078506
4056.59366,0.9999398318101781
4056.712862,1.0001385195929529
4056.832064,0.9999489623024675
4056.951266,1.0003293742317843
4057.070468,1.0012407691178693
4057.18967,1.0003250928312248
4057.308872,1.000528559638443
4057.428074,1.000259203587446
4057.547276,1.0002699864397802
4057.666478,1.000109566001916
4057.78568,1.0007806145210498
4057.904882,0.9996036785560998
4058.024084,1.000378551632592
4058.143286,1.0006568856549465
4058.262488,1.0000791271303862
4058.38169,1.0002298264060427
4058.500892,1.000245880223588
4058.620094,1.0005049174279126
4058.739296,1.0001554020736514
4058.858498,1.0003511916533543
4058.9777,1.000103945401949
4059.096902,1.0002863409877565
4059.216104,1.0004621267476794
4059.335306,1.0000899560458025
4059.454508,1.0002415491683034
4059.57371,1.0002116423930918
4059.692912,1.0002565228963725
4059.812114,1.0004452891117754
4059.931316,1.0003520919698319
4060.050518,0.9999769692652114
4060.16972,1.0003554831691719
4060.288922,0.9999955516098941
4060.408124,1.0002821197883043
4060.527326,1.0001293283621917
4060.646528,0.9998632093566934
4060.76573,1.0003001050225049
4060.884932,1.0003556832402885
4061.004134,1.0003054066271106
4061.123336,1.0002993848066886
4061.242538,1.000397238878475
4061.36174,1.0004254604826475
4061.480942,1.0006958920205786
4061.600144,1.0005577855045118
4061.719346,0.9999044405660936
4061.838548,1.0004960329836927
4061.95775,1.000716236374863
4062.076952,1.0005797579947384
4062.196154,1.0005550439799353
4062.315356,1.0003717890964405
4062.434558,1.0008520227653548
4062.55376,1.0005476298945286
4062.672962,1.000339657670608
4062.792164,1.0005663703271401
4062.911366,1.000470410608384
4063.030568,1.0000262313440358
4063.14977,1.0002306766017564
4063.268972,1.0002608840243197
4063.388174,1.0001037553822174
4063.507376,1.0003373568920413
4063.626578,1.0005972782996908
4063.74578,1.0001775657629342
4063.864982,1.0005132216531898
4063.984184,1.000176735615899
4064.103386,1.0005601068012668
4064.222588,1.0002485508836536
4064.34179,1.0000892859857564
4064.460992,1.0004404369638897
4064.580194,1.0003889156080723
4064.699396,1.0002666055329397
4064.818598,1.0002572030710393
4064.9378,1.0002487509333837
4065.057002,1.0006801411911974
4065.176204,1.0001271180788183
4065.295406,1.0000908091228988
4065.414608,1.0005743348671468
4065.53381,1.0002682959849316
4065.653012,1.000601700949435
4065.772214,1.0002768783237292
4065.891416,1.0001322087388052
4066.010618,1.0003261331698623
4066.12982,0.9998776374869031
4066.249022,1.000615109102062
4066.368224,1.0004267910493947
4066.487426,1.000342828752349
4066.606628,0.999908172216429
4066.72583,1.0000656241531705
4066.845032,1.0001056955853849
4066.964234,1.0003142393628477
4067.083436,0.9999826791500076
4067.202638,1.0001497312085985
4067.32184,0.9999999009350049
4067.441042,0.9993376694377858
4067.560244,0.9997781946024552
4067.679446,1.0003993597228695
4067.798648,1.0005989793165098
4067.91785,1.0003996098227406
4068.037052,1.0004021908570635
4068.156254,1.0003253529157827
4068.275456,1.0002517516841376
4068.394658,1.0000766239354637
4068.51386,1.0005787073865442
4068.633062,1.0006766087965338
4068.752264,1.0001471408241493
4068.871466,1.0002341174012022
4068.990668,1.0004740123083453
4069.10987,1.0004275213612188
4069.229072,1.0000627259671913
4069.348274,1.000393497399798
4069.467476,1.0002341674129092
4069.586678,0.9999687644878388
4069.70588,1.0005986991488347
4069.825082,1.0002162133707422
4069.944284,1.0002906422282705
4070.063486,0.9998813670374465
4070.182688,1.000384383856549
4070.30189,1.0002952835876182
4070.421092,1.0003526221565813
4070.540294,1.000605503243123
4070.659496,0.9999334772127387
4070.778698,1.000291032341697
4070.8979,1.000152831677571
4071.017102,1.0001081558484222
4071.136304,1.00033159496546
4071.255506,1.0002812095319895
4071.374708,1.000441497431315
4071.49391,1.0004369654415965
4071.613112,1.0002408890090988
4071.732314,1.000364776514778
4071.851516,1.0001802262387975
4071.970718,1.00033404578087
4072.08992,1.0004351746610312
4072.209122,0.999750401154976
4072.328324,1.000937108812341
4072.447526,1.0005573152424632
4072.566728,1.000039793791752
4072.68593,0.9998190063813216
4072.805132,1.000483696943658
4072.924334,1.0005348329721788
4073.043536,1.0004598356920325
4073.162738,1.0000780980494939
4073.28194,1.0003586442974932
4073.401142,0.9998852365858245
4073.520344,1.0005801282093174
4073.639546,1.0004304126009333
4073.758748,0.9999242158717622
4073.87795,0.9999294294902156
4073.997152,1.0002295663463217
4074.116354,1.0003423785981775
4074.235556,1.0002387484958866
4074.354758,1.0003635460668596
4074.47396,1.0002224947482856
4074.593162,1.000060584835187
4074.712364,1.0005647193939913
4074.831566,1.000325122840978
4074.950768,1.0001413899946232
4075.06997,1.0001204272507793
4075.189172,1.0001668439168983
4075.308374,1.0003719091410623
4075.427576,0.9998041891734428
4075.546778,1.000266615535606
4075.66598,1.0001286682770527
4075.785182,0.9998923057994368
4075.904384,1.0004539930236527
4076.023586,1.000362005508185
4076.142788,0.9998142072616089
4076.26199,1.0002255954428254
4076.381192,1.000327273542304
4076.500394,1.0000861887140338
4076.619596,1.0001721748203833
4076.738798,1.0003860444960047
4076.858,1.0002498111976217
4076.977202,1.0004943321418824
4077.096404,0.9998489914029461
4077.215606,0.999976851267936
4077.334808,1.0006377933037098
4077.45401,1.0006250752781802
4077.573212,1.0001008450845237
4077.692414,0.9998486414558604
4077.811616,1.0004732019247236
4077.930818,1.0004237397523352
4078.05002,0.9998537107013231
4078.169222,1.0003819929407287
4078.288424,1.0000985268534517
4078.407626,1.0007685752026738
4078.526828,0.9999723343827003
4078.64603,1.0003209314874941
4078.765232,1.0001318086860016
4078.884434,1.0008289133589483
4079.003636,1.000106755697984
4079.122838,1.000066995244081
4079.24204,1.0001413199847284
4079.361242,1.0001126863486296
4079.480444,1.000024719305517
4079.599646,0.9999643366359529
4079.718848,1.0000713755471131
4079.83805,0.9998286746778595
4079.957252,1.0003799021445483
4080.076454,0.9999464854319556
4080.195656,1.0003394475993022
4080.314858,0.9997782545891487
4080.43406,1.0002953336023837
4080.553262,1.0002645949990832
4080.672464,1.0002892018107827
4080.791666,1.0002660053731565
4080.910868,1.0001292983583123
4081.03007,1.0003704485991411
4081.149272,1.000364266328872
4081.268474,0.9999549460149613
4081.387676,0.9997763450145061
4081.506878,1.0004219589996635
4081.62608,1.0001935687320098
4081.745282,0.9999710214198871
4081.864484,0.9998594898724728
4081.983686,0.9999707914265787
4082.102888,1.000160102815088
4082.22209,1.000403351324278
4082.341292,0.999911329931423
4082.460494,1.0003823530783111
4082.579696,0.9999000409962342
4082.698898,1.0003661570191222
4082.8181,1.0002097019843876
4082.937302,1.0003073372184086
4083.056504,1.0005527827280911
4083.175706,1.0003175003925835
4083.294908,1.0007310370774498
4083.41411,1.0005942364885883
4083.533312,1.0003042862856826
4083.652514,1.000435374748086
4083.771716,1.000338277202833
4083.890918,0.9998248853343633
4084.01012,1.0004142357719517
4084.129322,1.0004101340819935
4084.248524,1.0006020311480508
4084.367726,1.0000937673958874
4084.486928,1.0002349676005633
4084.60613,0.9998753977635035
4084.725332,1.0000938654050815
4084.844534,1.000244349848562
4084.963736,1.000315859873228
4085.082938,1.0000399037961354
4085.20214,0.9999045625544428
4085.321342,1.000229726383065
4085.440544,1.0003939675848523
4085.559746,1.0002446099121267
4085.678948,1.000169784411742
4085.79815,1.000156082179556
4085.917352,1.0002029405896558
4086.036554,1.000261694235964
4086.155756,1.0003373168785479
4086.274958,0.9999428786314875
4086.39416,1.0004002400746934
4086.513362,1.0003130789990031
4086.632564,1.0000963316395943
4086.751766,1.0004892896631554
4086.870968,1.0003673874702521
4086.99017,1.0002036007238144
4087.109372,1.0002207143538295
4087.228574,1.0005451785558384
4087.347776,1.0007548347444648
4087.466978,1.0003867147548788
4087.58618,1.000365236682681
4087.705382,1.000536713979433
4087.824584,1.0001806663181938
4087.943786,1.000663459992282
4088.062988,1.0002032106444863
4088.18219,1.0006315493433608
4088.301392,1.0007519425671716
4088.420594,1.000338307212982
4088.539796,1.0004950424931105
4088.658998,1.0006878864854645
4088.7782,1.000378581643949
4088.897402,1.0008121796394112
4089.016604,1.000023669280113
4089.135806,1.0002966239841964
4089.255008,1.000357313821381
4089.37421,1.0006687435092991
4089.493412,1.0002788788794865
4089.612614,1.0007352501639846
4089.731816,1.000001770301567
4089.851018,1.0001402598354912
4089.97022,1.0004180273490904
4090.089422,1.000482806513564
4090.208624,1.00043461441749
4090.327826,0.9998828468629648
4090.447028,1.0003639662196373
4090.56623,1.0003503213481961
4090.685432,1.000482496363942
4090.804634,1.0002396787183554
4090.923836,1.0006121873102094
4091.043038,1.0003760306818184
4091.16224,1.0003575038892887
4091.281442,1.0001137864731897
4091.400644,1.0002613441444321
4091.519846,1.0003691481184034
4091.639048,1.0000207072143914
4091.75825,1.0003540426583133
4091.877452,1.0004628971038136
4091.996654,1.0003849640796598
4092.115856,1.0004064025591526
4092.235058,1.0004403769374652
4092.35426,1.0004663987300813
4092.473462,1.0002452700737872
4092.592664,1.0000807482599652
4092.711866,1.0000608018483574
4092.831068,1.0000732966860708
4092.95027,1.0001505213271984
4093.069472,1.0003067470372538
4093.188674,1.0000811552929125
4093.307876,1.0007121434538262
4093.427078,1.0007080905778523
4093.54628,1.0001353591602244
4093.665482,1.000122607515687
4093.784684,1.000162933272184
4093.903886,0.9997073228383192
4094.023088,1.0003261131633399
4094.14229,1.0001621531454004
4094.261492,1.0006263860978875
4094.380694,1.0004160365191967
4094.499896,1.0001039754050678
4094.619098,1.0005346528759251
4094.7383,1.0003855042876864
4094.857502,0.9999962681069635
4094.976704,1.0003076473137311
4095.095906,1.0003719691633788
4095.215108,1.0002824598842828
4095.33431,1.000310848303324
4095.453512,1.0002076115482952
4095.572714,1.0004432081877381
4095.691916,0.999982678150025
4095.811118,0.9995587673717595
4095.93032,1.0001992498476144
4096.049522,1.000711653104996
4096.168724,1.0002803292849123
4096.287926,1.0002333372188947
4096.407128,1.0003807824792497
4096.52633,1.0004393965063763
4096.645532,1.0000368966806659
4096.764734,1.0002794790469938
4096.883936,0.999980069198621
4097.003138,1.000253372093288
4097.12234,1.0005662902818337
4097.241542,1.000128808295076
4097.360744,1.000297294183159
4097.479946,1.0003795019926676
4097.599148,1.0001180869717177
4097.71835,1.0002017703529
4097.837552,1.0005691418998246
4097.956754,1.0007818554897812
4098.075956,0.9999272066495645
4098.195158,1.0003554231478446
4098.31436,0.9997766049563895
4098.433562,1.0002866010622389
4098.552764,1.0001691943117432
4098.671966,1.000379622038215
4098.791168,1.0008775848524427
4098.91037,0.9998603997450225
4099.029572,1.0006437070905436
4099.148774,1.00012844824877
4099.267976,0.9999499792510794
4099.387178,1.0003346259747847
4099.50638,1.000231386765789
4099.625582,1.000580088186113
4099.744784,1.0001961592367075
4099.863986,0.9997571794856743
4099.983188,1.0001663238302747
4100.10239,1.00012109733169
4100.221592,1.0002690161783638
4100.340794,1.0001644335177091
4100.459996,1.0003049264806307
4100.579198,1.000215183148573
4100.6984,1.0006920593626516
4100.817602,1.0004632872844195
4100.936804,1.0000658851703326
4101.056006,1.000323472305887
4101.175208,1.0001248877978317
4101.29441,1.000144280407417
4101.413612,1.0002694963076069
4101.532814,1.0004315030706774
4101.652016,1.000150831373908
4101.771218,1.0005497510577526
4101.89042,1.0000414508590632
4102.009622,1.0008253404061052
4102.128824,1.0006007303662559
4102.248026,1.0002650351156017
4102.367228,0.9996865291422594
4102.48643,1.0003056567034936
4102.605632,1.0006322998173043
4102.724834,1.000550951718174
4102.844036,1.0005402158640602
4102.963238,1.0005252278838868
4103.08244,1.0002234949712805
4103.201642,1.0002901120743706
4103.320844,1.000246390349117
4103.440046,1.0004623768632424
4103.559248,0.9999264467051763
4103.67845,1.000430982846431
4103.797652,1.0004501712966987
4103.916854,1.0001310185821848
4104.036056,0.9999263907092968
4104.155258,1.0002679258857305
4104.27446,1.0003436590372414
4104.393662,1.0003375369527818
4104.512864,1.001018218032364
4104.632066,0.9999223860121215
4104.751268,1.0003002950795428
4104.87047,1.0005572251923087
4104.989672,1.0002572030710393
4105.108874,1.0003911864934882
4105.228076,1.0004610762629977
4105.347278,0.9997352150617211
4105.46648,1.0001182969965379
4105.585682,1.0000797161771655
4105.704884,0.9999785552299424
4105.824086,1.0004595355541268
4105.943288,1.0004247401765753
4106.06249,0.999800329936721
4106.181692,1.0003418184066022
4106.300894,1.0002060012153369
4106.420096,1.000076073893472
4106.539298,1.0005060279889872
4106.6585,1.0008321860748457
4106.777702,1.0003419484510472
4106.896904,1.0002935030635982
4107.016106,1.0009795794748768
4107.135308,1.0005060980244118
4107.25451,1.0007632611356483
4107.373712,1.0004462995620276
4107.492914,1.0000727866488195
4107.612116,1.0005519722806655
4107.731318,1.0004480103266626
4107.85052,1.0004996848008778
4107.969722,1.0005198650830376
4108.088924,1.0002975342545384
4108.208126,1.0003610451611207
4108.327328,1.0002665255116145
4108.44653,1.0004960629985742
4108.565732,1.0003256630166901
4108.684934,0.9999040376046853
4108.804136,1.0003350861288185
4108.923338,1.0004899299765058
4109.04254,1.0002194540765235
4109.161742,1.000057143632635
4109.280944,1.0003062368809428
4109.400146,0.9998668188693943
4109.519348,0.9996030787940726
4109.63855,1.000329574297679
4109.757752,1.000161503040212
4109.876954,1.0008126900537528
4109.996156,1.00101961945885
4110.115358,1.0000373826987157
4110.23456,1.0000771119729754
4110.353762,1.000334936078567
4110.472964,1.0007773119504713
4110.592166,1.0007682149260515
4110.711368,0.9998297145002218
4110.83057,1.0002443998607808
4110.949772,1.0000912111594848
4111.068974,0.9998736179868796
4111.188176,1.0004763634250367
4111.307378,1.0003259931242134
4111.42658,1.0004938118849651
4111.545782,1.0005812888829393
4111.664984,1.0004061424535218
4111.784186,1.0003250428149713
4111.903388,1.0004342542610938
4112.02259,1.0004132153499516
4112.141792,1.0000822083789236
4112.260994,1.0002135628012887
4112.380196,1.0000168911426537
4112.499398,1.000385384241433
4112.6186,1.0003061068411405
4112.737802,1.0003328053674223
4112.857004,1.0001820665721068
4112.976206,1.000231466784303
4113.095408,1.000719018369867
4113.21461,1.0003195510455611
4113.333812,1.00005870072282
4113.453014,1.000328123820848
4113.572216,1.0003628858271372
4113.691418,1.0006280771579088
4113.81062,1.0005341125873584
4113.929822,1.0004720413764825
4114.049024,1.000388625495329
4114.168226,1.00032994441969
4114.287428,1.0002502213001283
4114.40663,1.0006997347001818
4114.525832,1.000619391743894
4114.645034,1.0005381847694836
4114.764236,1.0002834701700776
4114.883438,1.0003825131395003
4115.00264,1.0005175238692925
4115.121842,1.0010361364188358
4115.241044,1.0001778658162488
4115.360246,1.0005959575121552
4115.479448,1.000415196170079
4115.59865,1.000570052418158
4115.717852,1.0005708928973551
4115.837054,1.0005522124131676
4115.956256,1.0005904442436184
4116.075458,1.0004129252301612
4116.19466,1.0004536228557437
4116.313862,1.000441357369515
4116.433064,1.0001860773102353
4116.552266,1.0001956291328835
4116.671468,0.9999451225058248
4116.79067,1.0003965686125493
4116.909872,1.000020802216363
4117.029074,1.0003552330803323
4117.148276,1.0001309985795646
4117.267478,1.000266625538272
4117.38668,1.000971521621695
4117.505882,1.0004665287907215
4117.625084,1.000229166254575
4117.744286,1.0008411735882305
4117.863488,1.0006219233141573
4117.98269,1.0005456988394665
4118.101892,1.0004714811122961
4118.221094,1.00057283400677
4118.340296,1.000254822461729
4118.459498,1.0004128652053874
4118.5787,1.0003163800376105
4118.697902,1.000398619427617
4118.817104,1.0003178605069485
4118.936306,1.0005833100591843
4119.055508,1.0004177872487925
4119.17471,1.0004449389559855
4119.293912,1.0004500112246841
4119.413114,1.000544037934985
4119.532316,1.0006195218244234
4119.651518,1.0007724381768297
4119.77072,1.0004296922912956
4119.889922,1.0004779841980582
4120.009124,1.0005620879122397
4120.128326,1.0004362051097917
4120.247528,1.000457964833889
4120.36673,1.0003800221901438
4120.485932,1.0004368453891679
4120.605134,1.0006264261229436
4120.724336,1.0008233787903604
4120.843538,1.000334315871099
4120.96274,1.0012841237817938
4121.081942,1.0012404687456835
4121.201144,1.0003744300814497
4121.320346,1.0001732850121134
4121.439548,1.0006749776949908
4121.55875,1.0009576882908546
4121.677952,0.9999849691129649
4121.797154,1.0003439491369448
4121.916356,1.0002825799181851
4122.035558,1.0003909263918136
4122.15476,1.0006401347988858
4122.273962,1.0004726116457086
4122.393164,1.0006930900760036
4122.512366,1.000591865083058
4122.631568,1.0008906063545262
4122.75077,1.0006750077152406
4122.869972,1.0002723970933523
4122.989174,1.000276528226883
4123.108376,1.0005028763999628
4123.227578,1.0003889856352988
4123.34678,1.00040576229926
4123.465982,1.000447029888093
4123.585184,1.0005334122137248
4123.704386,1.0005448683868812
4123.823588,1.0005295801780942
4123.94279,1.0004986642917197
4124.061992,1.0004846173890827
4124.181194,1.000505217579433
4124.300396,1.0005484503439217
4124.419598,1.0004276914339119
4124.5388,1.000495242592139
4124.658002,1.000850571530974
4124.777204,1.0006204524010114
4124.896406,1.0004904002068835
4125.015608,1.000402691058284
4125.13481,1.0005884330588466
4125.254012,1.0005697322357925
4125.373214,1.0005548838911411
4125.492416,1.0006212929225444
4125.611618,1.0005337323844679
4125.73082,1.0001659737721227
4125.850022,1.0005512318724799
4125.969224,1.0002150531206075
4126.088426,1.0002310366848648
4126.207628,1.0010306307352261
4126.32683,1.0008486699166945
4126.446032,1.0003403879188248
4126.565234,1.001047247981619
4126.684436,1.0010380383893018
4126.803638,1.0010868902375507
4126.92284,1.000337026780768
4127.042042,1.0006729363201186
4127.161244,1.0005989192805729
4127.280446,1.0004216288604715
4127.399648,1.000846367967401
4127.51885,1.0003159298953408
4127.638052,1.0004354447785646
4127.757254,1.000556144591089
4127.876456,1.0004226592952798
4127.995658,1.001084587740351
4128.11486,1.0004050920276237
4128.234062,1.0005655298517422
4128.353264,1.0004242799813006
4128.472466,1.00097924915167
4128.591668,1.0003296943372353
4128.71087,1.0005651396312616
4128.830072,1.0006301184412685
4128.949274,1.000865053943524
4129.068476,1.000720689572023
4129.187678,1.0005420768705924
4129.30688,1.000277828587215
4129.426082,1.0006619389849787
4129.545284,1.0009758658475258
4129.664486,1.0006459185155798
4129.783688,1.0003424086084494
4129.90289,1.0007112227990778
4130.022092,1.0004652181804274
4130.141294,1.000610696399161
4130.260496,1.000433053740709
4130.379698,1.000517083641679
4130.4989,1.0005299503741074
4130.618102,1.0001516715009593
4130.737304,1.000377211126231
4130.856506,1.000244949995352
4130.975708,1.0006697141584513
4131.09491,1.000538284823307
4131.214112,1.0007726983776974
4131.333314,1.0002109722515158
4131.452516,1.0003812426545153
4131.571718,1.0000523993727992
4131.69092,1.0004636974744514
4131.810122,1.0007253729558094
4131.929324,1.0008149518929883
4132.048526,1.0006808116471166
4132.167728,0.9995800382086502
4132.28693,1.0008884144064985
4132.406132,1.0004098239549
4132.525334,0.9999330802392271
4132.644536,1.000516133150901
4132.763738,1.0002717669219405
4132.88294,1.0007363109439118
4133.002142,1.0002204642986823
4133.121344,1.0001897880074655
4133.240546,1.0002190939975848
4133.359748,1.0007283150927309
4133.47895,1.0009381197593317
4133.598152,1.0001825866669167
4133.717354,1.0005041470394227
4133.836556,1.0005719535030637
4133.955758,1.0006057934187609
4134.07496,1.0003026657940515
4134.194162,1.0008120295175955
4134.313364,1.0005677110869748
4134.432566,0.9999401747895993
4134.551768,1.0007291657121602
4134.67097,1.0002258154924806
4134.790172,1.0004652682036894
4134.909374,1.0004416374931344
4135.028576,1.0003058267554696
4135.147778,1.0002160033253595
4135.26698,1.0006975031422616
4135.386182,1.0006075144622057
4135.505384,1.000370578647308
4135.624586,1.0003419584544666
4135.743788,1.0002470004996011
4135.86299,1.0005051275339674
4135.982192,1.000701045617693
4136.101394,1.000173385029447
4136.220596,1.000578737403906
4136.339798,1.0001602728423198
4136.459,1.0007235116083468
4136.578202,1.0003863045964099
4136.697404,1.0003060568258364
4136.816606,1.0005919651422495
4136.935808,1.0007453476336003
4137.05501,1.0007956563667253
4137.174212,1.0000844745677753
4137.293414,1.0006970328145457
4137.412616,1.0001765655858685
4137.531818,1.0011712854196047
4137.65102,1.000235067624065
4137.770222,1.0000808122651352
4137.889424,1.0007135944874863
4138.008626,1.000431012859361
4138.127828,1.0002662754450145
4138.24703,1.0005629283847464
4138.366232,1.000890216007266
4138.485434,1.0004781142602048
4138.604636,1.0005059779636871
4138.723838,1.0005875625472886
4138.84304,1.0000588327305773
4138.962242,1.0001456005987384
4139.081444,1.0004502813462237
4139.200646,0.9999089671437419
4139.319848,1.0001925285312392
4139.43905,1.0003899260013873
4139.558252,1.000128258224383
4139.677454,1.0003962885015494
4139.796656,1.000729596025794
4139.915858,1.0003695482661425
4140.03506,1.0007061692201629
4140.154262,1.0003802122623662
4140.273464,1.000644557638056
4140.392666,1.0006622591968506
4140.511868,1.0006075845047342
4140.63107,1.000611296765759
4140.750272,1.0005687316665606
4140.869474,1.000399249678946
4140.988676,1.00022169457061
4141.107878,1.0001657937422637
4141.22708,1.0004188476922091
4141.346282,1.000446429620055
4141.465484,1.0004132253540838
4141.584686,1.0001395897417416
4141.703888,1.0005964778221883
4141.82309,1.0006488203929513
4141.942292,1.0006735967644744
4142.061494,1.000562898367859
4142.180696,1.0003798221141593
4142.299898,1.0006657214942571
4142.4191,1.0008051339464674
4142.538302,1.0005624681259053
4142.657504,1.0004825563928936
4142.776706,1.0004857679470542
4142.895908,1.0005267786991918
4143.01511,1.0004627570390179
4143.134312,1.0007886508216501
4143.253514,1.0005826096511123
4143.372716,1.0003991096230607
4143.491918,1.0007750101653008
4143.61112,1.0008130503463861
4143.730322,1.000763971677816
4143.849524,1.0002710767346596
4143.968726,1.0002589335174974
4144.087928,1.0011687824945197
4144.20713,1.0002027405490876
4144.326332,1.0004724815842774
4144.445534,1.0004493609323881
4144.564736,1.0008792463106124
4144.683938,1.0004086634801772
4144.80314,1.000599069370422
4144.922342,1.0004486406091075
4145.041544,1.001005405081176
4145.160746,1.0004357549136007
4145.279948,1.0001928185871145
4145.39915,1.0005491607335735
4145.518352,1.0008835801271316
4145.637554,1.000519975140229
4145.756756,1.0002734073689836
4145.875958,1.000044193976525
4145.99516,1.0004108443734407
4146.114362,1.000554013408771
4146.233564,1.0010222221132443
4146.352766,1.0006259658348935
4146.471968,1.0005848209411232
4146.59117,1.0007219004447903
4146.710372,1.0001218074179212
4146.829574,1.0008760935459522
4146.948776,1.0005322015690283
4147.067978,1.00047049064602
4147.18718,1.0003726594202755
4147.306382,1.0002483708389307
4147.425584,1.0005986891428478
4147.544786,1.0003100680611667
4147.663988,1.0000800011999254
4147.78319,1.0006399446772782
4147.902392,1.00033979771817
4148.021594,1.0004452991162283
4148.140796,0.9999374939535843
4148.259998,1.0003581341147147
4148.3792,1.0002464403614377
4148.498402,0.9997621382935824
4148.617604,0.999931312359104
4148.736806,1.0005243174063436
4148.856008,1.0003020956216946
4148.97521,1.0001950590215374
4149.094412,1.0007134243661897
4149.213614,1.0008276222904826
4149.332816,1.0005310309470374
4149.452018,1.0002566229220298
4149.57122,1.0004603159128689
4149.690422,1.000644027296581
4149.809624,1.000377191118687
4149.928826,1.0008137909483175
4150.048028,1.0003618354466584
4150.16723,0.9998609696656128
4150.286432,1.0005746750624787
4150.405634,1.0003829032887566
4150.524836,1.0007936848012242
4150.644038,1.000300945274946
4150.76324,1.0003875850916992
4150.882442,1.000674797573511
4151.001644,1.0001287682899247
4151.120846,1.000326843401669
4151.240048,1.0005519822861852
4151.35925,1.0002486709134868
4151.478452,1.000559926700464
4151.597654,1.0000654561421598
4151.716856,1.000537424360752
4151.836058,1.0006584366743214
4151.95526,1.0004724815842774
4152.074462,1.000446869816581
4152.193664,0.9999685394948921
4152.312866,1.0003681177387114
4152.432068,1.0002573331044842
4152.55127,1.0001311886044724
4152.670472,1.0006895576356305
4152.789674,1.0005254580047156
4152.908876,1.000296103830087
4153.028078,1.0002802892737
4153.14728,0.999942956627035
4153.266482,1.0006366225581766
4153.385684,1.0008601897511817
4153.504886,1.0005394954753641
4153.624088,1.0004390963746024
4153.74329,1.000534222646117
4153.862492,0.9999480163511967
4153.981694,1.0002998149355165
4154.100896,1.0000038286073292
4154.220098,1.0000430479265354
4154.3393,1.0005273389943448
4154.458502,1.0005729540755175
4154.577704,1.000443838467158
4154.696906,1.0001494011592418
4154.816108,0.9998943155849913
4154.93531,1.000582939843428
4155.054512,1.0006149189852094
4155.173714,1.0004656984038474
4155.292916,1.0006841639334507
4155.412118,1.0003556532296185
4155.53132,1.0006438671935496
4155.650522,1.0004090336314513
4155.769724,1.00061683016153
4155.888926,1.000244209814363
4156.008128,1.0002676058000455
4156.12733,1.0005081290538522
4156.246532,1.0003208014457816
4156.365734,1.000578787432844
4156.484936,1.0007003451272063
4156.604138,1.0002677158294881
4156.72334,1.0006378333292225
4156.842542,1.0003779414018616
4156.961744,1.0005949168929005
4157.080946,1.0004664287440737
4157.200148,0.9997327557161171
4157.31935,1.0000773299898096
4157.438552,1.000550221316246
4157.557754,1.0001537118124502
4157.676956,1.0004610262399454
4157.796158,1.0006616988261423
4157.91536,1.0006778396295195
4158.034562,1.0004562640567944
4158.153764,1.0007154858379672
4158.272966,1.00031431938799
4158.392168,1.0003179105228428
4158.51137,1.0003356563199801
4158.630572,1.0001480009510602
4158.749774,1.0005304506392076
4158.868976,1.0003839837028754
4158.988178,1.000078629091105
4159.10738,1.0005836802750776
4159.226582,1.000221024422299
4159.345784,1.0007620902433179
4159.464986,1.0004239798540617
4159.584188,1.0001273081029889
4159.70339,1.0003341958309881
4159.822592,1.000472441565379
4159.941794,1.0009186917389767
4160.060996,1.000078613089847
4160.180198,1.0006706247683055
4160.2994,1.0009640243730753
4160.418602,1.0005895036890429
4160.537804,1.0008800370055293
4160.657006,1.0009009756349208
4160.776208,1.0006112467351953
4160.89541,1.0004001400346743
4161.014612,1.000463477372462
4161.133814,1.0002049910077857
4161.253016,1.0004087335087861
4161.372218,1.0005525926230805
4161.49142,1.0007485800462936
4161.610622,1.0001307485468462
4161.729824,1.0005135318123366
4161.849026,1.0002347075395055
4161.968228,1.000336556622476
4162.08743,1.0004448689248422
4162.206632,1.0005470695880128
4162.325834,1.0003161699711927
4162.445036,1.0005793477571219
4162.564238,1.0004972836045156
4162.68344,0.9999930872238934
4162.802642,1.000219414067746
4162.921844,1.000181836530258
4163.041046,1.0006402949013202
4163.160248,1.0007678846725951
4163.27945,1.0004490607976249
4163.398652,1.0006380034376685
4163.517854,1.0002176836896566
4163.637056,1.0002776385344456
4163.756258,1.0005580756663117
4163.87546,1.0006397945812977
4163.994662,1.0002661554130685
4164.113864,0.9997727358284152
4164.233066,1.0004383960674799
4164.352268,1.0009328748573258
4164.47147,0.9999275486247277
4164.590672,1.0001722348307156
4164.709874,1.000658646812615
4164.829076,1.0006622892167187
4164.948278,1.0003161899775164
4165.06748,1.0003713989515188
4165.186682,1.0004525223573637
4165.305884,1.0003980291926058
4165.425086,0.999921408088506
4165.544288,1.000185797258173
4165.66349,1.0000906021041227
4165.782692,1.00073556039196
4165.901894,1.0003167701610747
4166.021096,1.0003754004451175
4166.140298,1.0003885354603566
4166.2595,1.000375550501439
4166.378702,1.0003421885331436
4166.497904,1.0000438739624342
4166.617106,0.999608926489188
4166.736308,1.0000976747698698
4166.85551,1.0004343042828077
4166.974712,1.0004891796093398
4167.093914,1.0005349630417155
4167.213116,1.0004641776971415
4167.332318,1.0004770337444249
4167.45152,1.0001327888156544
4167.570722,1.000169804415138
4167.689924,1.0006119171449552
4167.809126,1.000448420510431
4167.928328,1.0001834868316497
4168.04753,1.0005193648232302
4168.166732,1.0004570143992737
4168.285934,1.0004871786329814
4168.405136,1.000372679427729
4168.524338,1.0003376970068005
4168.64354,1.000582639668591
4168.762742,1.0005381447479569
4168.881944,1.0003710988401442
4169.001146,1.0004471999641025
4169.120348,1.0001027852820452
4169.23955,1.000477854135929
4169.358752,1.0007748400335634
4169.477954,1.0004744024932861
4169.597156,1.000045087016389
4169.716358,1.001001501167709
4169.83556,1.0001529416943886
4169.954762,0.9996107657713049
4170.073964,1.0001397597654862
4170.193166,1.0007204093702693
4170.312368,1.0003203613047258
4170.43157,1.000612047224513
4170.550772,1.0004635273956373
4170.669974,1.0002690761945066
4170.789176,1.0008280226216117
4170.908378,1.000577956952795
4171.02758,1.0001681841413672
4171.146782,1.000334565954709
4171.265984,1.0003428787694917
4171.385186,1.0008967618506834
4171.504388,1.0008023817361333
4171.62359,1.0004720413764825
4171.742792,1.0000463810755689
4171.861994,1.0006439872708208
4171.981196,1.000117716928094
4172.100398,1.0000777500223763
4172.2196,1.0001838769032858
4172.338802,1.0006415056768094
4172.458004,1.0005232068249676
4172.577206,1.000459375480614
4172.696408,1.0002283560692786
4172.81561,1.000464237724994
4172.934812,1.0003325552842521
4173.054014,1.0005084392114203
4173.173216,1.000416426681527
4173.292418,1.0003818128719861
4173.41162,1.0007440566729346
4173.530822,1.0002931529609334
4173.650024,1.000533852448523
4173.769226,1.0010502511278678
4173.888428,1.0003497311416807
4174.00763,1.0000861987148957
4174.126832,1.0006680830681465
4174.246034,1.0006593272607263
4174.365236,1.0003763207909093
4174.484438,1.0003329754240136
4174.60364,1.0001892579070184
4174.722842,1.0006766188032998
4174.842044,0.9997408835764607
4174.961246,1.0006761985192083
4175.080448,1.000571073000132
4175.19965,1.0005009554362843
4175.318852,1.0005765061158094
4175.438054,0.9997855030077699
4175.557256,1.0010588601970465
4175.676458,1.0007067996652481
4175.79566,1.0010145142718092
4175.914862,1.0000676582887187
4176.034064,1.0001368093575467
4176.153266,1.0000991309131442
4176.272468,0.9997783545669792
4176.39167,1.0006482700362513
4176.510872,1.0004124550361968
4176.630074,1.000396768691883
4176.749276,0.9998962653808078
4176.868478,1.0005815090108472
4176.98768,1.000573814568628
4177.106882,1.0005453686594403
4177.226084,1.0003849340681115
4177.345286,1.0005290298869767
4177.464488,1.0000626109599844
4177.58369,1.000338197175774
4177.702892,1.000590754426704
4177.822094,1.0002357477841421
4177.941296,0.9999928023259034
4178.060498,1.0002250053098982
4178.1797,1.0001707545769034
4178.298902,1.0003856743532367
4178.418104,1.0005949268988497
4178.537306,1.000341808403184
4178.656508,1.0004300224331486
4178.77571,1.000633330469104
4178.894912,1.0002596937145758
4179.014114,1.0001858872748988
4179.133316,1.0002833501360682
4179.252518,1.0002179037375711
4179.37172,1.000622273531892
4179.490922,1.0005634786945083
4179.610124,1.0001250678203277
4179.729326,1.0000774179966185
4179.848528,1.000465528324693
4179.96773,1.0005443481036849
4180.086932,1.000159842773495
4180.206134,1.0009505414784745
4180.325336,1.00002071921464
4180.444538,1.0004508816165725
4180.56374,1.0000589167355227
4180.682942,1.0007424654911494
4180.802144,1.0002859708818788
4180.921346,1.0002315568051392
4181.040548,1.0008050939142628
4181.15975,1.0008390117736303
4181.278952,1.0003152296744349
4181.398154,1.0008509818797924
4181.517356,1.0003810725897186
4181.636558,1.0007341493558148
4181.75576,1.0005369441029037
4181.874962,1.0002460302604812
4181.994164,1.0004274113141975
4182.113366,1.0004398767174019
4182.232568,1.0005737045055145
4182.35177,0.9997163902248579
4182.470972,1.0004863582338313
4182.590174,1.0004427779972511
4182.709376,1.0000160641290268
4182.828578,1.0006750377354912
4182.94778,1.0005590462081158
4183.066982,1.0004249602700424
4183.186184,0.999838203090532
4183.305386,1.0007858486173509
4183.424588,1.0005992494782707
4183.54379,1.000194438900793
4183.662992,0.9999681325077793
4183.782194,1.000375670546512
4183.901396,1.0000551515207892
4184.020598,0.9998115477593548
4184.1398,1.000328033791321
4184.259002,1.0006316494065208
4184.378204,1.0002239750786734
4184.497406,1.0004995747459184
4184.616608,1.0001789660125064
4184.73581,1.0004513518285973
4184.855012,1.0003968787355337
4184.974214,1.0008773646593982
4185.093416,1.000295933779764
4185.212618,1.0005394854699692
4185.33182,1.000126778035656
4185.451022,1.000118677041563
4185.570224,0.9999869910846166
4185.689426,1.0007107824862367
4185.808628,1.0002713268024601
4185.92783,1.0000413218537243
4186.047032,1.00011946713563
4186.166234,1.000291582501916
4186.285436,0.9999999821370001
4186.404638,1.000640825240817
4186.52384,0.9999337451949466
4186.643042,1.000702736803889
4186.762244,1.0003478904998688
4186.881446,1.0003793519357536
4187.000648,1.0008399625711433
4187.11985,1.0000301124533708
4187.239052,1.0001383295666524
4187.358254,1.0002044308931477
4187.477456,1.0003952280820456
4187.596658,1.0004235996930215
4187.71586,1.0007327082996773
4187.835062,1.0006118070776504
4187.954264,1.0001590226427601
4188.073466,1.000568591586948
4188.192668,1.0002740675496502
4188.31187,1.0002904821817804
4188.431072,1.0005355433521625
4188.550274,1.0003441392023131
4188.669476,1.0002398787663112
4188.788678,1.000158342534856
4188.90788,1.000162973278702
4189.027082,1.0004213687508818
4189.146284,1.0005502013052419
4189.265486,1.0005040369839726
4189.384688,1.0003105682163258
4189.50389,1.000759448234887
4189.623092,1.0007479095449696
4189.742294,1.0006441773931964
4189.861496,1.0001791760501113
4189.980698,1.000761009420844
4190.0999,1.0003485207192384
4190.219102,0.9999480893474045
4190.338304,1.0007168267976165
4190.457506,1.0005207955669448
4190.576708,1.0002372581412617
4190.69591,0.9999925577276938
4190.815112,1.0000233082716334
4190.934314,1.0000945314678176
4191.053516,0.9999128697960568
4191.172718,1.0003737098121195
4191.29192,1.0002134927863418
4191.411122,1.0004776140212726
4191.530324,1.0001642934946982
4191.649526,1.0001978595716234
4191.768728,1.0007845676122846
4191.88793,1.0013014461469731
4192.007132,1.000400670246889
4192.126334,1.0007827361782016
4192.245536,1.00046800948228
4192.364738,1.0010990034622074
4192.48394,1.0010645662488118
4192.603142,1.00021235254361
4192.722344,1.0002744376511237
4192.841546,0.9999469484072855
4192.960748,1.0009590696134176
4193.07995,1.000692279514929
4193.199152,1.0006169102108795
4193.318354,0.9999020507973364
4193.437556,0.99994662642442
4193.556758,1.000135569188672
4193.67596,1.0002696063372576
4193.795162,1.0005739746604512
4193.914364,1.0002930429286927
4194.033566,1.0003072471907521
4194.152768,1.0003471602461753
4194.27197,1.0002608140060603
4194.391172,1.0004404969903176
4194.510374,1.000557545370672
4194.629576,1.0001610429660264
4194.748778,1.0002957837353852
4194.86798,1.0002396487111653
4194.987182,1.0005761859313786
4195.106384,1.0007017661227051
4195.225586,1.0006594073134758
4195.344788,1.0001574523943273
4195.46399,1.0004911805896999
4195.583192,1.0006840538581987
4195.702394,1.0012308568833206
4195.821596,1.0003976190294979
4195.940798,1.0000060327181968
4196.06,1.0004871986427253
4196.179202,1.000168204144731
4196.298404,1.0001027152748527
4196.417606,1.000062835974097
4196.536808,1.0004039515664689
4196.65601,1.000194558924133
4196.775212,1.0003638061614155
4196.894414,1.001002201869005
4197.013616,1.0001610929740798
4197.132818,1.000308167473843
4197.25202,1.0001337889489432
4197.371222,1.0003767009339835
4197.490424,1.0001910182416613
4197.609626,1.0003431788724004
4197.728828,1.0007788331331415
4197.84803,1.0000489591984625
4197.967232,1.0005539333644529
4198.086434,1.0000421248872282
4198.205636,1.0007788931798731
4198.324838,1.0004956928150994
4198.44404,1.000592245308039
4198.563242,1.0003670673527392
4198.682444,1.000398039196586
4198.801646,1.0003105782194315
4198.920848,1.0000704724830687
4199.04005,1.0002298264060427
4199.159252,0.9998196862584772
4199.278454,1.0004598256874342
4199.397656,1.000290402158545
4199.516858,1.00068748621039
4199.63606,0.9999924933281752
4199.755262,1.0007179476010903
4199.874464,1.0006941508112412
4199.993666,1.0005500512227228
4200.112868,1.0003028258424909
4200.23207,1.000386434646638
4200.351272,1.0006677028143471
4200.470474,1.0005216259995497
4200.589676,1.0004096338770514
4200.708878,1.0005886631942127
4200.82808,0.9998648291364045
4200.947282,1.0003335356106366
4201.066484,1.0003129689645704
4201.185686,1.0003063769238256
4201.304888,1.0002038707788232
4201.42409,1.000308527584848
4201.543292,1.0006119471633133
4201.662494,1.0005260283043893
4201.781696,1.0007140748301269
4201.900898,1.0001712746658311
4202.0201,0.9999845501193506
4202.139302,1.0000211192230077
4202.258504,1.0004782643319332
4202.377706,1.0005564647691065
4202.496908,1.0001443604189626
4202.61611,0.9999423446621328
4202.735312,1.0003560533719598
4202.854514,1.0001609229467086
4202.973716,1.0003783315493349
4203.092918,1.000308947714518
4203.21212,0.999874927822177
4203.331322,1.00037543045638
4203.450524,1.0009030575111153
4203.569726,1.0002673457305016
4203.688928,1.0006716154327142
4203.80813,1.0007630509753855
4203.927332,1.000380262281378
4204.046534,1.000452872515808
4204.165736,1.0003379971081547
4204.284938,1.000468679796071
4204.40414,1.000380992559236
4204.523342,0.9999506342185303
4204.642544,1.0000246713043317
4204.761746,1.0003470402045234
4204.880948,1.0004912106044357
4205.00015,1.0004141257263919
4205.119352,1.0006229339428103
4205.238554,1.000568741672248
4205.357756,1.0008988937630567
4205.476958,1.0006186913105648
4205.59616,1.000460455977323
4205.715362,1.0004093037419268
4205.834564,1.0002315668074548
4205.953766,1.0006627895479885
4206.072968,1.000059075744903
4206.19217,1.0005335122670709
4206.311372,0.9999053454800217
4206.430574,1.0011855021527962
4206.549776,1.0003183006469039
4206.668978,1.000247730680178
4206.78818,1.000584580800795
4206.907382,1.0005228566419067
4207.026584,0.999498465810339
4207.145786,1.0007145851944352
4207.264988,1.0003386273212913
4207.38419,1.0002074015047187
4207.503392,1.0005170636313374
4207.622594,1.000756425945917
4207.741796,1.0007303365659692
4207.860998,1.0009233460217144
4207.9802,1.000170454525722
4208.099402,1.0001979995993335
4208.218604,1.0005067283434521
4208.337806,1.0001266480191833
4208.457008,1.000595657333413
4208.57621,0.9999901412485979
4208.695412,0.9999858351003231
4208.814614,1.000804603519887
4208.933816,1.000885121489032
4209.053018,1.0000428149165324
4209.17222,1.0006208226306472
4209.291422,1.0007650424958385
4209.410624,1.0009337656879809
4209.529826,1.0001106461208304
4209.649028,1.0003292141790971
4209.76823,1.0003204913463812
4209.887432,1.0005651696482163
4210.006634,1.0007592480830174
4210.125836,1.0004590453290745
4210.245038,1.0007795236707746
4210.36424,1.0003274836110536
4210.483442,1.0004439785293051
4210.602644,1.0006667221604788
4210.721846,1.0005639389538143
4210.841048,1.0004459894237228
4210.96025,1.0001923384946767
4211.079452,1.0004096838975345
4211.198654,1.0005798780643167
4211.317856,1.0002912323999233
4211.437058,1.0007016860665672
4211.55626,1.0001055455695418
4211.675462,1.0002458702211292
4211.794664,1.0004787445616152
4211.913866,1.0004970034653156
4212.033068,1.0009016862748659
4212.15227,1.000411834780667
4212.271472,1.0004169068815272
4212.390674,1.0005765161215745
4212.509876,1.0004412173077348
4212.629078,1.0004143658258107
4212.74828,1.000266055386458
4212.867482,1.0006652711947837
4212.986684,1.000207041430119
4213.105886,1.000274837760979
4213.225088,1.0000601858110933
4213.34429,1.0005307708090032
4213.463492,1.0002858508475696
4213.582694,1.000002066902136
4213.701896,1.0004300824589518
4213.821098,1.0001636833946652
4213.9403,1.0005331920963982
4214.059502,1.0005195749323188
4214.178704,1.0010125122447826
4214.297906,1.0000362326563867
4214.417108,1.0007945655000543
4214.53631,1.0001420800924203
4214.655512,1.0004699103733037
4214.774714,1.0001026952727985
4214.893916,1.0000753268369238
4215.013118,1.0005089194555863
4215.13232,1.0004285317935258
4215.251522,1.0004872786817043
4215.370724,1.0001639834438152
4215.489926,1.0004057522952023
4215.609128,1.0005295201463213
4215.72833,1.0003565835608086
4215.847532,1.0007296360549787
4215.966734,1.001012211941074
4216.085936,1.0004766435584578
4216.205138,1.0006617788790813
4216.32434,1.0005188845740502
4216.443542,1.0002597837379523
4216.562744,1.0002772084151534
4216.681946,1.0004331537840194
4216.801148,1.0004553036192418
4216.92035,1.000217293604836
4217.039552,1.0003548429418674
4217.158754,1.0002627345086668
4217.277956,1.000291742548582
4217.397158,1.0003714989886636
4217.51636,1.000708620953281
4217.635562,1.0005154027743903
4217.754764,1.0001562222014173
4217.873966,1.0001766956088305
4217.993168,1.000211982465108
4218.11237,1.0001140765062297
4218.231572,1.0008488500694712
4218.350774,1.0007500011102861
4218.469976,1.000545408681256
4218.589178,1.0007364610543699
4218.70838,1.0007811949739747
4218.827582,1.0009005852836166
4218.946784,1.000000618080191
4219.065986,1.0004789846765427
4219.185188,1.000074645785858
4219.30439,1.0005180941644438
4219.423592,1.0010067063890487
4219.542794,1.0007513921537545
4219.661996,1.0007577869755817
4219.781198,1.0000179171605104
4219.9004,1.000033007544737
4220.019602,1.0006793606609918
4220.138804,1.000196249254366
4220.258006,1.0004424478511889
4220.377208,1.000149271139828
4220.49641,1.0002170735570555
4220.615612,1.0002077115690613
4220.734814,1.0000387407504034
4220.854016,1.0002330671559303
4220.973218,1.0006888071187436
4221.09242,1.0003541627008055
4221.211622,1.0006463187740273
4221.330824,1.0002215845462297
4221.450026,1.0004773438923533
4221.569228,1.0001588126093874
4221.68843,1.0006075744986584
4221.807632,1.0003576439393491
4221.926834,1.0005583057946954
4222.046036,1.0005868321186344
4222.165238,1.000160562888841
4222.28444,1.0006830331609844
4222.403642,1.0007764112512958
4222.522844,1.000141900066862
4222.642046,1.0008598294415783
4222.761248,1.0003753004075826
4222.88045,1.0001950390176364
4222.999652,1.0010767793110196
4223.118854,1.0007204293846776
4223.238056,1.0003142893785608
4223.357258,1.0004160265150364
4223.47646,1.0007538339901303
4223.595662,1.0000932943516474
4223.714864,1.0003467601073912
4223.834066,1.0009946943806443
4223.953268,1.0002463503392622
4224.07247,1.0006045826864833
4224.191672,1.0005786073286784
4224.310874,1.000564609331878
4224.430076,1.0007945955238917
4224.549278,1.0007183178667993
4224.66848,1.0005933259482473
4224.787682,0.9999791542172763
4224.906884,1.0001430002235574
4225.026086,1.0007387327287147
4225.145288,1.0007641518153472
4225.26449,1.0002845004625824
4225.383692,1.000255442619911
4225.502894,1.00066156874013
4225.622096,1.000618891434323
4225.741298,1.0002318168653777
4225.8605,1.0005767462541997
4225.979702,1.000345569695455
4226.098904,1.0003803823270168
4226.218106,1.0011303383514043
4226.337308,1.000410824365224
4226.45651,1.0007547847067242
4226.575712,1.0006930200274897
4226.694914,1.000234887581769
4226.814116,1.000648660289153
4226.933318,1.0006057433884725
4227.05252,1.0009172303987535
4227.171722,1.0008003300933537
4227.290924,1.000786489120499
4227.410126,1.0001784559213638
4227.529328,1.0004567542804839
4227.64853,1.000371569014671
4227.767732,1.0004565341800222
4227.886934,1.0002868111224472
4228.006136,1.0002248052649172
4228.125338,1.000344489322823
4228.24454,1.000846848373773
4228.363742,1.000524667589916
4228.482944,1.0007760709873736
4228.602146,1.0007289755736368
4228.721348,1.0001519515434665
4228.84055,1.0006089753502432
4228.959752,1.0000039369077496
4229.078954,1.0007448072312586
4229.198156,1.0005718834630295
4229.317358,1.0003892857520396
4229.43656,1.0004487306494894
4229.555762,1.0001932286662543
4229.674964,1.0006140984813123
4229.794166,1.0003306646575094
4229.913368,1.0007983785346128
4230.03257,1.0007529733422031
4230.151772,1.0008876237049635
4230.270974,0.9998222158054832
4230.390176,1.0010153150837409
4230.509378,1.0010345347622989
4230.62858,1.000213032688241
4230.747782,1.000096105617849
4230.866984,1.000397398942046
4230.986186,1.000019060181643
4231.105388,1.0001459806541388
4231.22459,1.000814731713723
4231.343792,1.0003741399729071
4231.462994,1.000539575518527
4231.582196,1.0006333104564376
4231.701398,1.000152231586052
4231.8206,1.000214072910336
4231.939802,1.0002468704674996
4232.059004,1.0005734243449165
4232.178206,1.0003593245416027
4232.297408,1.0004152261825354
4232.41661,1.0000448510057762
4232.535812,1.0004953226317617
4232.655014,1.0005317413243215
4232.774216,1.000908252211464
4232.893418,1.0006157795144097
4233.01262,1.0008335672242155
4233.131822,1.0000892009781708
4233.251024,1.000633950861961
4233.370226,1.0003006451847074
4233.489428,1.0008694977942287
4233.60863,1.0006980635330203
4233.727832,1.0005546737746376
4233.847034,0.9998744778785608
4233.966236,1.0004080932474015
4234.085438,1.0000198001960212
4234.20464,1.000359264520045
4234.323842,1.0004470699059749
4234.443044,1.0004288419264187
4234.562246,1.0000021492023095
4234.681448,1.0000504852743386
4234.80065,1.0001530417096878
4234.919852,1.000149041105522
4235.039054,0.9998171167251853
4235.158256,1.0007168668262905
4235.277458,1.0004451690583478
4235.39666,1.0004018707284137
4235.515862,1.0003456497231038
4235.635064,1.0005843106429946
4235.754266,1.0009352670897553
4235.873468,1.0006556148215087
4235.99267,1.0004483804924948
4236.111872,1.0002016603307113
4236.231074,0.9999707144288307
4236.350276,0.9996870789700016
4236.469478,1.0000646310884989
4236.58868,0.9999543780407132
4236.707882,1.0001955291133255
4236.827084,1.0003173003291035
4236.946286,1.0001520115525853
4237.065488,1.0005081590690965
4237.18469,1.0007689755101838
4237.303892,1.0002544423649686
4237.423094,1.000425620550734
4237.542296,1.0006199821095092
4237.661498,1.0004584050354903
4237.7807,1.000493791875089
4237.899902,1.0008474688990112
4238.019104,1.0000261313414176
4238.138306,1.0006659916740384
4238.257508,1.000253702176955
4238.37671,1.0004552035737166
4238.495912,0.9999208781303003
4238.615114,1.0008155323658288
4238.734316,1.0002990246989747
4238.853518,0.9996598778546557
4238.97272,1.0000684373417281
4239.091922,1.0000647690974274
4239.211124,1.0002869311568718
4239.330326,1.00055730523689
4239.449528,1.0003570337213725
4239.56873,1.0000589047348158
4239.687932,1.0004749027306126
4239.807134,1.0005703926120337
4239.926336,0.9998960554026141
4240.045538,1.000772738408606
4240.16474,1.0005794478150616
4240.283942,1.0001453505623694
4240.403144,0.9998643592000452
4240.522346,1.0001539218447517
4240.641548,0.9996210718114276
4240.76075,0.9997804441059238
4240.879952,1.000697002793635
4240.999154,1.0004068727502724
4241.118356,1.0007103321664859
4241.237558,1.0006013407328875
4241.35676,1.0001914183181486
4241.475962,1.0003430188175046
4241.595164,1.0005823995287864
4241.714366,1.0002463603417258
4241.833568,1.0003197911222823
4241.95277,0.999728026991366
4242.071972,1.0007015559753563
4242.191174,1.0002465603910178
4242.310376,0.9998867764102745
4242.429578,1.000217663685303
4242.54878,1.00025890350973
4242.667982,1.0005243974482922
4242.787184,1.0003846639642158
4242.906386,1.000377751330071
4243.025588,1.0004393064668347
4243.14479,1.0005276591631447
4243.263992,1.0002870511913107
4243.383194,1.0000261643422805
4243.502396,1.0003256029971521
4243.621598,1.0002261155602703
4243.7408,1.0003505214182804
4243.860002,1.0003830833576954
4243.979204,1.00021855387942
4244.098406,1.0000767739469687
4244.217608,1.0001121362868035
4244.33681,1.0003998999386696
4244.456012,1.0003084275540004
4244.575214,1.0004311429154011
4244.694416,1.00083501843394
4244.813618,1.0001154966692267
4244.93282,0.9998730380603493
4245.052022,1.000309777971289
4245.171224,1.0003679376724663
4245.290426,1.0006322898109814
4245.409628,1.0000593567615428
4245.52883,1.000274977799466
4245.648032,0.9996280991722635
4245.767234,0.9998356835014349
4245.886436,1.0001114662118966
4246.005638,1.0000980338049994
4246.12484,0.9996329573766309
4246.244042,1.0000008947604002
4246.363244,1.0005715732857936
4246.482446,1.0004631172056753
4246.601648,0.9999331722330747
4246.72085,1.00021388286968
4246.840052,0.9998522509159712
4246.959254,1.0004706207071923
4247.078456,1.0005657399705254
4247.197658,1.0005307007718516
4247.31686,1.0008266514881599
4247.436062,1.0002042708604515
4247.555264,1.000203750754366
4247.674466,1.0004223891811983
4247.793668,0.9999496582671875
4247.91287,1.0002456101572368
4248.032072,0.9995432043629099
4248.151274,1.0002631846269985
4248.270476,0.999913437746728
4248.389678,0.9999400477972051
4248.50888,1.0004789146430162
4248.628082,1.0002675957973695
4248.747284,1.000275387912291
4248.866486,1.0003733896925835
4248.985688,1.0002827699718935
4249.10489,1.0002029705957445
4249.224092,0.9999201411888846
4249.343294,1.000012761081422
4249.462496,0.9998740679301089
4249.581698,1.0000750038126454
4249.7009,1.000099529952777
4249.820102,1.0003408580789175
4249.939304,1.0005885831471228
4250.058506,1.0000343435897276
4250.177708,1.000506618287718
4250.29691,0.9999397238166822
4250.416112,1.0003423886016012
4250.535314,1.0005852912160995
4250.654516,0.9999505302236698
4250.773718,0.9997594689322368
4250.89292,1.0006248251219427
4251.012122,1.0003107182629223
4251.131324,0.9999902263477625
4251.250526,1.000281799698077
4251.369728,1.0002078315939937
4251.48893,1.000001634601336
4251.608132,1.0005094297152655
4251.727334,1.0002928728788898
4251.846536,0.9998368033180275
4251.965738,1.0004303825880214
4252.08494,1.0004666188327132
4252.204142,1.000237138112798
4252.323344,1.0007239018905925
4252.442546,1.0006508917381534
4252.561748,1.0005053876653343
4252.68095,0.9999538330657257
4252.800152,1.0001277281565464
4252.919354,0.9998085983196393
4253.038556,1.0005017058122823
4253.157758,1.0004945022259333
4253.27696,1.000534993057765
4253.396162,1.0001877576242566
4253.515364,1.0004453491384946
4253.634566,0.9998176566265741
4253.753768,1.000468449688301
4253.87297,1.0005370641673441
4253.992172,0.9998048890366202
4254.111374,1.0003964285570397
4254.230576,1.0003150396145593
4254.349778,1.0004134954656911
4254.46898,0.9998514110404331
4254.588182,0.999927501628134
4254.707384,1.0001241177019646
4254.826586,1.0004258306401363
4254.945788,1.0001422901222792
4255.06499,1.0007308969751145
4255.184192,1.0004300424417492
4255.303394,1.0003884254176238
4255.422596,1.000015561121073
4255.541798,1.0006113267840984
4255.661,1.0001974294866363
4255.780202,1.0006068740736014
4255.899404,0.9999215400781407
4256.018606,1.000116386772415
4256.137808,1.0007199890677856
4256.25701,1.0002858108361363
4256.376212,0.9996995851335854
4256.495414,1.0002681459446983
4256.614616,1.0005328419098423
4256.733818,1.0008431752725795
4256.85302,1.000618811384815
4256.972222,1.0005053776602804
4257.091424,1.000492171076459
4257.210626,1.0005298102999243
4257.329828,1.0001636433881187
4257.44903,1.0004762333631179
4257.568232,1.000398039196586
4257.687434,1.0001577424400305
4257.806636,1.0003456897369305
4257.925838,1.000232296976765
4258.04504,1.0004364552188743
4258.164242,1.0003613952875476
4258.283444,0.9996248803749664
4258.402646,1.0000089024396266
4258.521848,0.999728616831076
4258.64105,0.9998744878773056
4258.760252,0.9999529981046237
4258.879454,1.000486218165751
4258.998656,1.0004226292826006
4259.117858,1.000172134813497
4259.23706,1.000308017427629
4259.356262,1.0000418648763094
4259.475464,1.0005762859890022
4259.594666,0.9999548850177115
4259.713868,1.000099349934878
4259.83307,0.9999647066228259
4259.952272,0.9999153435835567
4260.071474,1.0003408980925528
4260.190676,0.9998827868699958
4260.309878,1.0005219461665213
4260.42908,1.0001935287242678
4260.548282,0.999902160786568
4260.667484,1.000171604722406
4260.786686,0.9999235069257444
4260.905888,0.9997424131811827
4261.02509,1.0000519613499441
4261.144292,1.0001385896026518
4261.263494,0.9997736956107023
4261.382696,1.0003174903894085
4261.501898,1.0007073200329193
4261.6211,1.0002895219033785
4261.740302,1.0001909182225646
4261.859504,1.000759548310837
4261.978706,1.0006758983163937
4262.097908,0.9998676787552283
4262.21711,1.0003631659287844
4262.336312,1.000693570408802
4262.455514,1.0007643119376242
4262.574716,1.000519504895951
4262.693918,1.000382953307903
4262.81312,1.0000926762941824
4262.932322,1.0001525316317665
4263.051524,1.0001149766093038
4263.170726,0.9998924757811433
4263.289928,0.9999088791517567
4263.40913,1.0001657137290032
4263.528332,1.0008624617063913
4263.647534,1.000773008617282
4263.766736,1.0001093459778356
4263.885938,1.000001791701605
4264.00514,1.0004814258482435
4264.124342,1.000016863142181
4264.243544,1.0000579796807567
4264.362746,0.999957257913469
4264.481948,1.0001107561330076
4264.60115,1.0008164731328713
4264.720352,1.0001649235984016
4264.839554,1.000107865817099
4264.958756,1.0001682841581905
4265.077958,1.0000719865909102
4265.19716,1.000283310124735
4265.316362,1.0004550935236503
4265.435564,1.0005147324292951
4265.554766,0.9998649191242431
4265.673968,1.0003525521319
4265.79317,0.9999279475958992
4265.912372,1.0000989848986819
4266.031574,1.000079646171588
4266.150776,1.0002117324121436
4266.269978,0.9999276526171982
4266.38918,1.0003441492057545
4266.508382,0.9999776052507662
4266.627584,1.0001974194846621
4266.746786,0.9999867670875557
4266.865988,1.0004323934551114
4266.98519,1.0001518715313136
4267.104392,1.0004317931958555
4267.223594,1.0005577454822012
4267.342796,1.0001562722092296
4267.461998,1.0005618677886046
4267.5812,1.001070772868363
4267.700402,1.00030427628264
4267.819604,1.0001072457504143
4267.938806,0.9999588748456624
4268.058008,0.9999202721784317
4268.17721,1.0001914783296355
4268.296412,1.0004397166470342
4268.415614,0.9999660365767701
4268.534816,1.0003399277623521
4268.654018,1.0004263908787585
4268.77322,1.0001114762130112
4268.892422,1.0002488609607525
4269.011624,1.0004829265715078
4269.130826,1.0002278359506687
4269.250028,1.0000478221434423
4269.36923,0.9999874160791782
4269.488432,1.0000325235288785
4269.607634,1.0001053655505598
4269.726836,1.000418257445263
4269.846038,1.0002975342545384
4269.96524,1.0004649380502055
4270.084442,1.0001418900654433
4270.203644,0.9999909634408299
4270.322846,1.0003016454858527
4270.442048,1.0003722592712918
4270.56125,1.0000545714889695
4270.680452,1.0001928485928995
4270.799654,1.0001081858516672
4270.918856,0.9999804621908654
4271.038058,1.0004637875161884
4271.15726,1.0002423193545928
4271.276462,1.000215773275705
4271.395664,1.0007521927551883
4271.514866,1.000130978576945
4271.634068,1.0005641790891886
4271.75327,0.9999246958355009
4271.872472,0.9999524611300079
4271.991674,0.9997625681913943
4272.110876,1.0004993546360363
4272.230078,0.9999156395585421
4272.34928,1.000246210304783
4272.468482,0.9997507210751555
4272.587684,1.0000078633309157
4272.706886,0.9998434622533118
4272.826088,1.0003326253075335
4272.94529,1.0004964031672936
4273.064492,1.000192238475448
4273.183694,1.0004200782081485
4273.302896,1.0009595901122692
4273.422098,1.0006141685243015
4273.5413,1.0006806515381996
4273.660502,0.9998472316702699
4273.779704,1.0002829400199789
4273.898906,0.9998608596809122
4274.018108,1.0002484708637727
4274.13731,1.000462056715333
4274.256512,1.0001818665357136
4274.375714,1.0001556721156464
4274.494916,1.0003277236896784
4274.614118,1.0003875850916992
4274.73332,1.0000091107415026
4274.852522,1.0003485107157533
4274.971724,1.0004081932882158
4275.090926,1.0004602358760468
4275.210128,1.000511240638972
4275.32933,1.0002443398461185
4275.448532,1.0005193748284238
4275.567734,0.9999753403040553
4275.686936,1.000151241435833
4275.806138,0.9996664956249519
4275.92534,1.00002969844099
4276.044542,1.0003148995704636
4276.163744,1.0005399257074397
4276.282946,1.000454843409908
4276.402148,1.0002401588335164
4276.52135,1.0001245077504466
4276.640552,1.0005520723358676
4276.759754,1.0004996447808912
4276.878956,0.999761308491352
4276.998158,1.0003396976841952
4277.11736,0.999608576626125
4277.236562,0.9996332372738982
4277.355764,1.0002490910180168
4277.474966,1.0005286496860175
4277.594168,0.9994550685291153
4277.71337,1.0003412682187536
4277.832572,1.00014438042185
4277.951774,1.0003536925344596
4278.070976,1.0002567629579668
4278.190178,0.9998808171028458
4278.30938,1.0000806342507664
4278.428582,0.9999044015698212
4278.547784,1.0004171769941284
4278.666986,1.0006089253197958
4278.786188,1.000147840927393
4278.90539,1.0008110587303976
4279.024592,1.000266305453003
4279.143794,0.9999913281376008
4279.262996,1.0005588160795615
4279.382198,1.000646618967968
4279.5014,0.9994944678244716
4279.620602,1.0004237797692856
4279.739804,1.0000679843108284
4279.859006,1.0009772471951737
4279.978208,1.0000535964362376
4280.09741,1.0005867520716911
4280.216612,0.9997966606762432
4280.335814,1.0003171902942065
4280.455016,0.9999277506101129
4280.574218,1.000222124666031
4280.69342,0.9998663389334363
4280.812622,0.9997909518536094
4280.931824,1.0001302284789921
4281.051026,0.9997261974907505
4281.170228,1.0003631859360478
4281.28943,1.0000275183786236
4281.408632,1.0006546341794869
4281.527834,0.9999665965579074
4281.647036,1.0000989028905685
4281.766238,0.9997103719503038
4281.88544,1.0002111722937304
4282.004642,1.000220864386948
4282.123844,1.0005009054112377
4282.243046,1.000676578776236
4282.362248,1.000034480594442
4282.48145,1.0000980528068621
4282.600652,1.000354522828369
4282.719854,1.0002889017240673
4282.839056,1.0005514119717178
4282.958258,1.0001734350381175
4283.07746,1.0001232875992914
4283.196662,1.0003657368654244
4283.315864,1.0000214562301817
4283.435066,1.0002675157759648
4283.554268,1.0004595555633176
4283.67347,1.0006293579626673
4283.792672,1.000987997748539
4283.911874,0.999883006844233
4284.031076,1.0001022752297548
4284.150278,1.0004709108437144
4284.26948,0.9997433929292278
4284.388682,0.9998892361347699
4284.507884,1.0007684350950832
4284.627086,1.0002155332239484
4284.746288,1.0001324087652668
4284.86549,1.0001450205144582
4284.984692,1.0005373042962684
4285.103894,0.9999031606892288
4285.223096,1.0006697942120315
4285.342298,1.000150251286594
4285.4615,1.0004227293248684
4285.580702,1.0003024057153922
4285.699904,0.9997758651219757
4285.819106,1.0001353891642857
4285.938308,1.0000939914169165
4286.05751,1.0001231375808095
4286.176712,0.9999236309162669
4286.295914,1.000144450431959
4286.415116,1.0004076230557082
4286.534318,0.999808658308157
4286.65352,1.0002711267482147
4286.772722,1.0002996248785696
4286.891924,1.000662149124008
4287.011126,1.0002424793933766
4287.130328,1.0003568336499857
4287.24953,1.0006615587335141
4287.368732,1.0008321360332377
4287.487934,1.0002457301867171
4287.607136,1.0005785973228924
4287.726338,0.9999770582631656
4287.84554,1.0006445476316106
4287.964742,1.000287421297588
4288.083944,0.9996075970101999
4288.203146,1.0001918784063069
4288.322348,0.9998657890071012
4288.44155,1.0002107822114492
4288.560752,1.0002850406163584
4288.679954,1.0000177121568583
4288.799156,1.0005640790327757
4288.918358,0.9999194742423729
4289.03756,1.0002922226887336
4289.156762,1.0001387096192897
4289.275964,1.0001847370617898
4289.395166,1.000531000931107
4289.514368,0.9998546705613461
4289.63357,0.9998139973006475
4289.752772,1.000275067824218
4289.871974,0.9999369069904477
4289.991176,1.000191198276061
4290.110378,0.9999430346225887
4290.22958,1.0003747301938237
4290.348782,0.9997671471144424
4290.467984,1.0005711430401096
4290.587186,1.0001522115830077
4290.706388,1.000329534284497
4290.82559,1.0008730108523314
4290.944792,0.9997065130757157
4291.063994,1.0001038553925978
4291.183196,0.9999339311826404
4291.302398,1.0001012451249418
4291.4216,1.0004318932390397
4291.540802,0.9998438821876542
4291.660004,0.9999481893422185
4291.779206,1.0002498212001198
4291.898408,1.0001245077504466
4292.01761,1.0005245675374543
4292.136812,0.9999307493979337
4292.256014,0.9999498372581924
4292.375216,0.9996755626411861
4292.494418,1.0003290241165645
4292.61362,0.9996687248837227
4292.732822,1.0000810602852075
4292.852024,1.0005228666471353
4292.971226,0.9999947513137744
4293.090428,0.9997081226044974
4293.20963,1.0003277436962332
4293.328832,1.0002277259256127
4293.448034,1.0000867777649725
4293.567236,1.0004048919466253
4293.686438,0.999802619482098
4293.80564,0.9999700824475389
4293.924842,0.9999057994371516
4294.044044,0.9999385188900409
4294.163246,1.0000879548678026
4294.282448,0.9998922358069778
4294.40165,0.9994672019872971
4294.520852,1.0006724860173986
4294.640054,1.0002933130078506
4294.759256,1.000135329156164
4294.878458,0.9997406636334906
4294.99766,0.9991971424627185
4295.116862,0.9997499312723979
4295.236064,1.0003356663233367
4295.355266,0.999919716222915
4295.474468,0.9997340953589072
4295.59367,1.0002002100393552
4295.712872,0.999767207100473
4295.832074,0.999858050075844
4295.951276,0.9997189295077139
4296.070478,0.9997653975234658
4296.18968,1.0000708215077245
4296.308882,1.0004180373532705
4296.428084,1.0003346259747847
4296.547286,0.999506241938652
4296.666488,1.000052993404101
4296.78569,1.0000387507507909
4296.904892,0.9999821001602041
4297.024094,1.0001944889105163
4297.143296,1.0002248152671653
4297.262498,0.9997268173211852
4297.3817,1.0003604749554873
4297.500902,1.0000185831726651
4297.620104,0.9997478717896607
4297.739306,1.000094406456009
4297.858508,0.9996620671121854
4297.97771,1.0001222174679463
4298.096912,0.9999337621938204
4298.216114,1.0002179337441086
4298.335316,0.9994162004772943
4298.454518,0.999925608767165
4298.57372,0.9993063506859929
4298.692922,1.0000368046772756
4298.812124,0.9998105079558858
4298.931326,1.0001580824937208
4299.050528,0.9996300184600564
4299.16973,1.0001986297242718
4299.288932,0.9998613796086945
4299.408134,0.9997996800667177
4299.527336,0.9996594879873794
4299.646538,0.9993738760974291
4299.76574,0.9998094881496877
4299.884942,0.9994796854106087
4300.004144,1.000181596486646
4300.123346,1.000330314541838
4300.242548,1.0003980892164894
4300.36175,0.999760128773704
4300.480952,0.9998418225113783
4300.600154,0.9997877925191934
4300.719356,0.9996853295191441
4300.838558,0.9997505811100644
4300.95776,1.000098046806274
4301.076962,1.0003090777546895
4301.196164,1.0000026303034593
4301.315366,0.9994597959627698
4301.434568,0.9998175866393406
4301.55377,0.9998323540541524
4301.672972,1.0001018351848505
4301.792174,0.9997258375893843
4301.911376,1.000068980379037
4302.030578,1.0000668582349121
4302.14978,0.9994347897915032
4302.268982,1.0000237842828417
4302.388184,0.9997522107048398
4302.507386,1.0000563005848184
4302.626588,1.0001860273009326
4302.74579,0.9999690944775855
4302.864992,0.9992841963097804
4302.984194,1.0001111861807253
4303.103396,0.9996597978818687
4303.222598,0.9997124013644186
4303.3418,0.9999740053378671
4303.461002,0.9998582400488916
4303.580204,0.9998074085481152
4303.699406,0.9995815475756474
4303.818608,1.0002714068241694
4303.93781,0.9995193355561844
4304.057012,0.9996994151846704
4304.176214,1.000019669193436
4304.295416,0.9999932792225845
4304.414618,0.9994977161867706
4304.53382,0.9995472325301402
4304.653022,1.0001914183181486
4304.772224,1.0003130289833504
4304.891426,0.9999477873631272
4305.010628,0.9997199992075408
4305.12983,0.9996682750328978
4305.249032,1.000109566001916
4305.368234,1.0000702154649903
4305.487436,0.9998935056709237
4305.606638,0.9996446931364393
4305.72584,0.9998524808820153
4305.845042,0.9993028331338294
4305.964244,0.9998034093264795
4306.083446,1.0001448504898192
4306.202648,0.9998507911327504
4306.32185,0.9998091782087944
4306.441052,0.9997490714878267
4306.560254,1.000036608670081
4306.679456,0.9995269019461933
4306.798658,0.9999243428621456
4306.91786,0.999424255804333
4307.037062,0.9999401587905566
4307.156264,0.9995830569449238
4307.275466,1.00002389328544
4307.394668,0.9995995901854152
4307.51387,0.999749741319929
4307.633072,0.9998883462337458
4307.752274,0.9996736032790035
4307.871476,0.9999982945014544
4307.990678,0.9998167567910881
4308.10988,0.9997410835246574
4308.229082,1.000135089123714
4308.348284,0.9998285247035695
4308.467486,0.9998370932707425
4308.586688,0.9998236555505107
4308.70589,0.9995858957648367
4308.825092,0.99974889153301
4308.944294,0.9999954826102034
4309.063496,0.9994755175890105
4309.182698,0.9992939693570104
4309.3019,1.000196659334912
4309.421102,1.0002202542524068
4309.540304,0.9998692285513314
4309.659506,1.000125427865417
4309.778708,0.9995010445197072
4309.89791,1.000065350135227
4310.017112,0.999804569099107
4310.136314,1.000110706127471
4310.255516,0.999840472725829
4310.374718,0.9995787887343833
4310.49392,0.9999910511400413
4310.613122,0.9993163238131386
4310.732324,0.9998129175021134
4310.851526,0.9993837399662644
4310.970728,1.0006915690236626
4311.08993,0.9992013590835568
4311.209132,1.0002849906021076
4311.328334,0.9997307262606828
4311.447536,0.9994795854626453
4311.566738,0.999917821376848
4311.68594,0.9996763024013762
4311.805142,0.9998278748152397
4311.924344,0.9996598178750649
4312.043546,1.0002387384934992
4312.162748,0.9991562361690637
4312.28195,0.9997697965008926
4312.401152,0.9996891583212884
4312.520354,0.9999674295304293
4312.639556,1.0002306065856115
4312.758758,1.0001323687599712
4312.87796,0.9991642794091389
4312.997162,0.9998385230388082
4313.116364,1.000010058050582
4313.235566,0.9998780074416974
4313.354768,1.0000279963918917
4313.47397,0.9996595179771645
4313.593172,1.0000619149166494
4313.712374,0.9995111295361253
4313.831576,1.0003733896925835
4313.950778,0.9995623158116822
4314.06998,0.9994494416129192
4314.189182,0.9998170267416489
4314.308384,0.9999213550926729
4314.427586,0.999757039519679
4314.546788,1.000036964683177
4314.66599,0.9998620595146638
4314.785192,1.0004974736990175
4314.904394,0.9996472722230746
4315.023596,0.9995890244735869
4315.142798,0.9993434456262082
4315.262,0.999175370194194
4315.381202,0.999691917467173
4315.500404,0.9999134997413631
4315.619606,0.9996945166695373
4315.738808,0.9994752577254097
4315.85801,1.0001281782141254
4315.977212,1.0002636947613528
4316.096414,0.9998577901127848
4316.215616,0.9996757125925317
4316.334818,0.9999504442279279
4316.45402,0.9992946688630339
4316.573222,0.9997113716611756
4316.692424,0.9996514907434645
4316.811626,0.9993464336675778
4316.930828,1.000224045094354
4317.05003,0.9997514708884775
4317.169232,0.9994477825282232
4317.288434,0.9999480413498975
4317.407636,1.0000490442026275
4317.526838,0.9995779890716722
4317.64604,0.9992070945158186
4317.765242,0.9996731634227147
4317.884444,0.9994664323978478
4318.003646,0.9998625094526917
4318.122848,0.9999483103359568
4318.24205,0.9997949310295163
4318.361252,0.999761298493739
4318.480454,0.99984055271307
4318.599656,0.9995279914311103
4318.718858,0.9997613784746461
4318.83806,0.9996017693148971
4318.957262,1.0000544724835718
4319.076464,0.9999584028651848
4319.195666,0.99957818898729
4319.314868,0.9999661245737852
4319.43407,0.9997547700737751
4319.553272,1.00011048610314
4319.672474,0.999665316019183
4319.791676,0.9998269249792098
4319.910878,1.0001000350031672
4320.03008,0.9996030088218595
4320.149282,0.9999227749820052
4320.268484,1.0002343274503889
4320.387686,0.9998924057886723
4320.506888,0.9998584100248068
4320.62609,0.9994413361108155
4320.745292,0.9991903379533478
4320.864494,0.9994945377890868
4320.983696,0.9997545201351138
4321.102898,0.9999349671147297
4321.2221,0.9996723436910568
4321.341302,0.9997011146751208
4321.460504,0.9998542106283035
4321.579706,0.9999825621520411
4321.698908,0.9997859129199103
4321.81811,1.0002773984678412
4321.937312,0.9999335322090815
4322.056514,1.0003960384025086
4322.175716,0.9991966228803396
4322.294918,0.9997318059704503
4322.41412,1.0002893518541742
4322.533322,1.000240708965755
4322.652524,0.9998662189494829
4322.771726,0.9999742103325592
4322.890928,0.9995009045895707
4323.01013,0.9998768875789562
4323.129332,0.9996977856759517
4323.248534,0.9998988551154888
4323.367736,0.9993816812378805
4323.486938,0.9999497592621082
4323.60614,0.9997910318368888
4323.725342,1.000165773738948
4323.844544,1.0000368096774594
4323.963746,0.9998468217329889
4324.082948,0.9997402937295135
4324.20215,1.0001489710950917
4324.321352,0.9999417326976052
4324.440554,0.9992003398986903
4324.559756,0.9998369832886683
4324.678958,0.9996201921452714
4324.79816,0.9997940112186029
4324.917362,0.9998249853168568
4325.036564,0.9999317093319139
4325.155766,1.0000358766435513
4325.274968,0.9999468324134463
4325.39417,0.9999909461409864
4325.513372,0.9997192594150152
4325.632574,0.9997185996005217
4325.751776,0.9998383430678902
4325.870978,1.0000873228124147
4325.99018,0.9995399358619756
4326.109382,1.0000398147925877
4326.228584,1.0001118062498529
4326.347786,0.9994922989238297
4326.466988,1.0000315284970127
4326.58619,0.9996025090204801
4326.705392,1.000258603432104
4326.824594,0.9998630593772232
4326.943796,1.0000921242431775
4327.062998,0.999641824160287
4327.1822,0.9993611541489618
4327.301402,0.9995395660322678
4327.420604,0.9998859265068758
4327.539806,1.0005925654976087
4327.659008,0.9999745453239758
4327.77821,1.0001158667120291
4327.897412,0.9999978268023614
4328.016614,0.9999559149717734
4328.135816,0.9995872052232178
4328.255018,0.9998167567910881
4328.37422,1.0000344795944076
4328.493422,0.9997264274278024
4328.612624,0.9992382103092122
4328.731826,1.0001870374893305
4328.851028,1.000200240045362
4328.97023,1.0001649936099486
4329.089432,1.0000499272463235
4329.208634,0.9998231456405763
4329.327836,0.9997981903663042
4329.447038,1.0002311867195315
4329.56624,0.9998545105846116
4329.685442,1.0002116723994414
4329.804644,1.0001989797938535
4329.923846,1.0000257523315856
4330.043048,1.0005343527155743
4330.16225,1.0000777150196556
4330.281452,0.9999058394333844
4330.400654,0.9996526703329195
4330.519856,1.000296523954539
4330.639058,1.000390216114508
4330.75826,1.0000093406436235
4330.877462,1.0000103350534062
4330.996664,1.0000815833277388
4331.115866,1.0000295954379363
4331.235068,1.0000886059252732
4331.35427,1.0001413899946232
4331.473472,0.9997028541565737
4331.592674,1.00013008846077
4331.711876,0.9997657174484442
4331.831078,0.9988736348259947
4331.95028,0.9999843271228208
4332.069482,1.000139659751515
4332.188684,0.9995162670365344
4332.307886,0.9998895061049001
4332.427088,1.0001150666196557
4332.54629,0.999905178495843
4332.665492,1.0001029953036522
4332.784694,1.0003407380380218
4332.903896,1.0003997498786958
4333.023098,1.0002666555462711
4333.1423,1.0007151055661547
4333.261502,1.0002317768561058
4333.380704,1.0005125112890545
4333.499906,0.9999035656500909
4333.619108,1.0000288574163672
4333.73831,1.000297724311088
4333.857512,1.0002468504625623
4333.976714,1.0002245752132384
4334.095916,1.000340417929037
4334.215118,1.0004246201256137
4334.33432,1.000211192297954
4334.453522,1.0002210544289303
4334.572724,1.0001887878181777
4334.691926,1.00018972799608
4334.811128,1.0003907863370936
4334.93033,1.0002738875003343
4335.049532,1.000146290699441
4335.168734,1.0001564622389394
4335.287936,1.0003062368809428
4335.407138,1.000296253874514
4335.52634,1.00044611948171
4335.645542,0.9999809171820793
4335.764744,0.9999217340629383
4335.883946,1.0001408999254622
4336.003148,0.9998886062047496
4336.12235,0.9997346852021975
4336.241552,0.9997886523370646
4336.360754,0.9996911177139589
4336.479956,0.9998618595422718
4336.599158,1.0004942621072817
4336.71836,1.000000694460241
4336.837562,1.000024888309709
4336.956764,1.0000250893147316
4337.075966,1.0005749452176773
4337.195168,1.000047166112286
4337.31437,0.9996880686606997
4337.433572,0.9999077482554539
4337.552774,1.0007964169717132
4337.671976,1.0008602097683859
4337.791178,1.0009534942869271
4337.91038,1.0004541330872214
4338.029582,1.0000812082972153
4338.148784,1.000595707363197
4338.267986,1.000340317895
4338.387188,0.9998158069656203
4338.50639,0.9997405936516466
4338.625592,0.9993808217700042
4338.744794,1.0002997549175294
4338.863996,0.9997270272638389
4338.983198,1.0002904921846854
4339.1024,1.000152851680628
4339.221602,0.999988284068632
4339.340804,0.9999356050734423
4339.460006,1.0002297663922548
4339.579208,1.0006694339709705
4339.69841,1.0003547529099357
4339.817612,0.9996845397680458
4339.936814,0.9999075062778081
4340.056016,1.0001382395542067
4340.175218,0.9998782374136655
4340.29442,1.0003042362704695
4340.413622,1.0004907603834923
4340.532824,1.000034121582128
4340.652026,1.0001421300995257
4340.771228,1.0003775612583161
4340.89043,1.0003487007819882
4341.009632,1.0005716433258063
4341.128834,1.0003480905694668
4341.248036,1.0000120750729031
4341.367238,1.000183036749182
4341.48644,1.0003906462823933
4341.605642,1.0002807894139696
4341.724844,1.000103945401949
4341.844046,0.9998498812689445
4341.963248,1.00022169457061
4342.08245,1.0002143829767465
4342.201652,1.000111456210782
4342.320854,0.9998813970338879
4342.440056,1.0002940132134148
4342.559258,1.0004713210368719
4342.67846,1.0001827466961435
4342.797662,1.0002510014956052
4342.916864,0.9994819142527924
4343.036066,0.9999244048574568
4343.155268,0.9999055944564837
4343.27447,0.9994641136384145
4343.393672,0.9997182996849867
4343.512874,1.0004966833063256
4343.632076,1.0000000402500009
4343.751278,1.0001821465866754
4343.87048,0.9999792082161522
4343.989682,1.0006222335070019
4344.108884,1.000552792733619
4344.228086,1.000347910506827
4344.347288,1.0008858721531546
4344.46649,1.0005920551955303
4344.585692,1.0007096516836913
4344.704894,1.000665901614103
4344.824096,1.001064265929487
4344.943298,1.0003121987238808
4345.0625,1.0003690780925654
4345.181702,1.0003964085491113
4345.300904,1.0005982088555923
4345.420106,1.0003473503121538
4345.539308,1.0000191791839181
4345.65851,0.999936038045653
4345.777712,1.0002762181412075
4345.896914,1.000559546487764
4346.016116,0.999610725786875
4346.135318,1.0007005352602898
4346.25452,1.0005042670999276
4346.373722,0.9998936556549608
4346.492924,1.0002727271832978
4346.612126,1.0001901580777555
4346.731328,1.000510490255823
4346.85053,1.0003073372184086
4346.969732,1.000291222397011
4347.088934,1.000135379162932
4347.208136,1.0006115969491929
4347.327338,1.0006545040943928
4347.44654,1.0004781542793302
4347.565742,1.0002431295511995
4347.684944,1.000289902013469
4347.804146,1.0001886677955303
4347.923348,0.9997592789779557
4348.04255,0.9998905359916218
4348.161752,1.0006665120204894
4348.280954,1.0002218646083125
4348.400156,1.0004338340787953
4348.519358,1.0001270880750053
4348.63856,1.0007205494711364
4348.757762,0.9998185164701285
4348.876964,1.0004726516646139
4348.996166,1.000621483040608
4349.115368,1.0005952170714205
4349.23457,1.0000448910075712
4349.353772,1.000548830552405
4349.472974,1.000328764031052
4349.592176,0.9998660489722402
4349.711378,1.0003408080618759
4349.83058,1.0009441754532746
4349.949782,1.000615479329721
4350.068984,1.0006729763470368
4350.188186,1.0006290977990682
4350.307388,1.0003816628147255
4350.42659,1.0005720035316625
4350.545792,1.0002486509085136
4350.664994,1.0004662886787834
4350.784196,1.0003674374886227
4350.903398,1.0002658053199753
4351.0226,1.0001232175906638
4351.141802,1.0002269757550997
4351.261004,1.0002235849913992
4351.380206,1.0003087676589235
4351.499408,1.0004834068034278
4351.61861,1.000244349848562
4351.737812,1.000691899251935
4351.857014,1.0006182010075262
4351.976216,1.0002967540227659
4352.095418,1.0012554874653548
4352.21462,1.000035199619492
4352.333822,1.000677719548186
4352.453024,1.0003643363543733
4352.572226,1.0007337090328858
4352.691428,1.0004163566523796
4352.81063,1.0005488605688704
4352.929832,1.000707700301773
4353.049034,0.9993253376870319
4353.168236,1.000955706396594
4353.287438,1.0004335939747038
4353.40664,1.0005176039106978
4353.525842,1.000628557459501
4353.645044,1.0007117932046372
4353.764246,1.0008512120755446
4353.883448,0.9999747943176686
4354.00265,1.0005757356721963
4354.121852,1.000879536565636
4354.241054,1.0001850671228074
4354.360256,1.0002323169814111
4354.479458,1.0011976165706642
4354.59866,1.00094820926643
4354.717862,0.9999668375498862
4354.837064,1.00071528569489
4354.956266,1.0002007601496221
4355.075468,1.0002234749668109
4355.19467,1.0005232868668275
4355.313872,1.0000561795780134
4355.433074,1.0007006253233421
4355.552276,1.000562237996564
4355.671478,1.0008468183483679
4355.79068,1.0000591697504606
4355.909882,1.0004580448705294
4356.029084,1.0007676645036847
4356.148286,1.000766713774855
4356.267488,1.000348840830816
4356.38669,1.000480145232838
4356.505892,1.0007271242267446
4356.625094,1.0007422052981423
4356.744296,1.000206751370119
4356.863498,1.000841033470476
4356.9827,1.000169804415138
4357.101902,1.0004940820183308
4357.221104,1.000969269438305
4357.340306,1.0003106882536013
4357.459508,1.0003476404129275
4357.57871,1.0003913965756595
4357.697912,1.0006325099501092
4357.817114,1.0005524725567767
4357.936316,1.00063726296582
4358.055518,1.000568421490302
4358.17472,1.0003356863300503
4358.293922,1.0002422593400555
4358.413124,1.0010468475628
4358.532326,1.000976956911814
4358.651528,1.000930252416629
4358.77073,1.0004732119294555
4358.889932,1.0009279002332996
4359.009134,1.0009645548841488
4359.128336,1.0004244400491982
4359.247538,1.0001689042627189
4359.36674,1.0006125975612903
4359.485942,1.0008381710692136
4359.605144,1.0010433439049649
4359.724346,1.0006424362738424
4359.843548,1.0005597966276818
4359.96275,1.000299924968502
4360.081952,1.001065467207327
4360.201154,1.0004627470343903
4360.320356,1.0009498708418363
4360.439558,1.0005193548180367
4360.55876,1.0004000099826647
4360.677962,1.0010014010675639
4360.797164,1.0009195124926404
4360.916366,1.0001238176647744
4361.035568,1.0005716333200898
4361.15477,1.000944986218385
4361.273972,1.0009536444299627
4361.393174,1.0006211028045167
4361.512376,1.0000476891370909
4361.631578,1.0002797791308826
4361.75078,1.000439866713003
4361.869982,1.0009568474867496
4361.989184,1.0009357075013698
4362.108386,1.0004190477759987
4362.227588,1.000408493410719
4362.34679,0.9998616495713034
4362.465992,1.0008182145550497
4362.585194,1.0008705386990477
4362.704396,1.000314729516945
4362.823598,1.001082485464924
4362.9428,1.0006150090405561
4363.062002,1.000601941093872
4363.181204,1.001056958187019
4363.300406,1.001221245113231
4363.419608,1.000488289174366
4363.53881,1.0003323352111142
4363.658012,1.0007525129959414
4363.777214,1.0006075845047342
4363.896416,1.000501055486385
4364.015618,1.0005006152660174
4364.13482,1.0002949034754827
4364.254022,1.0010372375591914
4364.373224,1.0007997796533235
4364.492426,1.0002199541863754
4364.611628,1.0010142139675
4364.73083,1.0006312891791918
4364.850032,1.0010029025707916
4364.969234,1.0005885731412372
4365.088436,1.0012331597169397
4365.207638,1.0008537242152398
4365.32684,1.0011144205055718
4365.446042,1.0010490498682871
4365.565244,1.0010869903462447
4365.684446,1.000682953106345
4365.803648,1.0016876224346107
4365.92285,1.0009373990841448
4366.042052,1.0007904522428428
4366.161254,1.0008362995035835
4366.280456,1.0004899199716066
4366.399658,1.00087342121035
4366.51886,1.0008635026038926
4366.638062,1.000946067239554
4366.757264,1.0007629308838266
4366.876466,1.0007558955451519
4366.995668,1.0008177942114878
4367.11487,1.0002005000974583
4367.234072,1.0001432102536094
4367.353274,1.0009831830078493
4367.472476,1.0008842307016703
4367.591678,1.0009005852836166
4367.71088,1.0004831766922708
4367.830082,1.0006965324661543
4367.949284,1.0003367066729707
4368.068486,1.0008305347031012
4368.187688,1.0005262083990907
4368.30689,1.0010464471441411
4368.426092,1.0004812857808538
4368.545294,1.0008788259414174
4368.664496,1.000454803391715
4368.783698,1.0007142049229651
4368.9029,1.0010865899115287
4369.022102,1.0005070485056564
4369.141304,1.0004027210703652
4369.260506,1.0003527722094858
4369.379708,1.0002567029425629
4369.49891,1.0008564065068148
4369.618112,1.0005408662154118
4369.737314,1.0004271712116477
4369.856516,1.0003955782204368
4369.975718,1.0002350076099626
4370.09492,1.000009892248928
4370.214122,1.0001346090589864
4370.333324,1.0008671757796874
4370.452526,1.000739523312626
4370.571728,1.0008711192041286
4370.69093,0.9997979704107266
4370.810132,1.0005027463345975
4370.929334,1.0006127876777018
4371.048536,1.0004687398241934
4371.167738,1.0009097735931636
4371.28694,1.000806575106898
4371.406142,1.0009593498819964
4371.525344,1.0011929109529247
4371.644546,1.0009370787842284
4371.763748,0.9998390929469287
4371.88295,1.000865734531992
4372.002152,1.0005912747340318
4372.121354,1.0003386873416107
4372.240556,1.0005558744409666
4372.359758,1.0009524833244086
4372.47896,1.0010753778045096
4372.598162,1.0005415265726014
4372.717364,1.0002678258589428
4372.836566,1.0004716912113292
4372.955768,1.0000985988605482
4373.07497,1.0011747895252359
4373.194172,1.0001645435358029
4373.313374,1.0004062925144543
4373.432576,1.0004360450400116
4373.551778,1.0008001499493104
4373.67098,1.0006740570744348
4373.790182,1.000697473121337
4373.909384,1.0001473108491776
4374.028586,1.0010985029128308
4374.147788,1.0007260334347736
4374.26699,1.0004691800305359
4374.386192,1.000286030899039
4374.505394,1.0001882877239088
4374.624596,1.0002216445595264
4374.743798,1.0004752929159006
4374.863,1.000257993274542
4374.982202,1.0001528016729866
4375.101404,1.000731517428463
4375.220606,1.0004761933440693
4375.339808,1.0001070357279147
4375.45901,1.0002841803715934
4375.578212,1.0007875999941185
4375.697414,1.0007201391757954
4375.816616,1.0012399681255744
4375.935818,1.0004055422100164
4376.05502,1.0005149625477099
4376.174222,1.0001462006862787
4376.293424,1.0004321033297594
4376.412626,1.0003820629674707
4376.531828,1.0005762759832393
4376.65103,1.0005476999328653
4376.770232,1.0004242099516034
4376.889434,1.0002964239248915
4377.008636,1.0001667839068895
4377.127838,0.999858819966839
4377.24704,1.00114375358782
4377.366242,1.000695001401631
4377.485444,1.0001169468377484
4377.604646,1.0004223191516335
4377.723848,1.0010234233406314
4377.84305,1.0002216145528775
4377.962252,0.9997241580513879
4378.081454,1.0003319750915383
4378.200656,1.000237658236245
4378.319858,1.0008365797377867
4378.43906,1.0007648823734445
4378.558262,1.0004861181171343
4378.677464,1.0010117114350932
4378.796666,1.0005816791097182
4378.915868,1.0004814458578724
4379.03507,1.0003465000172673
4379.154272,1.0004283217035561
4379.273474,0.9999235759204688
4379.392676,1.000525127831369
4379.511878,1.0002429195001645
4379.63108,1.0006047127650877
4379.750282,1.0003645464309059
4379.869484,1.000850821743648
4379.988686,1.0007047181972695
4380.107888,1.0006703746006804
4380.22709,1.0004267910493947
4380.346292,1.000827282009149
4380.465494,0.9995203150856132
4380.584696,1.0008056943974992
4380.703898,1.0011493600085382
4380.8231,1.000299294779748
4380.942302,1.0009614719180675
4381.061504,1.0005346028491937
4381.180706,0.9999216800671661
4381.299908,1.0004489607527238
4381.41911,1.0007268740449948
4381.538312,0.9999714304081185
4381.657514,0.9999028247218232
4381.776716,1.0000734556977378
4381.895918,1.0003347360115997
4382.01512,0.999858619995095
4382.134322,1.0005165033419388
4382.253524,1.0004246601425992
4382.372726,0.9999699644510761
4382.491928,1.0003180205578188
4382.61113,1.0005507916300347
4382.730332,1.000307367227629
4382.849534,1.0002182038029872
4382.968736,1.0004938619096568
4383.087938,1.0007083907903245
4383.20714,1.0002565929143317
4383.326342,1.0009943140027326
4383.445544,1.0000981128127473
4383.564746,1.0006093755939134
4383.683948,1.000357974057426
4383.80315,1.0005949268988497
4383.922352,1.0005298203052224
4384.041554,1.0006559950707146
4384.160756,1.000247980742142
4384.279958,1.0005793477571219
4384.39916,1.0007856184366322
4384.518362,1.0005068383991982
4384.637564,1.0002614041601146
4384.756766,1.0000907751198118
4384.875968,1.000886883048396
4384.99517,1.0004320833211175
4385.114372,1.0004528625112792
4385.233574,1.0003931572660667
4385.352776,1.0001011051107773
4385.471978,1.0007487902035175
4385.59118,1.0001782858910406
4385.710382,1.000327583643807
4385.829584,0.9999450605092292
4385.948786,0.9997252177595571
4386.067988,0.9996169133964183
4386.18719,1.0007238818761146
4386.306392,1.0003837336069108
4386.425594,1.000973994024407
4386.544796,1.0002887116691939
4386.663998,1.0015013258629561
4386.7832,1.0013306845760797
4386.902402,1.0001031553201443
4387.021604,1.000244119792388
4387.140806,0.9999147346352979
4387.260008,1.0001489310891336
4387.37921,0.9999523771340046
4387.498412,1.0006344711917508
4387.617614,1.000477854135929
4387.736816,1.0011214283310426
4387.856018,1.000425230384818
4387.97522,1.0001357292103759
4388.094422,1.0005572652145986
4388.213624,1.0003344259078797
4388.332826,1.0000516143319738
4388.452028,1.0008696479246648
4388.57123,1.0004069327746865
4388.690432,1.0004933116381842
4388.809634,1.0005559845021188
4388.928836,0.999978299235465
4389.048038,0.9999507582124166
4389.16724,1.0005151126249656
4389.286442,1.0007393732017087
4389.405644,1.0002103321166984
4389.524846,1.0003996998587095
4389.644048,1.0006641104237424
4389.76325,1.0003130289833504
4389.882452,1.001028428470261
4390.001654,1.0003554931727268
4390.120856,1.000026544352295
4390.240058,0.9998680587050184
4390.35926,1.0009945842712338
4390.478462,1.0000490622035105
4390.597664,1.0003579140359495
4390.716866,0.9998476216107662
4390.836068,0.9999312533631584
4390.95527,1.0001563022139184
4391.074472,1.00028384027503
4391.193674,1.0000330515461904
4391.312876,1.0007175272996405
4391.432078,1.0005878527177239
4391.55128,1.0005002951058717
4391.670482,1.0002906022166456
4391.789684,1.0010099096156342
4391.908886,1.0010629645467872
4392.028088,1.0004756730965843
4392.14729,1.0007920635167682
4392.266492,0.9999121188617734
4392.385694,1.001085889151161
4392.504896,1.0005804584008142
4392.624098,1.0009571978217076
4392.7433,1.0003180205578188
4392.862502,1.0003650266060033
4392.981704,1.0005767162368977
4393.100906,1.0003574938857138
4393.220108,1.0001244777467118
4393.33931,1.0001979895973536
4393.458512,0.9998474116427878
4393.577714,1.0000544304812848
4393.696916,0.999846991706963
4393.816118,1.000044744000983
4393.93532,1.000372199248958
4394.054522,1.000342068492088
4394.173724,1.0006018810577573
4394.292926,1.0007042078379933
4394.412128,1.0003814627384129
4394.53133,1.000270896685882
4394.650532,1.000818364677793
4394.769734,1.0006682131550058
4394.888936,1.000420918561367
4395.008138,0.9999325582742954
4395.12734,1.0000994269425307
4395.246542,1.000202490498434
4395.365744,1.000637753278199
4395.484946,1.0002212344687362
4395.604148,0.999900413959019
4395.72335,1.0001182469906242
4395.842552,1.0003858144072408
4395.961754,0.999969319470657
4396.080956,1.000099111911261
4396.200158,1.0003932272935903
4396.31936,1.0008332369491928
4396.438562,1.0001707245717812
4396.557764,1.000627997107666
4396.676966,1.0002589335174974
4396.796168,1.0004459594103436
4396.91537,0.9997941911815411
4397.034572,0.9999135597361749
4397.153774,1.0003763407984358
4397.272976,1.0005469195059637
4397.392178,1.0005248276738756
4397.51138,1.000593095811809
4397.630582,1.0001133664254875
4397.749784,1.000341568321179
4397.868986,1.0000650161134559
4397.988188,1.000429672282702
4398.10739,1.0005762859890022
4398.226592,1.0000703504744786
4398.345794,1.0003793919509283
4398.464996,1.0005691318941332
4398.584198,1.0002756779921955
4398.7034,1.0003125588363373
4398.822602,1.0006908785467183
4398.941804,1.0006376231952996
4399.061006,1.000354642870919
4399.180208,1.0004153162199096
4399.29941,1.0000028521040671
4399.418612,0.9996415042749545
4399.537814,1.000207931614782
4399.657016,0.9999812821751807
4399.776218,1.000169784411742
4399.89542,0.9996563390649518
4400.014622,0.9999221660292207
4400.133824,0.9999881930697023
4400.253026,1.0000783530694415
4400.372228,1.000142460146483
4400.49143,1.0002000700113356
4400.610632,1.000089765028639
4400.729834,1.0005621279347239
4400.849036,1.000195069023488
4400.968238,1.0002848805707647
4401.08744,1.0001031353180814
4401.206642,1.0002193140458098
4401.325844,1.0004126551187078
4401.445046,0.9998393429067332
4401.564248,1.0001300384542668
4401.68345,1.000013761094683
4401.802652,0.9994622246530248
4401.921854,1.0001650036115985
4402.041056,1.000011117061794
4402.160258,1.0002733273471143
4402.27946,1.000012515078313
4402.398662,0.999860529726883
4402.517864,1.0001534117663817
4402.637066,1.0001801762297875
4402.756268,0.9994427653129481
4402.87547,1.0003524320896011
4402.994672,1.000140339846715
4403.113874,1.0000946784817246
4403.233076,0.9999810431796828
4403.352278,1.000207761579448
4403.47148,1.0003536625238492
4403.590682,1.0003268233951323
4403.709884,0.9996876287980463
4403.829086,1.0007916832158563
4403.948288,1.0000021435022972
4404.06749,0.9998776174893506
4404.186692,1.0000270203650434
4404.305894,0.9998113477970652
4404.425096,1.0000137510945455
4404.544298,0.9996668355116182
4404.6635,1.0002572230761837
4404.782702,1.0003641762960922
4404.901904,1.000008633337267
4405.021106,0.9999135667355699
4405.140308,1.0008474989244358
4405.25951,0.9999974047033678
4405.378712,1.0000358226416155
4405.497914,1.000141239973426
4405.617116,1.000011433065357
4405.736318,1.0005180041178192
4405.85552,1.000069700428962
4405.974722,1.0001611729869704
4406.093924,1.0001028652902713
4406.213126,1.000321261593456
4406.332328,1.0000884419107552
4406.45153,0.9996878387324704
4406.570732,1.0002741475715788
4406.689934,1.0007261435146433
4406.809136,0.999502443822149
4406.928338,0.9997722059490056
4407.04754,0.9997155904520656
4407.166742,0.9999856751026023
4407.285944,1.000448230425249
4407.405146,0.9998972952744914
4407.524348,0.9998680787023797
4407.64355,0.9998792772875732
4407.762752,0.9999086651712794
4407.881954,1.0001448504898192
4408.001156,0.9996092863484664
4408.120358,0.9998299844542812
4408.23956,0.9999849761128597
4408.358762,0.9999235589217681
4408.477964,0.99994821634082
4408.597166,0.9998185264683137
4408.716368,1.000156112184239
4408.83557,0.9998015796879145
4408.954772,1.0008511820500088
4409.073974,1.0000899140420252
4409.193176,1.0003876951343398
4409.312378,1.0004522922533101
4409.43158,1.0001358692293878
4409.550782,0.9995307801180965
4409.669984,0.9999013408671323
4409.789186,1.000263924822029
4409.908388,1.0001947289572224
4410.02759,0.9996915475812319
4410.146792,1.0000113390642866
4410.265994,0.9994528197577409
4410.385196,0.9993164037584478
4410.504398,1.000219033984441
4410.6236,1.0000321125155958
4410.742802,0.9997933913465081
4410.862004,1.000245780199005
4410.981206,0.9992073643017706
4411.100408,1.0006168801923727
4411.21961,1.0000208142166127
4411.338812,0.9996797412937712
4411.458014,0.9996715039666408
4411.577216,1.0001852371542832
4411.696418,0.9998828068676517
4411.81562,1.0004473500311937
4411.934822,1.0001798761757796
4412.054024,1.0009576382429715
4412.173226,0.9995400558067752
4412.292428,0.9997546001154787
4412.41163,0.9999898760512476
4412.530832,1.0001275181297455
4412.650034,0.999778594513813
4412.769236,0.9994039577038256
4412.888438,0.9990374735260678
4413.00764,0.9997790544120723
4413.126842,0.999629498652582
4413.246044,0.9992783405215475
4413.365246,0.9998348036464205
4413.484448,1.0001304885128854
4413.60365,0.9996849996230399
4413.722852,0.9997030540971644
4413.842054,0.9999161665142231
4413.961256,0.9996456827851754
4414.080458,1.0005512919055557
4414.19966,1.0005350030631148
4414.318862,1.0001512514373454
4414.438064,0.9991887692257486
4414.557266,0.9999088031586848
4414.676468,0.9995805479945996
4414.79567,0.9991994106428064
4414.914872,0.9996601377662577
4415.034074,0.9995692527982253
4415.153276,0.9999534400839465
4415.272478,0.9991425278395428
4415.39168,1.0004076430638609
4415.510882,1.000007796430392
4415.630084,0.9995389563133185
4415.749286,1.0001456506060198
4415.868488,0.9997165601766587
4415.98769,0.9998230456582667
4416.106892,0.9993909155672777
4416.226094,0.9990293314038378
4416.345296,1.0000064530208206
4416.464498,0.9999020108012552
4416.5837,1.0004050520114207
4416.702902,0.9995028136381217
4416.822104,0.9996681150859865
4416.941306,1.0001889278446177
4417.060508,0.99922603966193
4417.17971,0.9994861720548162
4417.298912,0.999684499780665
4417.418114,0.9999032456810011
4417.537316,0.9989917086676576
4417.656518,0.9999192342617279
4417.77572,0.999877847461229
4417.894922,0.9999660795753106
4418.014124,0.9998695185134497
4418.133326,0.9992837166534813
4418.252528,0.9996862292363456
4418.37173,0.9992871741811225
4418.490932,0.9999511171948032
4418.610134,0.9993701184587194
4418.729336,0.9997323758177421
4418.848538,0.999605038018027
4418.96774,0.9996521505136661
4419.086942,0.9992396592056676
4419.206144,1.0000724526245646
4419.325346,0.9992433064370799
4419.444548,0.9996590781270733
4419.56375,0.999987932072818
4419.682952,1.0001484010103407
4419.802154,0.9997757851399096
4419.921356,0.999427523926993
4420.040558,0.9995160471429799
4420.15976,1.0001485310296412
4420.278962,1.0000241192908654
4420.398164,1.0000363336600515
4420.517366,0.9996056577733428
4420.636568,1.0004103141558338
4420.75577,0.9999701614451786
4420.874972,0.9997891822251908
4420.994174,0.9996427038454793
4421.113376,0.9991560862956395
4421.232578,0.9998720881814144
4421.35178,0.9996091763914509
4421.470982,0.9997917716825261
4421.590184,0.9992549676745093
4421.709386,1.0004216888857709
4421.828588,0.9993146049905398
4421.94779,0.9998695785056226
4422.066992,0.9996974557757369
4422.186194,0.9997358249003883
4422.305396,1.0000050739128723
4422.424598,0.9996395549759216
4422.5438,0.9995216044676514
4422.663002,0.9999228439766791
4422.782204,0.999601929251193
4422.901406,0.9994015391491744
4423.020608,0.9995484419830233
4423.13981,1.0001136264549966
4423.259012,0.999901668834826
4423.378214,0.9995792885239027
4423.497416,0.9995889545023575
4423.616618,0.9999140866907598
4423.73582,0.9998764776295163
4423.855022,0.9998486514543469
4423.974224,0.9998474116427878
4424.093426,0.9992988559164683
4424.212628,1.0001432202550415
4424.33183,0.99919052779953
4424.451032,1.0000707565031233
4424.570234,0.9999286285470633
4424.689436,0.9994057866147417
4424.808638,1.0002443398461185
4424.92784,0.9994188289453579
4425.047042,0.9992586349469701
4425.166244,0.9997358948818985
4425.285446,0.9995626156804219
4425.404648,1.000106815704391
4425.52385,0.9999980737018553
4425.643052,0.9998172167069019
4425.762254,0.9996040284174486
4425.881456,0.9999167094688489
4426.000658,0.99987294807178
4426.11986,0.9993135657038911
4426.239062,0.9992883833193348
4426.358264,1.0003143694037073
4426.477466,0.9989305722458808
4426.596668,0.9995876150540559
4426.71587,0.9999867110882984
4426.835072,0.9992241611187413
4426.954274,1.000139129677636
4427.073476,0.9999867220881522
4427.192678,0.9997353850167221
4427.31188,0.9998007898449786
4427.431082,0.9996579785026921
4427.550284,1.0002120624820698
4427.669486,1.0001986297242718
4427.788688,0.9998754677547839
4427.90789,0.9995583275659987
4428.027092,1.0001611829885821
4428.146294,0.9995301504139034
4428.265496,0.9999228719745191
4428.384698,0.9998074785346363
4428.5039,0.9994791656813075
4428.623102,0.9991532087302547
4428.742304,0.9998903960069566
4428.861506,0.9997046936115176
4428.980708,0.9999188092961436
4429.09991,1.000693550394931
4429.219112,0.9997647276808739
4429.338314,0.9997610485534456
4429.457516,1.0001220374459634
4429.576718,0.9994212275534258
4429.69592,0.9998537206998603
4429.815122,0.9989518496936737
4429.934324,0.9998824669075551
4430.053526,0.9997297665196463
4430.172728,1.000473942275167
4430.29193,0.9998934056815781
4430.411132,0.9995721215660974
4430.530334,0.9995608964342015
4430.649536,0.9998441821408638
4430.768738,0.9996720137992379
4430.88794,0.9996443232679713
4431.007142,0.9993554977808369
4431.126344,0.9992764818655627
4431.245546,0.9994938881178485
4431.364748,0.9997713961338468
4431.48395,0.9996218915010425
4431.603152,0.9992587948283644
4431.722354,0.9995670137656067
4431.841556,0.9996749428425293
4431.960758,0.9998260251353822
4432.07996,0.999609106418811
4432.199162,0.9994122328028542
4432.318364,0.9999377889351886
4432.437566,0.9994165302846949
4432.556768,1.0002245051975207
4432.67597,0.9991949442314232
4432.795172,0.9999342161638515
4432.914374,0.9993420665332049
4433.033576,0.9997172499813232
4433.152778,0.9996305082788854
4433.27198,0.9998204661181366
4433.391182,0.9995476123581608
4433.510384,0.9994005997121691
4433.629586,0.9996352265460197
4433.748788,0.999361983619064
4433.86799,1.0000240982903592
4433.987192,0.9991451955536536
4434.106394,0.9995150576225831
4434.225596,0.999791391761725
4434.344798,0.9992021084848571
4434.464,0.9994824639679963
4434.583202,0.9993741459284121
4434.702404,0.9996185227809444
4434.821606,0.999521514510711
4434.940808,0.9990931414449865
4435.06001,0.9986886605579708
4435.179212,0.9987916306668922
4435.298414,0.9990400710268758
4435.417616,1.0006278670260347
4435.536818,0.9995313298601768
4435.65602,1.0002097619969716
4435.775222,1.000182196595784
4435.894424,1.0003150896303126
4436.013626,0.9999369769860336
4436.132828,0.9997901520211679
4436.25203,0.9992930300211208
4436.371232,0.9997146407227058
4436.490434,0.9991212763039865
4436.609636,0.9997353050378945
4436.728838,0.999156655814771
4436.84804,0.9999844071215702
4436.967242,0.9991426577280799
4437.086444,0.999599540205437
4437.205646,0.9995448536105578
4437.324848,1.0001364293056314
4437.44405,0.9995539894922707
4437.563252,0.9988709378708215
4437.682454,0.9993641722242046
4437.801656,0.9994945078042512
4437.920858,0.99947863595749
4438.04006,0.999177048810226
4438.159262,0.9994673419127151
4438.278464,0.9999618327283889
4438.397666,0.999610405911494
4438.516868,0.9997188095414496
4438.63607,0.999288153483033
4438.755272,0.9996588582021003
4438.874474,0.9992375707969623
4438.993676,0.9989204830980514
4439.112878,0.9994614850512522
4439.23208,0.9997610585510561
4439.351282,0.9996281891387965
4439.470484,0.9993777037067044
4439.589686,0.9993123565352081
4439.708888,0.9999413427204055
4439.82809,0.9990964084849006
4439.947292,0.9996972658332383
4440.066494,0.9999400957943286
4440.185696,0.9991177693944613
4440.304898,0.9987157253873987
4440.4241,0.9995036532208378
4440.543302,0.9995019240810135
4440.662504,0.9991700446036635
4440.781706,1.000171794755029
4440.900908,0.9993396881019169
4441.02011,0.9999390448578401
4441.139312,0.9995715218230045
4441.258514,0.9992247706456655
4441.377716,0.9993522398872244
4441.496918,0.9999333022243956
4441.61612,0.9996206919554924
4441.735322,0.9998274148945231
4441.854524,0.9993460938898481
4441.973726,0.9995565883360218
4442.092928,0.9996413343359132
4442.21213,0.9998205860965997
4442.331332,0.9995715817972975
4442.450534,0.999695746294549
4442.569736,0.9990896546160074
4442.688938,0.9996238207731548
4442.80814,0.9992646005388279
4442.927342,0.9993339718952493
4443.046544,0.9998075385230868
4443.165746,1.0000613248802936
4443.284948,0.9995531998449309
4443.40415,0.9995595070455211
4443.523352,0.9993515503344168
4443.642554,0.999045715619223
4443.761756,0.9996159037838457
4443.880958,0.9994690410086406
4444.00016,0.9998130674740623
4444.119362,0.9996652460426133
4444.238564,0.999110485852471
4444.357766,1.0001897980093635
4444.476968,0.999609906106416
4444.59617,0.9997545101375687
4444.715372,0.9995830069657722
4444.834574,0.9997215487747405
4444.953776,0.9994080852506942
4445.072978,0.9997034239873629
4445.19218,0.9998146071873718
4445.311382,0.9998945155638744
4445.430584,0.9996844697901305
4445.549786,0.9997419233075203
4445.668988,1.0000113720646615
4445.78819,1.0001592226745848
4445.907392,0.9997115316150078
4446.026594,0.9989573439439561
4446.145796,0.9989059988560575
4446.264998,0.9997873526126614
4446.3842,0.9997486116033596
4446.503402,1.000331604968776
4446.622604,0.9999177533824385
4446.741806,0.9988241918047956
4446.861008,0.9992868344235409
4446.98021,0.9998587699738992
4447.099412,0.9990214990445824
4447.218614,1.0005021160180658
4447.337816,0.9998668288680626
4447.457018,1.0000364036625973
4447.57622,0.9999783212349879
4447.695422,0.9988909154893544
4447.814624,0.9995185759217781
4447.933826,0.9996210718114276
4448.053028,0.999567093730971
4448.17223,0.9996723037041639
4448.291432,1.0004970634951376
4448.410634,1.0001250078128254
4448.529836,1.0003234122864804
4448.649038,0.9996315079098936
4448.76824,0.9993740359972622
4448.887442,0.9998026294801243
4449.006644,0.9998156070024788
4449.125846,0.9996923673286371
4449.245048,0.9999173794132686
4449.36425,1.0003047564288077
4449.483452,0.9998374632105355
4449.602654,0.9995485119514167
4449.721856,0.9996911577016044
4449.841058,0.9992069646189048
4449.96026,0.9999747683183242
4450.079462,0.9996914376151678
4450.198664,0.9998235655663856
4450.317866,0.9994449940727997
4450.437068,0.9994740283715987
4450.55627,0.9995788187217474
4450.675472,0.9995088506533478
4450.794674,0.9995743406186705
4450.913876,0.9999008289177769
4451.033078,1.0000570936297792
4451.15228,0.9999142166795995
4451.271482,0.9999664455629628
4451.390684,1.0000630169854867
4451.509886,0.9999296654735887
4451.629088,0.9998887461891642
4451.74829,0.9979550936756716
4451.867492,0.9996048380970395
4451.986694,0.9993267167569495
4452.105896,0.9999103990144081
4452.225098,0.9994865918390966
4452.3443,0.999705443390319
4452.463502,1.0003307346806583
4452.582704,0.9996480719412123
4452.701906,0.9994936282494713
4452.821108,0.9997111717189212
4452.94031,1.0001555620985285
4453.059512,0.9994308020546475
4453.178714,0.9997599288216983
4453.297916,1.0002843904312935
4453.417118,0.9993597250635332
4453.53632,0.9991587440543639
4453.655522,0.9993246281662941
4453.774724,1.0003068270617965
4453.893926,0.9993985909189825
4454.013128,0.9991772086785666
4454.13233,0.9998210560123856
4454.251532,0.999610725786875
4454.370734,0.9994913394116833
4454.489936,0.9997728158102372
4454.609138,0.9997235382226021
4454.72834,0.9999745043250202
4454.847542,0.9997250278117837
4454.966744,0.9993592153902033
4455.085946,1.0001465707404416
4455.205148,0.9999902671473645
4455.32435,0.999929934454705
4455.443552,1.0002702265046057
4455.562754,1.0000865947491089
4455.681956,0.999943614589717
4455.801158,0.9994804949894818
4455.92036,1.0003489808796637
4456.039562,0.9996034286552113
4456.158764,0.9995780890294761
4456.277966,0.9993754351218919
4456.397168,0.9997114016525172
4456.51637,0.9993147648808894
4456.635572,0.9995482220823902
4456.754774,0.9997279270185683
4456.873976,0.9998082083943619
4456.993178,0.9996921074086553
4457.11238,0.9997745854096873
4457.231582,0.9997300764359219
4457.350784,0.9993134657725395
4457.469986,0.9991195078608925
4457.589188,0.9990247858307211
4457.70839,0.9995142480157142
4457.827592,0.9998632293539578
4457.946794,0.9997679469284799
4458.065996,0.9995274616814152
4458.185198,0.9995771994053727
4458.3044,0.9994606954769909
4458.423602,1.0002233849467022
4458.542804,0.9987982227134083
4458.662006,1.000347910506827
4458.781208,1.0001579224684403
4458.90041,0.9992636712231816
4459.019612,0.999783583421447
4459.138814,0.9992813483538793
4459.258016,0.9990049853556893
4459.377218,0.999308119459799
4459.49642,0.999598890465947
4459.615622,1.0001312986189093
4459.734824,0.9998824369110816
4459.854026,1.000013404089834
4459.973228,0.9995244331177945
4460.09243,0.9999973369035461
4460.211632,1.000287951450062
4460.330834,0.9996323575970364
4460.450036,0.9996418041674507
4460.569238,0.9994184691546443
4460.68844,0.9996174531896973
4460.807642,0.999813847328559
4460.926844,0.9996747029205718
4461.046046,0.9999512301892859
4461.165248,1.0006459785543367
4461.28445,0.9999353660888612
4461.403652,0.9996888484176973
4461.522854,0.9987443889400374
4461.642056,1.000348210611245
4461.761258,0.9991739613579153
4461.88046,0.9998329139604274
4461.999662,0.9994173997774545
4462.118864,0.999063418866154
4462.238066,0.9996579185232153
4462.357268,1.0006201021839143
4462.47647,1.0003291841692212
4462.595672,0.9997800341960257
4462.714874,0.9992121505165086
4462.834076,1.0002542523166427
4462.953278,0.9991848524134502
4463.07248,0.9999579598837105
4463.191682,0.9991588939281867
4463.310884,0.9990885056635652
4463.430086,0.9989605406125714
4463.549288,0.9998666088973843
4463.66849,0.999258365147175
4463.787692,0.9995746504867641
4463.906894,0.9996371958293557
4464.026096,0.9997826936144537
4464.145298,0.9998121676427065
4464.2645,0.9995561585267813
4464.383702,0.9993566770210199
4464.502904,1.0002808494308189
4464.622106,0.9999074552825266
4464.741308,1.0002348775794203
4464.86051,0.9998065787083105
4464.979712,1.0005424170549564
4465.098914,1.0003350361120655
4465.218116,0.9985449595992485
4465.337318,1.0002591335693043
4465.45652,0.9994762172221177
4465.575722,0.9997028241654885
4465.694924,0.9999498092595973
4465.814126,1.000104985510593
4465.933328,0.9997954809168796
4466.05253,0.9999448905185833
4466.171732,0.999690727834499
4466.290934,0.9994167101796865
4466.410136,0.9990980170314131
4466.529338,0.9996726235993523
4466.64854,0.9991784976179972
4466.767742,0.9998507211431975
4466.886944,0.9990252154114713
4467.006146,0.9997601087785016
4467.125348,0.9995645248468411
4467.24455,0.9997190794655646
4467.363752,0.99918367337602
4467.482954,0.9991585442226351
4467.602156,1.000010223052255
4467.721358,0.9993233890045234
4467.84056,0.9996308581496246
4467.959762,0.9999555459881089
4468.078964,1.000111316195188
4468.198166,0.9993461938244625
4468.317368,1.0001322387427718
4468.43657,0.9993037724789341
4468.555772,0.9988733351639492
4468.674974,0.9992680080369256
4468.794176,0.9997414534289268
4468.913378,0.9997139509198417
4469.03258,0.9995176563651113
4469.151782,0.9996483918286465
4469.270984,0.9999791702169429
4469.390186,0.9994722792935795
4469.509388,0.9997718660265134
4469.62859,0.9995403756596442
4469.747792,0.9999719693928648
4469.866994,1.0002895018975884
4469.986196,1.0002859208675816
4470.105398,0.9996307681828515
4470.2246,0.9998008698290449
4470.343802,0.9996074170808487
4470.463004,1.0000563665885365
4470.582206,1.0002567329502643
4470.701408,0.999530360315257
4470.82061,1.0002370280867188
4470.939812,1.000465348240914
4471.059014,0.9991288896371188
4471.178216,0.9991168502065363
4471.297418,0.9996672953584683
4471.41662,1.0000720135928542
4471.535822,0.9999034356626358
4471.655024,0.9999061894004895
4471.774226,0.9996814307539617
4471.893428,0.9998665089107285
4472.01263,0.9998548705323003
4472.131832,1.0000787501006263
4472.251034,1.0003033760091964
4472.370236,0.9995969812338895
4472.489438,0.9995253626759496
4472.60864,0.9993339619019096
4472.727842,0.9995187058592013
4472.847044,0.9992937495123614
4472.966246,1.0000244112979508
4473.085448,0.9995081509973973
4473.20465,0.9996455228418789
4473.323852,1.0000977637785669
4473.443054,1.0004057322870874
4473.562256,1.0002180037593664
4473.681458,1.0007108825573199
4473.80066,0.9997884823730082
4473.919862,0.9995648846901348
4474.039064,1.000502796359736
4474.158266,1.0003082675046646
4474.277468,0.9990192112879691
4474.39667,0.9999848481147909
4474.515872,0.9993469433343889
4474.635074,0.9997058832608108
4474.754276,0.9993101880297472
4474.873478,1.000231986904801
4474.99268,0.9998222358019278
4475.111882,0.9998144172226144
4475.231084,0.9993664907517736
4475.350286,0.9996275993583389
4475.469488,1.0001063156511083
4475.58869,0.999839192930843
4475.707892,0.9998923457951299
4475.827094,0.999534208514552
4475.946296,0.9999436105899425
4476.065498,1.0001797261488095
4476.1847,0.9999662525694574
4476.303902,0.9999797452051311
4476.423104,0.9995445037699202
4476.542306,1.0002026605328718
4476.661508,0.9996222313725434
4476.78071,0.9993337520417996
4476.899912,0.9993996802640404
4477.019114,0.9994309419749696
4477.138316,0.9997491014802993
4477.257518,1.0001890278635155
4477.37672,0.9997925815141891
4477.495922,0.9997114316438597
4477.615124,0.9999034176643741
4477.734326,0.9999131917680526
4477.853528,0.9992197845265004
4477.97273,0.9997042137533798
4478.091932,0.9992787901969019
4478.211134,1.000307727338346
4478.330336,0.9993023934406796
4478.449538,0.9988648447766845
4478.56874,0.9990458954474679
4478.687942,0.9998250253098571
4478.807144,0.9990292714620796
4478.926346,0.9994284833778764
4479.045548,0.9994543089435518
4479.16475,0.9993631928477957
4479.283952,0.9999444715417619
4479.403154,1.0000767849478132
4479.522356,1.0000963066371864
4479.641558,1.0005944666252893
4479.76076,0.9996071271947397
4479.879962,1.000223865054042
4479.999164,0.9996482518778814
4480.118366,0.999865759011128
4480.237568,0.9995107297317534
4480.35677,0.9988438688351923
4480.475972,0.999836583353955
4480.595174,1.0004206084309304
4480.714376,0.9996711340882528
4480.833578,0.9998904360025732
4480.95278,0.9999909977405206
4481.071982,0.9995870552851482
4481.191184,0.9995856658601071
4481.310386,0.9996436435100625
4481.429588,0.9994642635580427
4481.54879,0.9992433064370799
4481.667992,0.9996958062762956
4481.787194,0.9992336338086892
4481.906396,1.000143770333964
4482.025598,0.9994078353987041
4482.1448,0.9997810239787496
4482.264002,0.9998941656008552
4482.383204,0.9999052964846611
4482.502406,0.9991068990522651
4482.621608,1.0000063264200116
4482.74081,0.9998316541717495
4482.860012,0.9997863928172636
4482.979214,1.0002605239304663
4483.098416,0.9989437582164616
4483.217618,0.9995204550184671
4483.33682,0.999489750221717
4483.456022,0.9996792414540255
4483.575224,0.9998025994860459
4483.694426,0.9996892882808874
4483.813628,0.9993845894428044
4483.93283,0.9990856083110999
4484.052032,0.9995614361972314
4484.171234,0.9995764597185188
4484.290436,0.9985976841650316
4484.409638,0.9996796213322096
4484.52884,0.9987722542972087
4484.648042,0.999790291991799
4484.767244,0.9987376973750481
4484.886446,0.9992763319741017
4485.005648,0.9996707642100016
4485.12485,1.0000358346420455
4485.244052,1.0002731272924688
4485.363254,1.0003364966022843
4485.482456,0.9998573801711749
4485.601658,0.9994365987701099
4485.72086,0.9997290467144736
4485.840062,0.9993945533568311
4485.959264,0.9994090047065557
4486.078466,0.9993725169498818
4486.197668,0.999727247203809
4486.31687,0.9995223541091358
4486.436072,0.9999207811379798
4486.555274,0.9997852230678683
4486.674476,0.9993695987863929
4486.793678,0.9998207460679063
4486.91288,0.9996007497216124
4487.032082,1.0003014254195148
4487.151284,0.9999699994500255
4487.270486,0.9995084008744662
4487.389688,0.9998920958220746
4487.50889,0.9993831203485376
4487.628092,0.9997820537537345
4487.747294,1.0000455550375993
4487.866496,0.9999012618749296
4487.985698,0.9995231637225706
4488.1049,1.0000821323726787
4488.224102,0.9999590798372527
4488.343304,1.0000632970031709
4488.462506,0.9990008494836111
4488.581708,1.0006277269381432
4488.70091,0.9997531504723595
4488.820112,0.9997513709133354
4488.939314,0.9993542086130762
4489.058516,0.9991930457628327
4489.177718,0.9996591381066198
4489.29692,1.000124417739245
4489.416122,1.0003584742365381
4489.535324,0.9989871133163671
4489.654526,0.9997920516242613
4489.773728,0.9998316241768003
4489.89293,0.9994353694638495
4490.012132,0.999378383283774
4490.131334,0.9999255247734173
4490.250536,1.0000572756401869
4490.369738,0.9992642807742069
4490.48894,0.9993224596342037
4490.608142,0.9997197392803748
4490.727344,1.0003324952643007
4490.846546,0.9991163906128909
4490.965748,0.9999566299405083
4491.08495,0.9995527400505647
4491.204152,0.9996082167671022
4491.323354,0.9994033680556645
4491.442556,0.999738964075807
4491.561758,0.9995970312137398
4491.68096,0.999570822123184
4491.800162,0.9995783289282463
4491.919364,0.9993223097358461
4492.038566,1.0005488505633817
4492.157768,0.999897595243725
4492.27697,0.9996351865606115
4492.396172,0.9998391829324511
4492.515374,0.9992787202473891
4492.634576,0.9996504910924735
4492.753778,0.9998120976558572
4492.87298,0.9993082693560282
4492.992182,0.9997069629437478
4493.111384,0.9996365760544864
4493.230586,0.999467551800879
4493.349788,0.9997797442598578
4493.46899,0.9996089464813668
4493.588192,0.9995559586155696
4493.707394,0.999813967306228
4493.826596,0.9989911092728123
4493.945798,0.9998260651284241
4494.065,0.9988854216044274
4494.184202,1.000642086049051
4494.303404,1.000312428795713
4494.422606,1.0005191547141856
4494.541808,0.9998233056122924
4494.66101,0.999811237817823
4494.780212,0.9997562797046177
4494.899414,0.9997653675305043
4495.018616,0.999793981224783
4495.137818,0.9993116170443379
4495.25702,0.9992691771811789
4495.376222,0.9987833407307609
4495.495424,0.9997537503244297
4495.614626,1.0006194217624762
4495.733828,0.9998814170315161
4495.85303,1.00010757578586
4495.972232,1.0001720247945682
4496.091434,0.9994163104130824
4496.210636,0.9996934070092397
4496.329838,0.999858480014898
4496.44904,0.9992671186887941
4496.568242,0.999533159004184
4496.687444,0.9997723559148477
4496.806646,0.9995349681608392
4496.925848,0.9996693646719114
4497.04505,0.9992600738804404
4497.164252,0.9996189826055707
4497.283454,0.9993200312835774
4497.402656,0.9995786887765095
4497.521858,0.9997291566846748
4497.64106,0.9992045665250674
4497.760262,0.9994400968043271
4497.879464,0.9996678551723104
4497.998666,0.9994955672689909
4498.117868,0.9993159340798483
4498.23707,0.9998483115058632
4498.356272,0.9993351411166804
4498.475474,0.9998959054182169
4498.594676,0.9994991954444853
4498.713878,0.9996754726703895
4498.83308,0.9993355808242392
4498.952282,0.9997998400346794
4499.071484,0.9995625357154159
4499.190686,0.9991493819807934
4499.309888,1.0000265013511547
4499.42909,0.9997536603465962
4499.548292,0.9998287646624443
4499.667494,0.9994407864182319
4499.786696,0.9992443556431025
4499.905898,0.9991972323904654
4500.0251,0.9993252677342608
4500.144302,0.9996652360459609
4500.263504,0.9999170274424131
4500.382706,0.9993815713059017
4500.501908,1.000146180683355
4500.62111,0.9987599694740327
4500.740312,0.9994093045293021
4500.859514,0.9995689229404262
4500.978716,1.0007880503486397
4501.097918,0.9998722981545749
4501.21712,0.999233743724395
4501.336322,0.9992859050872172
4501.455524,0.9995642349731709
4501.574726,0.9995897741656363
4501.693928,0.9995993302895555
4501.81313,0.9998431423034551
4501.932332,0.9998237855275943
4502.051534,0.9995064218497918
4502.170736,1.0001016051614549
4502.289938,0.999954338042539
4502.40914,0.9996995951305813
4502.528342,0.9995218443528652
4502.647544,0.9988499618013758
4502.766746,0.9995198952871691
4502.885948,0.9998014497137175
4503.00515,1.000055017513408
4503.124352,0.9994210676460422
4503.243554,0.9999634906664819
4503.362756,0.9997884823730082
4503.481958,0.9996194524266029
4503.60116,0.9999471443969066
4503.720362,0.9999357570636658
4503.839564,1.0000313644918555
4503.958766,0.9996188426589229
4504.077968,0.9992263793988413
4504.19717,1.000217293604836
4504.316372,0.9987061377624556
4504.435574,0.9992129099180315
4504.554776,0.9993870079564372
4504.673978,0.9998193263234548
4504.79318,0.999381171553353
4504.912382,0.9998143772300386
4505.031584,0.9993880773011078
4505.150786,0.9993999501019905
4505.269988,0.9991026328749144
4505.38919,0.9990813222430339
4505.508392,0.998846066294121
4505.627594,0.9990051951467582
4505.746796,0.9997324158070379
4505.865998,0.9993058910051774
4505.9852,0.9997769648760322
4506.104402,0.9996354364694393
4506.223604,0.9985589393265407
4506.342806,0.999826844993059
4506.462008,0.9993451345180585
4506.58121,0.9993925046000968
4506.700412,0.9996033786750412
4506.819614,0.9997397138803112
4506.938816,0.9998857065319962
4507.058018,0.9996804910538584
4507.17722,0.9990207697591543
4507.296422,0.999920023198315
4507.415624,0.9998998550148438
4507.534826,0.9993305841588268
4507.654028,0.9998727280997556
4507.77323,0.9993617137913648
4507.892432,0.9999107629818595
4508.011634,0.9992782306009361
4508.130836,0.9997934313382446
4508.250038,0.9999560419661827
4508.36924,0.9994264745286437
4508.488442,0.9995129686382956
4508.607644,0.9991072387486685
4508.726846,0.999498845619828
4508.846048,0.9996056577733428
4508.96525,0.9993982311355546
4509.084452,0.9994969765587344
4509.203654,0.9997937512721938
4509.322856,0.9995941823662605
4509.442058,0.9994750478356276
4509.56126,0.9995070115587547
4509.680462,0.9998305643558404
4509.799664,0.9999649566140338
4509.918866,0.9993113971958063
4510.038068,0.9989201834219514
4510.15727,0.999746582115738
4510.276472,0.9995912535595969
4510.395674,0.9995025437723984
4510.514876,0.9997272671983541
4510.634078,0.9999411257331576
4510.75328,1.0001643034963412
4510.872482,1.000465478301418
4510.991684,0.9992926303039886
4511.110886,0.9998416725351161
4511.230088,0.9999173344169876
4511.34929,0.9988197969880203
4511.468492,0.9989905098783265
4511.587694,0.999316073984089
4511.706896,0.999489070568918
4511.826098,0.9997947110746558
4511.9453,0.9990757174125376
4512.064502,1.0000670342466946
4512.183704,0.9998174066721912
4512.302906,0.9996692247182102
4512.422108,1.000132378761295
4512.54131,0.9994632341103815
4512.660512,0.9998219758481802
4512.779714,0.9998061987818827
4512.898916,0.9998042691577812
4513.018118,0.9998090482336097
4513.13732,0.9993894664515007
4513.256522,0.9991717032273143
4513.375724,0.999817186712386
4513.494926,0.999366780568098
4513.614128,0.999563765178091
4513.73333,0.9994770168034113
4513.852532,0.9998782974063616
4513.971734,0.9993757349345674
4514.090936,0.9995854959305583
4514.210138,0.9988186982868479
4514.32934,0.9992873640457036
4514.448542,0.999959434822789
4514.567744,0.9993767742858722
4514.686946,0.9993086091208976
4514.806148,0.999634706735837
4514.92535,0.9994044374178405
4515.044552,0.9996800012105378
4515.163754,0.9993360605054331
4515.282956,0.9999771982599637
4515.402158,0.9992023383013685
4515.52136,0.9994424854690129
4515.640562,0.9989804201251301
4515.759764,0.9990226279395141
4515.878966,1.0003024057153922
4515.998168,0.9998028394386985
4516.11737,0.9993181825432296
4516.236572,0.9993778236320361
4516.355774,0.9990466747035703
4516.474976,0.9986603980687931
4516.594178,0.9998461918296896
4516.71338,0.9988561546903368
4516.832582,0.9999627106952634
4516.951784,0.9998169267599512
4517.070986,0.9995320595183139
4517.190188,0.9996358363236938
4517.30939,0.9995026037425528
4517.428592,0.998895510398134
4517.547794,0.9988562545759573
4517.666996,0.998896309514862
4517.786198,0.9997046936115176
4517.9054,1.0002577932229633
4518.024602,0.9993393783066615
4518.143804,0.9995156973124246
4518.263006,0.9993082493698631
4518.382208,0.9999237539068812
4518.50141,1.0001322087388052
4518.620612,0.9997768648983406
4518.739814,0.9992165070909821
4518.859016,0.9994094344525201
4518.978218,0.9991686057998354
4519.09742,0.9996309881016446
4519.216622,0.998980719819301
4519.335824,0.9993702783579511
4519.455026,0.9991138228870666
4519.574228,0.9995296306583603
4519.69343,0.9993457141384046
4519.812632,0.9998043791362569
4519.931834,0.9997845932033762
4520.051036,0.9993231991330975
4520.170238,0.9992158276239883
4520.28944,0.9990147257017805
4520.408642,0.9997828135883842
4520.527844,0.9994525698945672
4520.647046,0.9992830271479547
4520.766248,0.9994855323838708
4520.88545,0.9997836334106274
4521.004652,0.999098256814966
4521.123854,0.9994839731876565
4521.243056,0.9993616338424309
4521.362258,0.9996973757999436
4521.48146,0.9991607523654578
4521.600662,0.9996849196482431
4521.719864,0.9990794939258871
4521.839066,0.99936398234503
4521.958268,0.9997911218180857
4522.07747,0.999322719458077
4522.196672,1.0001528616821564
4522.315874,0.9997383942247599
4522.435076,0.9993123965077032
4522.554278,0.999519745359196
4522.67348,0.999848901416541
4522.792682,0.999882826865308
4522.911884,0.9995784888607917
4523.031086,0.9989507508472433
4523.150288,0.9995048526259412
4523.26949,1.000304816447095
4523.388692,0.9999142546763404
4523.507894,1.0000962736340089
4523.627096,0.9995033633648204
4523.746298,0.999589314354446
4523.8655,0.9992497415846945
4523.984702,0.9993915451837528
4524.103904,0.9991941748516123
4524.223106,0.9997948710418223
4524.342308,0.9998044091303887
4524.46151,0.9995577178356049
4524.580712,0.9997150306114917
4524.699914,0.9996563590580787
4524.819116,0.9998525208761153
4524.938318,0.9998230656547279
4525.05752,0.9992643107521358
4525.176722,0.9993772739743843
4525.295924,0.9994729289507722
4525.415126,0.9998534907335309
4525.534328,0.9992251303666477
4525.65353,0.9991038717629473
4525.772732,0.9992509406851039
4525.891934,0.998841671381098
4526.011136,0.9997630980656959
4526.130338,0.9999023107719034
4526.24954,0.9994985957451479
4526.368742,0.9993332423817161
4526.487944,0.9999211031125231
4526.607146,0.9995789686585814
4526.726348,0.9999967962051322
4526.84555,0.9995921931758168
4526.964752,0.9999864150922757
4527.083954,0.9994820841647323
4527.203156,1.0002590335433958
4527.322358,0.9998669188560811
4527.44156,0.999000709623502
4527.560762,0.9998918258512453
4527.679964,0.9994361989955504
4527.799166,1.0000304404633016
4527.918368,0.9995677634411482
4528.03757,0.9999632856739874
4528.156772,0.9999370679803027
4528.275974,0.9991985413396972
4528.395176,0.9992209136454948
4528.514378,0.999329275036619
4528.63358,0.9998142872467487
4528.752782,1.0001852771616935
4528.871984,0.9999462834427859
4528.991186,0.9994324611111559
4529.110388,0.9996814507475905
4529.22959,0.9993901860121756
4529.348792,0.9996179130138315
4529.467994,0.9993266368108153
4529.587196,1.0002589635252659
4529.706398,0.9994027484257684
4529.8256,1.0004339241178444
4529.944802,0.9998019696106066
4530.064004,0.9997334155399535
4530.183206,0.9991819947488588
4530.302408,0.9997723459171243
4530.42161,0.9997153805118136
4530.540812,0.999008761601671
4530.660014,0.9995379567748619
4530.779216,0.9999243558611621
4530.898418,0.9999350891068032
4531.01762,0.9998718782082978
4531.136822,1.0000034193058458
4531.256024,0.9994458535958642
4531.375226,0.9996969159392565
4531.494428,0.999297426920126
4531.61363,1.0001368593643885
4531.732832,1.00032755363398
4531.852034,0.9997826336274939
4531.971236,0.9993621734978589
4532.090438,0.9994045173701986
4532.20964,0.9998491513787976
4532.328842,1.0000699814485874
4532.448044,0.9993768142609439
4532.567246,0.9994079253454135
4532.686448,1.000083509486723
4532.80565,1.0006761785056846
4532.924852,1.000071050523969
4533.044054,1.0002909323125988
4533.163256,1.0004937018306517
4533.282458,1.0002299264290304
4533.40166,0.9994236761384327
4533.520862,0.9989963040400869
4533.640064,0.9994973663626312
4533.759266,0.9992450451219458
4533.878468,0.9998332039120145
4533.99767,0.9998955954505343
4534.116872,0.9999371689739516
4534.236074,1.0003502713306813
4534.355276,0.9995823272495585
4534.474478,0.9994251352980652
4534.59368,0.999346613549952
4534.712882,0.9989736270813696
4534.832084,0.9993650816460151
4534.951286,0.9998461318389199
4535.070488,0.9994145014711976
4535.18969,0.9998986051408062
4535.308892,1.0004917808845883
4535.428094,0.999705103490526
4535.547296,0.9995993202935622
4535.666498,0.9995433043172354
4535.7857,0.9997820137624532
4535.904902,0.9993906257439542
4536.024104,0.9997623082531604
4536.143306,0.9997700264479723
4536.262508,0.9989113929630153
4536.38171,1.0002353276852165
4536.500912,0.999963250675273
4536.620114,0.9995686330654806
4536.739316,0.9997762450368766
4536.858518,0.9995180061963521
4536.97772,0.9995539195234938
4537.096922,0.999864229217687
4537.216124,0.9994804650050674
4537.335326,1.0001967293486806
4537.454528,0.9996631967309595
4537.57373,0.9988582522904641
4537.692932,0.9996093163367453
4537.812134,0.9998089682488891
4537.931336,1.0004666188327132
4538.050538,0.9999285485527762
4538.16974,0.9991346246534047
4538.288942,0.9997021443677991
4538.408144,1.0005166334090927
4538.527346,1.0004674292110027
4538.646548,0.9996295586303537
4538.76575,1.0000136280928615
4538.884952,0.9998957854307156
4539.004154,1.0000846475824043
4539.123356,0.9999256717624804
4539.242558,1.0003402778813881
4539.36176,0.9996293886933432
4539.480962,1.0004364051970527
4539.600164,0.9994793056084005
4539.719366,0.9999529941048118
4539.838568,1.0004493209144145
4539.95777,0.9994296926870729
4540.076972,0.9995015642603855
4540.196174,0.9999717423992536
4540.315376,1.0001107161285783
4540.434578,0.9995597369442342
4540.55378,0.9999847221167081
4540.672982,1.000155112028627
4540.792184,0.9997785645204557
4540.911386,0.9998020495947674
4541.030588,0.9997421032610827
4541.14979,0.9999032416813881
4541.268992,1.0000249213105308
4541.388194,0.9996994051876763
4541.507396,1.0002427294540277
4541.626598,0.999944287551996
4541.7458,0.9995030135387044
4541.865002,1.0001136164538604
4541.984204,0.999858280043222
4542.103406,0.9994212875187012
4542.222608,0.999795160982377
4542.34181,0.9996014694344112
4542.461012,0.9996068473047832
4542.580214,0.9998859665023137
4542.699416,0.9994301324362345
4542.818618,0.99957556010011
4542.93782,1.000268215963471
4543.057022,0.9999295804795708
4543.176224,0.9995657243249907
4543.295426,1.0002681459446983
4543.414628,0.9994509807662444
4543.53383,0.9997825036557599
4543.653032,0.9993511605873882
4543.772234,1.0000436679534173
4543.891436,0.999302043684903
4544.010638,0.9994307121058794
4544.12984,0.999606087603868
4544.249042,0.9991196677200266
4544.368244,0.9990342066788707
4544.487446,0.9991226650835258
4544.606648,1.0004452090761555
4544.72585,0.9997858529327572
4544.845052,0.9996451229837497
4544.964254,1.0001008350835152
4545.083456,1.0003896859078338
4545.202658,0.9998648591323498
4545.32186,0.9997303863522937
4545.441062,1.0003338357107423
4545.560264,1.0002207443604514
4545.679466,0.9995696226389172
4545.798668,1.0001480509584615
4545.91787,0.9999079202396014
4546.037072,0.9998028894288418
4546.156274,0.9998640292448612
4546.275476,0.9995750103337031
4546.394678,0.999529450743043
4546.51388,0.9993265368781566
4546.633082,0.9997455623747442
4546.752284,0.9993033028062714
4546.871486,1.000051389320386
4546.990688,1.000249311072841
4547.10989,0.999727197217448
4547.229092,1.0003429487934958
4547.348294,0.9993657012525579
4547.467496,0.9999348391230621
4547.586698,0.9997761750525419
4547.7059,0.9994511306839028
4547.825102,1.0005420168380696
4547.944304,1.0001268380432644
4548.063506,0.9995239433509423
4548.182708,1.0008538643347709
4548.30191,0.9998570902125766
4548.421112,1.0000145241054739
4548.540314,1.0005577855045118
4548.659516,1.0000528223950536
4548.778718,1.0000485161768717
4548.89792,1.000276028088744
4549.017122,0.9991028526775179
4549.136324,0.9999135877337549
4549.255526,1.0000308674763907
4549.374728,0.9994890605740273
4549.49393,1.0002645749937915
4549.613132,0.9995232636748919
4549.732334,0.9998575301497932
4549.851536,0.9993791328178426
4549.970738,0.999703014109043
4550.08994,0.9996845297712005
4550.209142,0.9997222985661832
4550.328344,0.9998479115666186
4550.447546,1.0001109161507415
4550.566748,0.9996014594383966
4550.68595,0.9998453719561485
4550.805152,1.0003917967322982
4550.924354,1.0000736947153221
4551.043556,0.999853030801031
4551.162758,0.9999701034469108
4551.28196,1.0003842337989026
4551.401162,1.0000808102649736
4551.520364,0.999734795173019
4551.639566,0.9999398718077722
4551.758768,0.9999730343635793
4551.87797,0.9996305582604121
4551.997172,0.9993662309165199
4552.116374,0.9998194463017812
4552.235576,0.9997586091394632
4552.354778,0.9996589481714016
4552.47398,0.9998962553818451
4552.593182,0.9994785360096314
4552.712384,0.9998117977122729
4552.831586,0.9997215287803097
4552.950788,0.9998090082412486
4553.06999,0.9997366246893682
4553.189192,0.9994238960116657
4553.308394,0.999743492903572
4553.427596,1.0002253453864578
4553.546798,0.9998538906750073
4553.666,0.9991565359159795
4553.785202,0.9994872015261036
4553.904404,1.0001729049463375
4554.023606,0.999754470147389
4554.142808,0.9993008844952047
4554.26201,0.9997412334858312
4554.381212,0.9990919025702591
4554.500414,0.9993877974724853
4554.619616,0.9992089630348324
4554.738818,0.9996270895483932
4554.85802,0.9990820216002042
4554.977222,0.9995076112631415
4555.096424,0.9992675084030465
4555.215626,0.9999025877448818
4555.334828,0.9991714334509908
4555.45403,0.9992643707079962
4555.573232,0.9994647932742429
4555.692434,0.9996884685360071
4555.811636,0.9998704083977172
4555.930838,1.0002240250898733
4556.05004,0.9998710783111152
4556.169242,0.9996525303815554
4556.288444,1.0003994197468329
4556.407646,0.9992375008503348
4556.526848,0.9996776819556253
4556.64605,0.999533488850181
4556.765252,0.9999325092776012
4556.884454,0.9997451524791477
4557.003656,0.9996281691462329
4557.122858,1.0001398697808659
4557.24206,1.0000983488359296
4557.361262,0.9999420476793006
4557.480464,0.9996235408785242
4557.599666,0.9995729911942215
4557.718868,1.0001194971392144
4557.83807,1.0001005550553206
4557.957272,0.9995441239430809
4558.076474,0.999529710620734
4558.195676,0.9999987299008066
4558.314878,0.9994260747581338
4558.43408,0.9993990706304213
4558.553282,0.9993205909029516
4558.672484,0.9992212833573013
4558.791686,0.9996981155762754
4558.910888,1.0003120286708216
4559.03009,0.9994436148396596
4559.149292,0.9998166868039176
4559.268494,0.9998013597315911
4559.387696,0.9996037385323223
4559.506898,0.9996255501238607
4559.6261,0.9995891944037354
4559.745302,0.9995664939908947
4559.864504,0.9996897481380658
4559.983706,0.9997636279402783
4560.102908,0.999903100695041
4560.22211,0.9995749003804579
4560.341312,0.9988224938051129
4560.460514,0.9988743340377837
4560.579716,0.9993545683806561
4560.698918,0.9993210106176879
4560.81812,0.9995789186796343
4560.937322,1.000581809185345
4561.056524,0.9997861528685581
4561.175726,0.9997841433004104
4561.294928,0.9991858316150853
4561.41413,0.9993242684094926
4561.533332,0.999654059851097
4561.652534,0.9995800681960517
4561.771736,0.9989897106862383
4561.890938,0.9999389708623536
4562.01014,0.9994540590800057
4562.129342,0.9999817791660014
4562.248544,0.9995652845161687
4562.367746,0.9997599788096959
4562.486948,0.9992261795535854
4562.60615,0.9995965813951769
4562.725352,0.9997802641454601
4562.844554,1.0001119862699943
4562.963756,0.9996453529021545
4563.082958,0.9989800205330419
4563.20216,0.9994976662118861
4563.321362,0.9998758477075338
4563.440564,0.9992650402153489
4563.559766,0.9998194263053926
4563.678968,0.9993723570502919
4563.79817,0.9997640978292939
4563.917372,0.9995802781078881
4564.036574,0.9993426161714926
4564.155776,0.9997975005057909
4564.274978,0.9991230447502106
4564.39418,0.9994145814243609
4564.513382,0.9997197592747697
4564.632584,0.9993565770853573
4564.751786,0.9987722542972087
4564.870988,0.9993397980292886
4564.99019,0.9995270118941586
4565.109392,0.9994298825787326
4565.228594,0.9995291308936699
4565.347796,0.9995072014651049
4565.466998,0.9994495015798874
4565.5862,0.9995947321432119
4565.705402,0.9995398159171905
4565.824604,0.9993734063918177
4565.943806,0.9994633640406103
4566.063008,0.9993164637174338
4566.18221,0.999451570442497
4566.301412,0.9995607165132564
4566.420614,0.9997821737275882
4566.539816,0.999960650774201
4566.659018,0.9995504810639249
4566.77822,0.9996181829107045
4566.897422,0.9995751802614693
4567.016624,0.9993785132029723
4567.135826,0.9993836899970786
4567.255028,0.9993789029606684
4567.37423,0.9991912272331442
4567.493432,0.9993927244664719
4567.612634,0.9997274171574555
4567.731836,0.9993204310116698
4567.851038,0.9994837732908818
4567.97024,0.9993958625645536
4568.089442,0.9995114293895091
4568.208644,0.9992670287547576
4568.327846,0.9988784294309488
4568.447048,1.0001203072363352
4568.56625,0.9999487693123364
4568.685452,0.9994006896582271
4568.804654,0.9994970465235251
4568.923856,0.9993504410548116
4569.043058,0.9997326857348267
4569.16226,0.9993363802930236
4569.281462,0.99998378713143
4569.400664,0.9993931841872309
4569.519866,0.9990819516644652
4569.639068,0.999256836283046
4569.75827,0.999587665033438
4569.877472,0.9991616815853895
4569.996674,0.9991984214358794
4570.115876,0.9993996902580372
4570.235078,0.999507441346862
4570.35428,0.9995208848123552
4570.473482,0.9998912159174175
4570.592684,0.99952969063014
4570.711886,0.9999977361025626
4570.831088,0.9996137046312764
4570.95029,0.9994610352936851
4571.069492,0.999560196741819
4571.188694,0.9997607086347469
4571.307896,0.9997630680728034
4571.427098,0.9994946377385456
4571.5463,0.9998767775925046
4571.665502,0.9995594070895754
4571.784704,0.9989712295475417
4571.903906,1.0004104041927662
4572.023108,0.9997559997728985
4572.14231,0.9996729534913725
4572.261512,0.9994640936491324
4572.380714,0.9993650116904619
4572.499916,0.999684409809064
4572.619118,0.9995465628337188
4572.73832,0.9992941792087661
4572.857522,0.9997951109926202
4572.976724,0.9993186422296992
4573.095926,0.9995295107148119
4573.215128,0.9999741073352209
4573.33433,0.9994935482899843
4573.453532,0.9992939293852525
4573.572734,0.999327396299348
4573.691936,0.9995842564453119
4573.811138,0.9993720972135129
4573.93034,0.9997298864872255
4574.049542,0.9997089623596731
4574.168744,0.9994744181665458
4574.287946,1.0000999839980669
4574.407148,0.9991122742618412
4574.52635,0.9996969559271339
4574.645552,0.9997847531689239
4574.764754,0.9998809670849796
4574.883956,0.9991282302122692
4575.003158,0.9993970018764863
4575.12236,0.9996711540816757
4575.241562,1.0002637547771762
4575.360764,0.9993998501620004
4575.479966,0.9998420624734445
4575.599168,0.9997493714125931
4575.71837,0.9995613562323197
4575.837572,0.9987906318757609
4575.956774,0.9994188089569817
4576.075976,0.9995446936833939
4576.195178,0.9995564683892384
4576.31438,0.9992770214750086
4576.433582,1.0000214382297956
4576.552784,1.0001014851492693
4576.671986,0.9998643192054717
4576.791188,0.9994022387304966
4576.91039,0.9993240985243815
4577.029592,0.9997640178481692
4577.148794,0.9990598721973124
4577.267996,0.9994993953443444
4577.387198,0.9993310538443116
4577.5064,0.9989221812643161
4577.625602,0.9996971558665451
4577.744804,0.9992760022129665
4577.864006,0.9998428023568445
4577.983208,0.9992336438010256
4578.10241,0.9997229483858885
4578.221612,1.0000944024556313
4578.340814,0.9994510807113475
4578.460016,0.9992946288912479
4578.579218,0.9998318141448269
4578.69842,0.9995117492332177
4578.817622,0.9995690528843947
4578.936824,0.9993800122718665
4579.056026,0.9993442650881696
4579.175228,0.9997267673348456
4579.29443,0.9991012441232199
4579.413632,0.9995325692797943
4579.532834,0.9994920590457068
4579.652036,0.9989469548416026
4579.771238,0.9996973857969174
4579.89044,0.9991366029419201
4580.009642,0.9992139590921377
4580.128844,0.9997859229177694
4580.248046,0.9991234943556819
4580.367248,0.999596161564701
4580.48645,0.99924477532582
4580.605652,0.9989972031371651
4580.724854,0.9996776519652953
4580.844056,1.0006920393488106
4580.963258,1.0001691042965197
4581.08246,0.9998416525382829
4581.201662,0.9997817238257113
4581.320864,0.9994181793233303
4581.440066,0.999538536507045
4581.559268,1.0000039457077843
4581.67847,1.0002915224844229
4581.797672,0.9997313560912388
4581.916874,1.0001542318925156
4582.036076,0.9997646377020524
4582.155278,0.9994568675498577
4582.27448,1.0002443098387888
4582.393682,0.9998522809115391
4582.512884,1.000111496215241
4582.632086,0.9995470626071252
4582.751288,0.9990738191704779
4582.87049,0.9995818874334313
4582.989692,0.999431481667824
4583.108894,0.9996128949445036
4583.228096,0.9994859921473214
4583.347298,0.9999216860666962
4583.4665,0.9989178859081717
4583.585702,0.9992828672626831
4583.704904,0.9996439234103219
4583.824106,0.9993111773473231
4583.943308,0.998966434497148
4584.06251,0.9993091187684181
4584.181712,0.9996887784394805
4584.300914,0.9987784467043818
4584.420116,0.9996082867396798
4584.539318,0.9992359820104878
4584.65852,0.9995789086838451
4584.777722,0.9996605576236037
4584.896924,0.9992580853548719
4585.016126,1.0001018951909624
4585.135328,0.999492188979683
4585.25453,0.9992773612292537
4585.373732,0.9999734043536704
4585.492934,0.9998123576070364
4585.612136,0.9992598440506498
4585.731338,0.9992176761749794
4585.85054,1.0001918884082257
4585.969742,0.9993375095437714
4586.088944,0.9995955917950512
4586.208146,0.9988503613414403
4586.327348,0.999604098389733
4586.44655,0.999268867407782
4586.565752,0.9998928457414277
4586.684954,1.000309067751599
4586.804156,0.9991709238736898
4586.923358,0.9992958680173559
4587.04256,0.9999124038367679
4587.161762,0.9992176661828026
4587.280964,0.9993940936354423
4587.400166,1.0001058255991337
4587.519368,0.9999382919040228
4587.63857,0.9994716296368091
4587.757772,0.9997902819938961
4587.876974,0.9996153240067895
4587.996176,0.9997021343707778
4588.115378,0.9989690318132541
4588.23458,0.9998576101383988
4588.353782,0.9997423032095234
4588.472984,0.9991446360325007
4588.592186,0.999099355823653
4588.711388,0.9997188795217687
4588.83059,0.9992237014757329
4588.949792,0.9986669892491712
4589.068994,0.9996213716977941
4589.188196,0.9999937593194731
4589.307398,0.9992811584904411
4589.4266,0.9998675887671412
4589.545802,0.9999611087562841
4589.665004,0.9995198453111755
4589.784206,0.9992437261193567
4589.903408,0.9995506609830276
4590.02261,0.9990502512970678
4590.141812,0.9996368059709254
4590.261014,0.999262412151749
4590.380216,0.9993147748740372
4590.499418,0.9990775457227734
4590.61862,0.9999297064707059
4590.737822,0.9997782445913662
4590.857024,0.9995528200147871
4590.976226,0.9993514903733256
4591.095428,0.9999550560100113
4591.21463,0.9997401437684806
4591.333832,0.9997001349685084
4591.453034,0.9988579526330335
4591.572236,0.999317313136789
4591.691438,0.9983114272458716
4591.81064,0.9993500812887176
4591.929842,1.0000858076812684
4592.049044,0.9996701544110215
4592.168246,0.9994462833576737
4592.287448,0.9995537595948796
4592.40665,1.0001295883958508
4592.525852,0.9991475135731961
4592.645054,0.9999099240570813
4592.764256,0.9995613362410927
4592.883458,0.999000300033295
4593.00266,0.9997895521472566
4593.121862,0.9991355838231047
4593.241064,0.9995951019933312
4593.360266,0.9999008179188679
4593.479468,0.9992050261592738
4593.59867,0.9993543984903939
4593.717872,0.9994725291616806
4593.837074,0.9997444226654528
4593.956276,1.0001109561551789
4594.075478,0.9991186286361124
4594.19468,0.9994862620085757
4594.313882,0.9997229683803477
4594.433084,0.9998824769063799
4594.552286,0.9991741312175031
4594.671488,0.9994658826914612
4594.79069,0.9999386238835909
4594.909892,0.9995772293926891
4595.029094,0.999723248302818
4595.148296,1.0000732256808693
4595.267498,0.9996675952587019
4595.3867,0.9995615761358422
4595.505902,0.9994795754678494
4595.625104,0.9998466417605772
4595.744306,0.9993858886436151
4595.863508,0.9996066673755669
4595.98271,1.0000648421021583
4596.101912,0.9996740131452648
4596.221114,0.9996698944968151
4596.340316,0.9992334839236554
4596.459518,0.999613354766541
4596.57872,0.9995571880701548
4596.697922,0.9994151710791379
4596.817124,0.9994920190660253
4596.936326,0.9999124738306386
4597.055528,0.9992245208395041
4597.17473,0.9996191425446207
4597.293932,0.9998016496740275
4597.413134,0.9999754143022332
4597.532336,1.0003782015001603
4597.651538,0.9996571187972003
4597.77074,0.9999924305286486
4597.889942,1.0003098379898776
4598.009144,0.9995022339266579
4598.128346,0.9999265706960633
4598.247548,0.9993942835203381
4598.36675,0.99849433465315
4598.485952,1.000232687067437
4598.605154,0.9998664089240826
4598.724356,1.0008155223576736
4598.843558,0.9985156028089831
4598.96276,1.0000311224842944
4599.081962,0.999897355268331
4599.201164,0.9995635752609936
4599.320366,0.9993120567415461
4599.439568,0.9998726681073936
4599.55877,0.9995164569446432
4599.677972,0.9990219985554568
4599.797174,0.9995897141902517
4599.916376,1.0002652751792391
4600.035578,0.9992399389928114
4600.15478,0.9998192263415272
4600.273982,0.999022577988384
4600.393184,0.9997067530053076
4600.512386,0.9997409835505541
4600.631588,0.9990353455785155
4600.75079,0.9994875313569345
4600.869992,0.9999392948426327
4600.989194,0.9997017544840389
4601.108396,0.9996698045265286
4601.227598,0.9997683168426887
4601.3468,0.9996591580998028
4601.466002,1.0000877368486523
4601.585204,1.0001334589048474
4601.704406,1.000187867644916
4601.823608,1.0000990379039294
4601.94281,0.9998838967405052
4602.062012,1.000254562395509
4602.181214,0.9996445331933012
4602.300416,0.999540385655048
4602.419618,0.999660217739072
4602.53882,0.9987581717077055
4602.658022,1.0000406588265476
4602.777224,1.0001057355896135
4602.896426,0.9996309281237872
4603.015628,0.9988354785819332
4603.13483,0.9993555177679471
4603.254032,0.9996585283147316
4603.373234,0.9990378631507585
4603.492436,1.0000551945231617
4603.611638,0.9997642277986349
4603.73084,0.9995200252247639
4603.850042,0.9998611996336623
4603.969244,0.9995043028984235
4604.088446,1.0003788617499911
4604.207648,0.9999341231699737
4604.32685,0.9997551999684187
4604.446052,0.9997834634474242
4604.565254,0.9997265973813095
4604.684456,0.9993735762853113
4604.803658,1.0002626144771458
4604.92286,0.9995856058849689
4605.042062,0.9997199392243427
4605.161264,0.9994648732314295
4605.280466,0.9995376169320144
4605.399668,0.9989477539994861
4605.51887,0.9989931072570288
4605.638072,0.999943658587237
4605.757274,0.9997947010767086
4605.876476,1.0001009650966324
4605.995678,0.9996105558530661
4606.11488,0.9997546101130247
4606.234082,0.9993816112811653
4606.353284,0.9995568882030433
4606.472486,1.0004076530679373
4606.591688,0.9994826938489896
4606.71089,0.9999711484162149
4606.830092,1.000376360805963
4606.949294,0.999404467399974
4607.068496,0.9994248854418125
4607.187698,0.9997742854773567
4607.3069,0.9995654244553184
4607.426102,0.9994766669865166
4607.545304,0.9996082967357627
4607.664506,0.9998811370647586
4607.783708,1.000261454173186
4607.90291,1.0004298823729552
4608.022112,0.9990907536152319
4608.141314,1.0000702514675188
4608.260516,0.9995837666491462
4608.379718,0.9997301564143313
4608.49892,0.9998621295050103
4608.618122,0.9995948720864842
4608.737324,1.0000944154568587
4608.856526,0.9992483426360356
4608.975728,0.9997055833490909
4609.09493,1.000261064071295
4609.214132,0.9998792672887804
4609.333334,0.9998266550259765
4609.452536,0.9999682765032007
4609.571738,0.9996397649002502
4609.69094,1.0006199821095092
4609.810142,0.9990729999302821
4609.929344,1.0002819497403583
4610.048546,0.9996088165322121
4610.167748,0.9991162707189313
4610.28695,0.9991918567238157
4610.406152,0.9996196923353002
4610.525354,0.9999482873371458
4610.644556,0.9996928271872317
4610.763758,0.9999544840358829
4610.88296,0.9997675270260304
4611.002162,0.9995563284513427
4611.121364,0.9990035567795816
4611.240566,1.0001358892321053
4611.359768,0.9992400289244099
4611.47897,0.9998167068002515
4611.598172,0.9997292566575954
4611.717374,0.9994134620806566
4611.836576,0.9992423571563898
4611.955778,1.000134469040151
4612.07498,0.9992177960811077
4612.194182,0.9999691364762884
4612.313384,0.999840592706693
4612.432586,0.9992801692025839
4612.551788,0.9999981429017244
4612.67099,1.0001257579068628
4612.790192,0.9988305843000791
4612.909394,0.9993152445520918
4613.028596,1.0002124425627257
4613.147798,1.0001508513769248
4613.267,0.9996469523359987
4613.386202,1.000080198215705
4613.505404,0.9998662589441325
4613.624606,0.9990566951919703
4613.743808,0.9999341501681953
4613.86301,0.9997130811690828
4613.982212,1.0002205443163226
4614.101414,0.9995840865160027
4614.220616,0.9999412117280981
4614.339818,1.0000973047337984
4614.45902,1.000367127374765
4614.578222,1.0010515524940402
4614.697424,1.000326203192694
4614.816626,0.9994640236866483
4614.935828,0.9997443826756767
4615.05503,1.000010902059427
4615.174232,0.9994148512663343
4615.293434,0.9995732111003037
4615.412636,0.9998940256156819
4615.531838,0.9999061854008647
4615.65104,0.9993388686437086
4615.770242,0.9996902179923578
4615.889444,1.0002798691560668
4616.008646,0.9997374044842395
4616.127848,0.9992581053400339
4616.24705,0.9995972511251109
4616.366252,1.0001390796706808
4616.485454,0.9998960054078125
4616.604656,1.00004142785811
4616.723858,0.9998554704454026
4616.84306,0.9993935839445846
4616.962262,0.9987198201302669
4617.081464,1.0000511713092068
4617.200666,0.9996287489307392
4617.319868,0.999989934050662
4617.43907,0.999678021846095
4617.558272,0.999491759198134
4617.677474,0.9998794872622434
4617.796676,0.9996920174363697
4617.915878,0.999412532626569
4618.03508,0.9998324140440954
4618.154282,0.9999632006771116
4618.273484,0.9996837000333851
4618.392686,0.9997492814351537
4618.511888,0.9998741479200375
4618.63109,0.9998111078423705
4618.750292,1.0001406898958953
4618.869494,0.9990641581733576
4618.988696,0.9999610707577626
4619.107898,1.0000287454131416
4619.2271,0.9999098090674468
4619.346302,0.9999400607964258
4619.465504,1.000640855260042
4619.584706,1.000086431735007
4619.703908,0.9999413777183531
4619.82311,0.9995933527034334
4619.942312,0.999406456216843
4620.061514,0.9996434935635273
4620.180716,0.9989075971069342
4620.299918,1.0002452700737872
4620.41912,0.9994973963475526
4620.538322,0.999497076508437
4620.657524,0.9989254777129534
4620.776726,1.0002773784622934
4620.895928,0.9988015187529817
4621.01513,0.999757409429852
4621.134332,0.9996149641453377
4621.253534,0.9998612496267235
4621.372736,0.9992584151100945
4621.491938,1.000129618399739
4621.61114,0.9992195946747593
4621.730342,0.999654159816508
4621.849544,1.0000554185355504
4621.968746,0.9992643407300655
4622.087948,0.9990450162874668
4622.20715,1.0000181991656028
4622.326352,1.0002932529902537
4622.445554,1.0001163967735789
4622.564756,0.9995609664034667
4622.683958,0.9996081467945295
4622.80316,0.9998359534571059
4622.922362,0.9998559103819064
4623.041564,0.9999549950127549
4623.160766,0.9998121076539782
4623.279968,0.9998312842341058
4623.39917,0.998966234703881
4623.518372,0.9999142676752258
4623.637574,0.9993551080322687
4623.756776,0.9994618848359261
4623.875978,0.9994847527854596
4623.99518,0.9995953119083247
4624.114382,0.9997978704309345
4624.233584,1.0003208814714488
4624.352786,0.9997716460767271
4624.471988,0.9999639206508754
4624.59119,0.9994394671572645
4624.710392,0.9996880486669385
4624.829594,0.9993333023417124
4624.948796,0.9993708479991722
4625.067998,0.9992985361408855
4625.1872,0.9995253926617109
4625.306402,1.0000089250398279
4625.425604,0.9993997002520342
4625.544806,0.9987484838004265
4625.664008,0.9998851365973058
4625.78321,1.0001067757001194
4625.902412,0.9995396160092473
4626.021614,0.9994077354579256
4626.140816,0.9995462529743323
4626.260018,0.9995056422350868
4626.37922,0.9996052579311596
4626.498422,1.0002779386177822
4626.617624,0.9997758351287002
4626.736826,1.00010594561184
4626.856028,0.9998199662080285
4626.97523,0.9999403147812336
4627.094432,0.999588424720352
4627.213634,1.000008882139446
4627.332836,1.0000388867560703
4627.452038,0.999268347788106
4627.57124,0.9996513807818065
4627.690442,0.9993356507777323
4627.809644,0.9993706381313161
4627.928846,0.9995323293920064
4628.048048,0.9999466794215925
4628.16725,0.9998870963740941
4628.286452,1.0003680377092652
4628.405654,0.9997693466045855
4628.524856,0.9996992852237548
4628.644058,1.0002036807401058
4628.76326,0.9992522197271265
4628.882462,0.9997908018849779
4629.001664,0.9994140517347732
4629.120866,0.9992481128089432
4629.240068,0.9996501512113644
4629.35927,0.9994070758490379
4629.478472,0.9999025717464406
4629.597674,0.9987317049668412
4629.716876,0.9994348297688956
4629.836078,1.0004007002589097
4629.95528,0.9994846928163762
4630.074482,0.9993635026504335
4630.193684,0.9999457794699861
4630.312886,0.9998431023097302
4630.432088,1.0006670623872223
4630.55129,0.9995730511686028
4630.670492,0.9993059709496519
4630.789694,1.0000984368445882
4630.908896,0.9999984816011528
4631.028098,0.9994923389035225
4631.1473,0.9999916279350459
4631.266502,1.000078629091105
4631.385704,0.9996412243753724
4631.504906,1.0001755354045365
4631.624108,1.0003822030209693
4631.74331,0.9998501012359425
4631.862512,0.9998024495156672
4631.981714,0.9993136656352527
4632.100916,0.9998030294012561
4632.220118,0.9992651901051162
4632.33932,0.9999073772897481
4632.458522,1.0005989593045304
4632.577724,1.0001732250017181
4632.696926,0.9998062787663818
4632.816128,1.0000155341206531
4632.93533,0.9992512104828943
4633.054532,1.000008280234281
4633.173734,1.0001171868658443
4633.292936,0.9994467331086024
4633.412138,0.9996194024456315
4633.53134,0.9998076884942287
4633.650542,1.0004171970024722
4633.769744,1.000393617447025
4633.888946,0.999824255444884
4634.008148,0.9997368146393448
4634.12735,0.9996748928587834
4634.246552,0.9995791585786036
4634.365754,0.9998366933359851
4634.484956,0.9996190125941407
4634.604158,1.0000990769077927
4634.72336,1.0003875050606956
4634.842562,0.9998531107892766
4634.961764,0.9994006796642203
4635.080966,0.999436828640554
4635.200168,1.0002654052137332
4635.31937,1.000341138174397
4635.438572,0.9993969918825163
4635.557774,0.9993961923652426
4635.676976,1.0010282282645953
4635.796178,0.9998508511237997
4635.91538,0.9999491442931953
4636.034582,0.9998065487141136
4636.153784,0.9993305241989935
4636.272986,1.0005147324292951
4636.392188,0.9996517506528858
4636.51139,0.9999150646072147
4636.630592,0.9991973722780878
4636.749794,0.9991144623201178
4636.868996,0.9994348297688956
4636.988198,0.9989275754586592
4637.1074,0.9997264974086548
4637.226602,0.9993664707644441
4637.345804,1.0000708775116922
4637.465006,1.0000145591059828
4637.584208,0.9998558303934367
4637.70341,0.9999860750969524
4637.822612,0.9997810339765598
4637.941814,0.9999101370379179
4638.061016,0.999723248302818
4638.180218,0.9998322440725994
4638.29942,1.0002767983015821
4638.418622,0.9992634313999292
4638.537824,0.9994770867668049
4638.657026,0.9992272886952602
4638.776228,0.9996337570833167
4638.89543,1.0003072371876798
4639.014632,0.9993279559228465
4639.133834,1.00028944188022
4639.253036,0.9994355593565877
4639.372238,0.9994731988084995
4639.49144,0.9997195593308379
4639.610642,1.00005737164569
4639.729844,0.9993462437917734
4639.849046,0.9993885370197291
4639.968248,1.0000826044115565
4640.08745,0.9994338703119197
4640.206652,0.9999629516863058
4640.325854,0.9997951409864739
4640.445056,1.0001048955011484
4640.564258,0.9992210135675912
4640.68346,0.9999397148172247
4640.802662,0.9990288218990087
4640.921864,1.0001766255964641
4641.041066,0.9996828403057727
4641.160268,1.0003294542581374
4641.27947,1.000098479848822
4641.398672,1.0006119071388362
4641.517874,1.0002228848351347
4641.637076,0.9997169700605324
4641.756278,0.9998440121673673
4641.87548,1.000509689847751
4641.994682,0.9997094522171847
4642.113884,0.9997638178953856
4642.233086,1.0004456492721443
4642.352288,0.999640764540515
4642.47149,1.000469130007078
4642.590692,0.9988415714969359
4642.709894,0.9992700165676403
4642.829096,1.0002427494588826
4642.948298,0.9994129323916621
4643.0675,0.9991733118950514
4643.186702,1.0000611228679264
4643.305904,0.9996155439221851
4643.425106,0.999363582599517
4643.544308,1.0001638434208673
4643.66351,1.0000045762104708
4643.782712,0.9993018837965889
4643.901914,0.9997508410452492
4644.021116,0.9999224320085522
4644.140318,0.9994141416820419
4644.25952,0.9998161069104073
4644.378722,0.9998589599470835
4644.497924,1.0000845845770736
4644.617126,0.9997091223131198
4644.736328,0.9989717290332814
4644.85553,0.9998195062909498
4644.974732,0.9999870220842139
4645.093934,0.9993621834914806
4645.213136,1.000174385203332
4645.332338,1.0000230182649161
4645.45154,0.9998194862945599
4645.570742,1.0003802322699706
4645.689944,1.0004857979616277
4645.809146,0.9993210306041083
4645.928348,0.9996288888787738
4646.04755,0.9992697367720749
4646.166752,0.999237480865585
4646.285954,0.9989399622373928
4646.405156,0.9994777164375679
4646.524358,0.9998090182393388
4646.64356,0.9998269449757485
4646.762762,0.9992906117349142
4646.881964,1.0004264208915505
4647.001166,0.9996641064248825
4647.120368,0.9998162168901852
4647.23957,1.0003115285149322
4647.358772,1.0002369780748686
4647.477974,1.0001217974167032
4647.597176,0.9999605827768792
4647.716378,1.000166573871887
4647.83558,0.9994838832341029
4647.954782,0.9996781418074648
4648.073984,1.0002807994167775
4648.193186,0.9995002149341846
4648.312388,1.0004027810945302
4648.43159,0.999955919971553
4648.550792,0.9995925330372203
4648.669994,1.0003546228638263
4648.789196,0.9992365715598911
4648.908398,1.0000182781670437
4649.0276,1.000014070098983
4649.146802,0.9994860821010647
4649.266004,0.999327895963171
4649.385206,0.9993522898548377
4649.504408,1.0000345515968927
4649.62361,0.9998594798738779
4649.742812,0.9989518496936737
4649.862014,0.9988637460259595
4649.981216,0.9991388809759717
4650.100418,0.9993709979048105
4650.21962,0.9998642192190448
4650.338822,0.9993359205983945
4650.458024,0.9991678963903771
4650.577226,1.000013235087583
4650.696428,0.9997488815355211
4650.81563,0.9996365960472181
4650.934832,0.999855090500396
4651.054034,1.0001827767016263
4651.173236,0.999309638409295
4651.292438,0.9998673587976222
4651.41164,1.0001914683277209
4651.530842,0.9993764544853556
4651.650044,0.999386008569929
4651.769246,0.9987440893167656
4651.888448,0.9993777037067044
4652.00765,1.0004923011404496
4652.126852,0.9996351965569633
4652.246054,1.0002726971751164
4652.365256,0.9991133932682151
4652.484458,1.0000165771373992
4652.60366,1.0002170835592263
4652.722862,1.0003535324778816
4652.842064,0.9998609796642226
4652.961266,1.0003613152586392
4653.080468,0.9991596932556216
4653.19967,0.9997465221309448
4653.318872,0.9994538292055987
4653.438074,0.9993095784507185
4653.557276,1.0000781490534782
4653.676478,0.9999391588508978
4653.79568,0.9997737056084393
4653.914882,0.9996892982777803
4654.034084,0.9994486720371454
4654.153286,0.9993131659785448
4654.272488,0.9994396070787998
4654.39169,0.9998986451367512
4654.510892,0.9992567463499347
4654.630094,0.9996629068286744
4654.749296,0.9995077511942169
4654.868498,0.9996568488898147
4654.9877,0.9988748334750757
4655.106902,0.9990673951464739
4655.226104,0.9994809347609963
4655.345306,0.9996427738204711
4655.464508,1.0000952185329968
4655.58371,0.9993395781745572
4655.702912,0.999883006844233
4655.822114,0.9993872677970931
4655.941316,0.9997445926220191
4656.060518,1.000199259849607
4656.17972,1.0000270293652866
4656.298922,0.9991973722780878
4656.418124,1.0001321287282317
4656.537326,0.9998412026096405
4656.656528,1.000212792637142
4656.77573,0.9998016996641113
4656.894932,0.999620991841745
4657.014134,1.0001835568444963
4657.133336,0.998522392738168
4657.252538,0.9999482223405093
4657.37174,1.000243399616881
4657.490942,0.9997032340437304
4657.610144,0.9990661862756571
4657.729346,0.9998427223694235
4657.848548,1.0003273635717627
4657.96775,0.9991178093591729
4658.086952,1.0003709087696533
4658.206154,0.9993245382270816
4658.325356,0.9999097440733112
4658.444558,0.9996523504441162
4658.56376,0.9993439852718146
4658.682962,0.9998377431650644
4658.802164,0.9998255152242395
4658.921366,0.9996110456623585
4659.040568,0.9990546571183909
4659.15977,0.999302753189606
4659.278972,0.9993786131408287
4659.398174,0.9993105977470084
4659.517376,0.9992238713437767
4659.636578,0.999894095608266
4659.75578,0.9995089705944171
4659.874982,0.9993865382446538
4659.994184,0.9990496518670969
4660.113386,0.9999315613420318
4660.232588,1.0000144561044886
4660.35179,0.9992942091875919
4660.470992,0.9996895581970316
4660.590194,0.9993771840304336
4660.709396,0.9992370811706726
4660.828598,0.999270586151712
4660.9478,0.9994674418594544
4661.067002,0.9992907716214249
4661.186204,1.0000815043212967
4661.305406,0.9999648596174378
4661.424608,0.9992324247367238
4661.54381,0.9997088823829593
4661.663012,0.9997537203318176
4661.782214,0.9996370158946767
4661.901416,0.9999967023054374
4662.020618,0.9993788330041478
4662.13982,0.9989311716044039
4662.259022,0.9988722364038848
4662.378224,0.9997622882579144
4662.497426,0.9998696484964956
4662.616628,1.0009718719617888
4662.73583,1.0005737545342008
4662.855032,1.0002386484720167
4662.974234,1.0004379958922016
4663.093436,1.000000394960078
4663.212638,1.0006728662730153
4663.33184,0.999496087006821
4663.451042,0.9998617895519442
4663.570244,0.9999416737010447
4663.689446,1.0002940732310575
4663.808648,0.9993261671274064
4663.92785,0.9990948598866676
4664.047052,1.0003349260752177
4664.166254,0.9989162876408328
4664.285456,0.9990904638789554
4664.404658,0.9991701844874796
4664.52386,0.9993842196705747
4664.643062,0.9998668388667309
4664.762264,0.9999680225112908
4664.881466,1.0001768556371144
4665.000668,0.9997541302309271
4665.11987,0.9994128024679892
4665.239072,0.9993379192722344
4665.358274,0.9992971770958005
4665.477476,0.9991266515909125
4665.596678,1.000440697078437
4665.71588,0.9990427984099924
4665.835082,0.9999573219107356
4665.954284,0.9993114871338361
4666.073486,0.9993024434058005
4666.192688,0.9992951085527849
4666.31189,1.0000241972927497
4666.431092,1.0003970087871363
4666.550294,0.9992749729592143
4666.669496,0.9999330452415699
4666.788698,1.0004839270549348
4666.9079,0.9996296485970181
4667.027102,0.9991711037244722
4667.146304,0.9997887523159349
4667.265506,0.9992130498078486
4667.384708,0.9998237455346437
4667.50391,0.9996093063406523
4667.623112,0.9992061652536528
4667.742314,0.9988773306652808
4667.861516,0.9992112812023157
4667.980718,0.9998586799866139
4668.09992,1.0002716668947689
4668.219122,1.00022703576872
4668.338324,0.9992821577720993
4668.457526,0.9990253552750112
4668.576728,0.9992930200281905
4668.69593,1.0003989995791647
4668.815132,0.9997555998705786
4668.934334,0.9993587456914825
4669.053536,1.0000894840034547
4669.172738,0.9999476873683535
4669.29194,0.999118928371746
4669.411142,0.9992140989821018
4669.530344,0.9992970371942055
4669.649546,0.9998807571099986
4669.768748,0.9994909396152275
4669.88795,0.9995419649301049
4670.007152,0.9992531890022498
4670.126354,1.0000382717323442
4670.245556,1.000246710428013
4670.364758,0.9994533494678758
4670.48396,0.9992289474139363
4670.603162,0.9993874276990686
4670.722364,0.9999373709612801
4670.841566,0.9992786103267359
4670.960768,0.9998833568033467
4671.07997,0.999979689206267
4671.199172,0.9997493614150994
4671.318374,0.9987297075054287
4671.437576,0.999335590817595
4671.556778,0.9995131385555147
4671.67598,0.9988022179142896
4671.795182,1.0000288194152713
4671.914384,0.9996773520620447
4672.033586,0.99922189288247
4672.152788,1.0001444004247377
4672.27199,1.0001553720689897
4672.391192,0.9989920083652152
4672.510394,0.999172222796735
4672.629596,1.0002465303836214
4672.748798,0.9992411180966351
4672.868,0.9991016137907486
4672.987202,1.0007773920126593
4673.106404,1.0003252228734953
4673.225606,0.9996601877492659
4673.344808,0.9997234482474877
4673.46401,1.000112646344123
4673.583212,1.0003240424904287
4673.702414,0.999959926802952
4673.821616,1.000000253410032
4673.940818,0.9997226584662755
4674.06002,0.9979159746027384
4674.179222,0.998806013369929
4674.298424,1.000339807721568
4674.417626,0.999540595558551
4674.536828,0.9993847993135901
4674.65603,0.9989951052452413
4674.775232,0.9996608075387744
4674.894434,0.9993578562625947
4675.013636,0.9994009195204122
4675.132838,0.9991163506482361
4675.25204,0.9990256150216374
4675.371242,0.9999880970708405
4675.490444,0.999354408483938
4675.609646,0.9996785216852309
4675.728848,0.9998874463346391
4675.84805,0.9998511710761233
4675.967252,0.9998062287760692
4676.086454,0.9996171633006778
4676.205656,0.9996950265138709
4676.324858,0.9998516909988674
4676.44406,0.9996060576156858
4676.563262,0.9992943890605657
4676.682464,1.0001992798535924
4676.801666,0.99966801511918
4676.920868,0.9997419333049397
4677.04007,0.9996389351995897
4677.159272,0.9996229111158919
4677.278474,0.9994206878661086
4677.397676,0.9989842162579392
4677.516878,0.9995471925482518
4677.63608,0.9987119302748529
4677.755282,0.9986164579779672
4677.874484,0.9999162115104516
4677.993686,0.999536537431971
4678.112888,0.9996060576156858
4678.23209,0.9996025190165052
4678.351292,0.9992948087642972
4678.470494,0.9989056991843027
4678.589696,0.9990169035562565
4678.708898,0.9992458645032187
4678.8281,0.9997908618724278
4678.947302,0.999818116542802
4679.066504,1.0001956791426663
4679.185706,0.9998583100389709
4679.304908,0.999431931412092
4679.42411,1.000409233713278
4679.543312,0.9995217943767742
4679.662514,0.9992803490730305
4679.781716,1.0002776585399986
4679.900918,0.9991971024948336
4680.02012,0.9994778263801228
4680.139322,1.000024252294082
4680.258524,0.9995134384095012
4680.377726,1.0000435389477924
4680.496928,0.9998644491878417
4680.61613,0.9991069090433341
4680.735332,0.9997759251085293
4680.854534,0.9994249753900563
4680.973736,0.9990566552297032
4681.092938,0.9999650946092074
4681.21214,0.9990790543310065
4681.331342,1.0003811726278309
4681.450544,0.9995345983329694
4681.569746,1.0001266280166505
4681.688948,0.99906601643442
4681.80815,0.999860329754797
4681.927352,0.999971064418642
4682.046554,0.9991228149519368
4682.165756,0.9999493622821325
4682.284958,0.9985908937238668
4682.40416,0.999881657003085
4682.523362,0.999829724498519
4682.642564,1.0004597056322622
4682.761766,1.000108505886338
4682.880968,0.9998015496938676
4683.00017,0.999746202212109
4683.119372,0.9994670520672281
4683.238574,1.0003355362797086
4683.357776,0.999243346406813
4683.476978,1.0002585234114187
4683.59618,0.9998077084903827
4683.715382,0.9994520601738865
4683.834584,0.9987976234346545
4683.953786,0.9991997303866689
4684.072988,0.9997941111980091
4684.19219,1.0000980348050974
4684.311392,0.9988021180340728
4684.430594,0.9998036092871813
4684.549796,1.0000183071675741
4684.668998,1.000372099211743
4684.7882,0.9995861756489267
4684.907402,0.9998168067819272
4685.026604,0.9992955182638633
4685.145806,1.0000629129789385
4685.265008,0.999928300570527
4685.38421,0.9995386364609037
4685.503412,0.9991740013248746
4685.622614,0.999745632356936
4685.741816,0.9996497913373747
4685.861018,0.999302783168689
4685.98022,0.9994037977992052
4686.099422,1.0000653051322874
4686.218624,1.0001455405900042
4686.337826,0.9996314879172636
4686.457028,1.0000028987042013
4686.57623,0.9991521696114579
4686.695432,0.9993116969892705
4686.814634,0.9997416233849883
4686.933836,1.000122537507107
4687.053038,0.9994898501706971
4687.17224,0.9993245881933097
4687.291442,1.0000098999490041
4687.410644,0.9997957908535268
4687.529846,0.9997985802876745
4687.649048,0.9995700724453486
4687.76825,1.0001820265648251
4687.887452,0.9999931027237863
4688.006654,1.0001167068097099
4688.125856,0.9996773920491396
4688.245058,0.9995082309580525
4688.36426,0.9995523902071669
4688.483462,0.999126831433726
4688.602664,0.9993175629661485
4688.721866,0.9998221358197091
4688.841068,1.0003545528390052
4688.96027,0.9995692627939179
4689.079472,1.000018405169373
4689.198674,0.9988880187098998
4689.317876,0.9994813345534502
4689.437078,0.9991000551934468
4689.55628,1.000292972908182
4689.675482,0.9993038724093163
4689.794684,0.9996918974733349
4689.913886,0.9990438973576752
4690.033088,1.0002104221356325
4690.15229,1.0002737774702128
4690.271492,0.9991949542233727
4690.390694,0.9991679563404526
4690.509896,0.9996510708899266
4690.629098,0.9996439434032006
4690.7483,1.0002486108985684
4690.867502,0.9987923298212784
4690.986704,0.9998373232333004
4691.105906,1.0000354316276854
4691.225108,1.0000443439831654
4691.34431,0.999538556497816
4691.463512,1.0001959091876989
4691.582714,0.9999658135843689
4691.701916,0.9991322866811184
4691.821118,0.9989401620254053
4691.94032,0.9999327902586759
4692.059522,0.9996206119858403
4692.178724,0.9991800463458688
4692.297926,0.9989607404046995
4692.417128,0.9993219599730989
4692.53633,0.9998441221502147
4692.655532,0.9995022938967938
4692.774734,1.0001242177143814
4692.893936,0.9996489016494563
4693.013138,0.9995223641043595
4693.13234,0.999764487737368
4693.251542,0.9998519009677446
4693.370744,0.9992647104579401
4693.489946,0.9999219520459001
4693.609148,0.9994286232978739
4693.72835,0.9992487623204276
4693.847552,1.0000697384316113
4693.966754,0.9989625385356505
4694.085956,0.9991438267256733
4694.205158,0.999119377975365
4694.32436,1.0001905281481824
4694.443562,0.9995925130453698
4694.562764,0.9999108369752588
4694.681966,1.000123977684598
4694.801168,0.9989220813721029
4694.92037,0.9988393740478958
4695.039572,0.9993383889611668
4695.158774,1.0012685038712983
4695.277976,0.9997257776058358
4695.397178,0.9999569589262935
4695.51638,1.0003144894414389
4695.635582,1.0000498072403394
4695.754784,1.0000668432339095
4695.873986,1.0000207682156563
4695.993188,0.9995546491981214
4696.11239,1.00013172867546
4696.231592,0.9997254876854024
4696.350794,0.9999604147835154
4696.469996,0.9992687674809002
4696.589198,0.9992536486588225
4696.7084,0.9989933070556702
4696.827602,0.9994505010298887
4696.946804,0.9997197892663631
4697.066006,0.9995142979914279
4697.185208,0.9997026142279174
4697.30441,0.9994924488476858
4697.423612,1.0003420884989298
4697.542814,0.9996673553385078
4697.662016,0.9995629055536225
4697.781218,0.9993896563355174
4697.90042,0.9991270912067359
4698.019622,0.9993867880913196
4698.138824,0.9994698905576865
4698.258026,0.9998715382519171
4698.377228,0.9996488316740356
4698.49643,0.9992924704171806
4698.615632,0.9992095925366774
4698.734834,1.0000776820170916
4698.854036,0.9999773332568945
4698.973238,0.9995305702166547
4699.09244,0.9996815207252945
4699.211642,0.9995610363727369
4699.330844,1.000353732548608
4699.450046,0.999490879645773
4699.569248,0.9995600168209997
4699.68845,0.9999848251151398
4699.807652,0.9994513305741489
4699.926854,0.9998528508275016
4700.046056,0.9982576197100692
4700.165258,0.9994333006347759
4700.28446,0.9991266715734458
4700.403662,0.9986270433685241
4700.522864,0.9995668838219034
4700.642066,0.999210441865192
4700.761268,1.0000631269924247
4700.88047,1.0002367080109211
4700.999672,1.0011078131722004
4701.118874,1.000228376073846
4701.238076,1.000857777681031
4701.357278,1.0003526621706869
4701.47648,0.9997369446051392
4701.595682,0.999379102836469
4701.714884,0.9995815675672786
4701.834086,0.9996730434619424
4701.953288,0.9999404757716371
4702.07249,0.9990608512764669
4702.191692,0.9998787173553346
4702.310894,1.000387164929002
4702.430096,0.9988448676795606
4702.549298,0.9996129449251495
4702.6685,0.9996448230902578
4702.787702,0.9996145842917235
4702.906904,0.9995305402307381
4703.026106,0.9999795392093248
4703.145308,0.9991343948524675
4703.26451,0.9995502711583458
4703.383712,0.9996768922105685
4703.502914,0.999997578802931
4703.622116,0.9999496632669359
4703.741318,0.9992233317630318
4703.86052,1.0000240242885785
4703.979722,0.9995958516899389
4704.098924,0.9997323858150658
4704.218126,1.000174755267923
4704.337328,0.9998239654958919
4704.45653,0.9993255275588642
4704.575732,0.9999122908466728
4704.694934,0.9993333623017123
4704.814136,1.0005404960153599
4704.933338,0.999825225274882
4705.05254,1.0000162851326013
4705.171742,0.999500504789289
4705.290944,0.9997654275164282
4705.410146,0.9994874713876845
4705.529348,1.000480785540336
4705.64855,0.9998686586260336
4705.767752,0.9992527893010541
4705.886954,1.000418877704775
4706.006156,1.000413425436749
4706.125358,0.9999046055503399
4706.24456,1.0007737291741075
4706.363762,0.9993388486569315
4706.482964,0.9998155670098554
4706.602166,1.000109636009588
4706.721368,0.9991909474596398
4706.84057,1.0005533430378064
4706.959772,0.9991643793255718
4707.078974,1.0000407948320866
4707.198176,0.9989800205330419
4707.317378,0.9997876525489122
4707.43658,0.9999964488063054
4707.555782,0.9997755551915055
4707.674984,0.9997061231902516
4707.794186,0.9997987102614984
4707.913388,0.9996928271872317
4708.03259,0.9997060132225841
4708.151792,1.0002206743450017
4708.270994,0.9996452729305294
4708.390196,1.0003618454502767
4708.509398,0.9995352480306694
4708.6286,1.000005700016245
4708.747802,1.0001209773171655
4708.867004,1.000776060979613
4708.986206,0.9999298924576486
4709.105408,0.9996468923571833
4709.22461,0.9997138709427288
4709.343812,0.9994199482950732
4709.463014,0.99894895273751
4709.582216,0.9991263618442257
4709.701418,1.000365466766712
4709.82062,0.999788502368778
4709.939822,0.9994007596162778
4710.059024,0.999833643838721
4710.178226,0.9991137829225145
4710.297428,1.0000985708577879
4710.41663,0.9999521431451758
4710.535832,0.999175270276662
4710.655034,1.000252091769791
4710.774236,0.9998391529372761
4710.893438,1.000072758646782
4711.01264,0.9998783374014942
4711.131842,0.9998535807203491
4711.251044,0.9985401665949456
4711.370246,0.9995547591491389
4711.489448,0.9998238555152618
4711.60865,0.9998259151545256
4711.727852,1.0010871905636627
4711.847054,1.0010914952478374
4711.966256,0.9997420132842975
4712.085458,0.9995526700818753
4712.20466,0.9995018141358079
4712.323862,0.9997447125913774
4712.443064,0.9999529661061283
4712.562266,0.9999998633100093
4712.681468,1.000521005676334
4712.80067,1.0001057955959594
4712.919872,0.9999261317283952
4713.039074,1.000358024075326
4713.158276,0.9995028536182351
4713.277478,1.00046082614776
4713.39668,1.0000146021066096
4713.515882,0.9995496914193567
4713.635084,0.9999127878032048
4713.754286,1.0001644035127766
4713.873488,0.9997683068450056
4713.99269,1.0004665788140492
4714.111892,0.9998409626477807
4714.231094,0.999881776988891
4714.350296,0.9996593780248417
4714.469498,1.000090071056154
4714.5887,0.9998710783111152
4714.707902,1.0000399727988911
4714.827104,1.0007098618327401
4714.946306,1.0007461782525835
4715.065508,0.9996993751966946
4715.18471,1.0005399457182385
4715.303912,1.0001708645956924
4715.423114,1.0002334272398992
4715.542316,0.9994556881914498
4715.661518,0.9993743557970048
4715.78072,1.000011340064298
4715.899922,1.0003761207156652
4716.019124,0.9990493621427399
4716.138326,0.9997866827553595
4716.257528,0.999205645666582
4716.37673,1.0002985445555581
4716.495932,1.000137459446684
4716.615134,1.0002855507618593
4716.734336,1.0002471305317198
4716.853538,1.0002023704741423
4716.97274,1.0009125761444533
4717.091942,1.0007079304645707
4717.211144,0.9994498014147829
4717.330346,1.0001339589717018
4717.449548,1.000116236754968
4717.56875,1.000781425153676
4717.687952,0.9998853465732066
4717.807154,0.9987525786776045
4717.926356,1.0003331954972925
4718.045558,1.000231466784303
4718.16476,0.999935038110115
4718.283962,1.0001679641043908
4718.403164,0.9999723043835307
4718.522366,1.0000048298116635
4718.641568,1.0000631719952664
4718.76077,1.0001159867259402
4718.879972,1.0003401778473653
4718.999174,0.9994535793421726
4719.118376,1.000440707082844
4719.237578,1.0000046021105897
4719.35678,1.0000464630793755
4719.475982,0.9994896402778506
4719.595184,1.0001709746144936
4719.714386,0.9993274862388176
4719.833588,0.9993620835552673
4719.95279,0.9997104119387195
4720.071992,1.0001830067436914
4720.191194,1.000285510750438
4720.310396,0.9994915992794654
4720.429598,0.9997398238516858
4720.5488,1.000499324621056
4720.668002,1.0002418692456503
4720.787204,0.9999076762620986
4720.906406,1.0004871286086239
4721.025608,0.9993676700049285
4721.14481,1.0006929099512636
4721.264012,1.0008217674660176
4721.383214,0.9992049062546777
4721.502416,0.9995045227893944
4721.621618,0.9999916660347277
4721.74082,0.9999244538537538
4721.860022,0.9997468320524148
4721.979224,1.0011496603533911
4722.098426,0.9995835367449063
4722.217628,1.0004584750675811
4722.33683,0.9999230479609601
4722.456032,1.000044822004476
4722.575234,0.9997215787663875
4722.694436,0.9999121858558877
4722.813638,1.0008620313356251
4722.93284,0.9994499713212636
4723.052042,1.0002439297460233
4723.171244,1.0000202782056
4723.290446,0.9995291608795444
4723.409648,0.9999854421059672
4723.52885,0.9995265421165734
4723.648052,1.0000397127885319
4723.767254,1.0001118562554445
4723.886456,1.0006712251708605
4724.005658,0.9995935626180595
4724.12486,0.9992126301384558
4724.244062,0.9998669388534197
4724.363264,1.0002854607361638
4724.482466,1.0002536221566622
4724.601668,0.9996072671397473
4724.72087,0.9993343116688574
4724.840072,1.0003223519442255
4724.959274,0.9995856058849689
4725.078476,1.0002207043516225
4725.197678,0.9997119215025811
4725.31688,1.0002557226914743
4725.436082,0.999822975670656
4725.555284,0.9999225539990964
4725.674486,0.9992937994770501
4725.793688,1.0002697163669203
4725.91289,0.9998002299566929
4726.032092,1.0005638388974256
4726.151294,1.0001274081157245
4726.270496,0.9995346283190077
4726.389698,0.9995634153308344
4726.5089,1.000258913512319
4726.628102,1.000169814416836
4726.747304,0.999620422057942
4726.866506,0.99998531810778
4726.985708,1.0001559521592738
4727.10491,0.9998203761342986
4727.224112,0.9999022057821663
4727.343314,1.0012025224510048
4727.462516,1.0001662138119851
4727.581718,0.9997825036557599
4727.70092,1.0004627070158811
4727.820122,0.9995331789948475
4727.939324,0.9992781306731181
4728.058526,1.0006439872708208
4728.177728,1.0000565295977375
4728.29693,1.0009004251395357
4728.416132,0.9996546296540735
4728.535334,0.9998287546641567
4728.654536,1.0003295642943835
4728.773738,1.0000224402517788
4728.89294,1.0004343443001806
4729.012142,0.999134115094876
4729.131344,1.0004300124288483
4729.250546,0.9999918055335748
4729.369748,0.9999613317476361
4729.48895,0.9997427330988061
4729.608152,1.000012904083257
4729.727354,0.9998527708392768
4729.846556,1.0003000249984997
4729.965758,1.0003729995470376
4730.08496,0.9992882833905014
4730.204162,0.9998220258392803
4730.323364,1.0006362122972454
4730.442566,1.0007339592163444
4730.561768,0.9992371011554144
4730.68097,1.0012696052672583
4730.800172,0.9996807009867835
4730.919374,0.9998925357746936
4731.038576,0.9993633527459194
4731.157778,1.0004639275811282
4731.27698,1.0002683960117662
4731.396182,0.9996106058335952
4731.515384,1.0000359026444845
4731.634586,1.0003083475293293
4731.753788,0.9998944755680946
4731.87299,1.0004677293512765
4731.992192,1.0006831832634506
4732.111394,1.0004561239929273
4732.230596,0.9999169364499677
4732.349798,1.0006810317969195
4732.469,0.9999775732514833
4732.588202,1.000556834975067
4732.707404,1.0001387096192897
4732.826606,1.0008825392087497
4732.945808,1.0005748351544395
4733.06501,1.0004196080108223
4733.184212,0.999253328897706
4733.303414,1.0012352623087828
4733.422616,0.9997086824412028
4733.541818,0.9998538806764684
4733.66102,0.9992071444761746
4733.780222,0.9999993089902387
4733.899424,1.0006280771579088
4734.018626,1.0003375369527818
4734.137828,0.9998978052222421
4734.25703,0.99948830096263
4734.376232,0.9997006148246884
4734.495434,0.9993672702579405
4734.614636,0.9997419732946178
4734.733838,0.9999594508221401
4734.85304,0.9993105178021637
4734.972242,1.0001972894590059
4735.091444,1.0002547924540848
4735.210646,1.0002128826562973
4735.329848,0.9994870416081642
4735.44905,1.0002094719361827
4735.568252,0.9995135183705796
4735.687454,1.0004708208013364
4735.806656,1.0000590647442533
4735.925858,1.0002444698778912
4736.04506,1.0003015554587087
4736.164262,0.9996327774427148
4736.283464,0.9996527603016638
4736.402666,0.9997450325097366
4736.521868,1.0005468094458085
4736.64107,0.9999817991656372
4736.760272,0.9996965260575353
4736.879474,1.0003934073643874
4736.998676,1.0003109283281952
4737.117878,0.9996645362805406
4737.23708,1.0011121179450524
4737.356282,1.0007775621448305
4737.475484,1.0006912888300625
4737.594686,0.9999350551090107
4737.713888,0.9998716282403596
4737.83309,1.001044645262158
4737.952292,0.9999503662317962
4738.071494,0.9998475516214352
4738.190696,0.9992604735845498
4738.309898,1.0004325335156563
4738.4291,1.0006515221484136
4738.548302,1.0000641770592593
4738.667504,0.9994372284153654
4738.786706,0.9998921258188379
4738.905908,1.0007267839795801
4739.02511,1.0005808886505039
4739.144312,1.0005032565911283
4739.263514,0.9995183460325321
4739.382716,1.0003073372184086
4739.501918,0.9994576471265184
4739.62112,0.9998394028970956
4739.740322,1.000521936161302
4739.859524,1.000031458494808
4739.978726,0.999567853402251
4740.097928,0.9997859529113475
4740.21713,1.0001386996179027
4740.336332,1.0000327625366803
4740.455534,1.0003352561857977
4740.574736,0.9997094422200902
4740.693938,0.9993503111392628
4740.81314,0.9994624645239875
4740.932342,1.0004634573631928
4741.051544,1.000820736620128
4741.170746,1.000185547211755
4741.289948,1.0000620599256376
4741.40915,0.9996947366023552
4741.528352,1.0013726412107486
4741.647554,0.9994306821229585
4741.766756,0.9995289809643115
4741.885958,0.9993995003721141
4742.00516,1.0006000499579903
4742.124362,0.9996551594711676
4742.243564,1.0000541704671668
4742.362766,0.9997730757512031
4742.481968,1.0003311248097209
4742.60117,0.9997448025684056
4742.720372,0.9999045385567336
4742.839574,1.0003126588675981
4742.958776,1.0011630758487235
4743.077978,0.9999153845800866
4743.19718,0.9998593898865288
4743.316382,1.0000496672333763
4743.435584,1.001002702370231
4743.554786,0.9989070976532606
4743.673988,1.0003871949406171
4743.79319,0.9995937925246053
4743.912392,0.9994815444445525
4744.031594,1.000323472305887
4744.150796,0.9999948846130836
4744.269998,1.0001631933145805
4744.3892,1.0006118471021235
4744.508402,0.9997359248739758
4744.627604,0.999179286969322
4744.746806,1.0000495302265813
4744.866008,1.0000706804977486
4744.98521,0.999899685031883
4745.104412,0.999768756740845
4745.223614,1.000157322373867
4745.342816,0.9998221258214879
4745.462018,1.0000864297348344
4745.58122,0.999924477851941
4745.700422,0.9997581792433538
4745.819624,1.0003277837093436
4745.938826,1.0003286439916075
4746.058028,1.001113018946364
4746.17723,1.0005179240763822
4746.296432,0.9998568002540625
4746.415634,0.9995704822691623
4746.534836,1.0000656401542207
4746.654038,0.9996153340029429
4746.77324,0.9997629281059837
4746.892442,0.9991736616057718
4747.011644,1.0000653031321567
4747.130846,0.9998225157521929
4747.250048,1.0012763137960872
4747.36925,0.9999484993262052
4747.488452,1.001042142653673
4747.607654,0.9999671365400153
4747.726856,1.0000998379834798
4747.846058,0.999966910547468
4747.96526,0.9990697129855194
4748.084462,1.000295813744259
4748.203664,0.9994294228410924
4748.322866,0.9996163835995946
4748.442068,1.000381162624019
4748.56127,1.000690738450005
4748.680472,0.9999445655365466
4748.799674,1.0001408699212355
4748.918876,0.9998643691986889
4749.038078,1.0003196710839146
4749.15728,1.000430302553594
4749.276482,0.9999159595315981
4749.395684,1.0003781514812515
4749.514886,1.000887363474215
4749.634088,0.9995506309965082
4749.75329,1.0002882915480231
4749.872492,1.000156832296899
4749.991694,0.9999883040683979
4750.110896,0.9997059832314041
4750.230098,0.9993598949547009
4750.3493,1.0001898880264493
4750.468502,0.999923077958652
4750.587704,1.000729265785082
4750.706906,0.9994226367383501
4750.826108,1.0002029105835681
4750.94531,0.9998661889534968
4751.064512,0.9994369185898727
4751.183714,1.0004400067745942
4751.302916,0.9999922564299816
4751.422118,1.0001306585350829
4751.54132,1.0009149383009204
4751.660522,0.9993216102104742
4751.779724,0.9998202261612535
4751.898926,0.9992625020853702
4752.018128,1.0005358034914376
4752.13733,0.9996251302812178
4752.256532,0.9997874125999043
4752.375734,1.0001400298032577
4752.494936,0.9994928286548885
4752.614138,1.0003761307194265
4752.73334,1.0005620078672757
4752.852542,1.0002490109980928
4752.971744,1.0001165667933807
4753.090946,0.9999468764111078
4753.210148,1.0006328801842066
4753.32935,1.0003216117059588
4753.448552,1.0001781658696536
4753.567754,0.9993289152781447
4753.686956,0.9999253427869884
4753.806158,0.9998128075226985
4753.92536,1.0008604599834694
4754.044562,1.0002325570371962
4754.163764,1.0000447059992834
4754.282966,1.0001062956489821
4754.402168,1.0002413691248409
4754.52137,1.000440697078437
4754.640572,1.0004531226290574
4754.759774,1.00013375894493
4754.878976,1.0005865619602263
4754.998178,1.0005806685227325
4755.11738,0.998877929991859
4755.236582,0.9995048326358444
4755.355784,0.9996385953224095
4755.474986,0.9999106329934688
4755.594188,0.9998523509012013
4755.71339,0.999643463574223
4755.832592,1.0007623704567423
4755.951794,1.0005291499504674
4756.070996,0.9996979156366723
4756.190198,0.9998586999837877
4756.3094,0.9997138609455901
4756.428602,0.9999546790270263
4756.547804,0.999526692045566
4756.667006,1.0002046909463334
4756.786208,1.0000092085423984
4756.90541,0.999586825380152
4757.024612,0.9996480419517706
4757.143814,0.9997954509230157
4757.263016,1.000414195755383
4757.382218,1.0005293500563173
4757.50142,0.9993903159329083
4757.620622,0.9999374189582751
4757.739824,0.9998732880286401
4757.859026,0.9998134574012346
4757.978228,1.000530530681647
4758.09743,1.0003712889106708
4758.216632,1.0005689918144647
4758.335834,0.9995661641340061
4758.455036,0.9995723614634354
4758.574238,1.0006451680314223
4758.69344,1.0001036453708103
4758.812642,0.9997629481012424
4758.931844,0.9994541890090419
4759.051046,1.0000270623661793
4759.170248,1.000357013714232
4759.28945,1.000210302110389
4759.408652,1.0008546850352762
4759.527854,1.000661888951883
4759.647056,0.9998280047928718
4759.766258,1.0003501012711498
4759.88546,0.9999889460610952
4760.004662,1.0011627754998458
4760.123864,0.9995122689794624
4760.243066,1.000325052818222
4760.362268,0.9999523401357674
4760.48147,0.9991377519496741
4760.600672,0.9994024585990133
4760.719874,1.000241719209381
4760.839076,0.999495817142914
4760.958278,1.0003461198856696
4761.07748,0.999644903061847
4761.196682,1.0009106644032586
4761.315884,0.9987356999016509
4761.435086,1.0001787159677962
4761.554288,0.999732665740173
4761.67349,0.9997379343452043
4761.792692,0.9994379380160495
4761.911894,1.0003549229702582
4762.031096,0.9989515500081637
4762.150298,0.9992787302401763
4762.2695,0.9997779146646
4762.388702,0.9992505309923022
4762.507904,0.9998195762783177
4762.627106,0.9988444681416934
4762.746308,0.9993344215956378
4762.86551,0.999934449148551
4762.984712,0.9998728880794049
4763.103914,1.0000191521834008
4763.223116,1.0000434519440085
4763.342318,0.9992436261949892
4763.46152,1.000394527805631
4763.580722,1.0000151901153687
4763.699924,1.0003509715761163
4763.819126,0.9996347667139213
4763.938328,0.9997710562116299
4764.05753,1.0001215873911478
4764.176732,0.9993656113096487
4764.295934,0.9995933626993669
4764.415136,0.9996589881577603
4764.534338,0.9986054732573455
4764.65354,0.9995410253610996
4764.772742,0.9998763276480559
4764.891944,0.9991041615031121
4765.011146,0.9993026532593356
4765.130348,1.0003600347969752
4765.24955,1.0000755498537464
4765.368752,1.0004360850574543
4765.487954,0.9993390285379403
4765.607156,0.9998739979389266
4765.726358,0.9996593280418741
4765.84556,0.9999548510192459
4765.964762,1.000341198194867
4766.083964,0.9996647562067628
4766.203166,0.9999408127516343
4766.322368,0.99928317704042
4766.44157,0.9997510809854799
4766.560772,0.9998117577198018
4766.679974,0.9992273886179942
4766.799176,0.9997391940157951
4766.918378,0.9993638924022755
4767.03758,0.9990879861376774
4767.156782,0.9995138881906497
4767.275984,0.9987032415188557
4767.395186,1.0002613141365921
4767.514388,0.9990171433203421
4767.63359,0.9996758925341761
4767.752792,1.000070485483985
4767.871994,0.9994080052980506
4767.991196,1.000597808616389
4768.110398,0.9997620683102352
4768.2296,0.9996658458419408
4768.348802,0.9998521009381448
4768.468004,0.9995956017910073
4768.587206,0.99992173506286
4768.706408,0.9987993213920576
4768.82561,0.9990250355869488
4768.944812,0.998660897399117
4769.064014,0.9995759199473764
4769.183216,0.9993927944239651
4769.302418,0.9991133632948137
4769.42162,1.0000466940901351
4769.540822,1.000053150412433
4769.660024,0.9993028930920013
4769.779226,0.999604718144466
4769.898428,0.9996719538189188
4770.01763,0.9994195885039566
4770.136832,1.0001397497640887
4770.256034,0.9994276938296864
4770.375236,0.999217776096752
4770.494438,0.9992408982636133
4770.61364,1.0000001711600146
4770.732842,0.9985518495832401
4770.852044,0.9997667772006663
4770.971246,0.9995148577195915
4771.090448,0.998665591116365
4771.20965,0.9999227879810014
4771.328852,0.9988806269659108
4771.448054,0.9999427076412699
4771.567256,0.9994601657629627
4771.686458,1.0002258454992556
4771.80566,1.0002540022531108
4771.924862,0.9998737479704584
4772.044064,0.9995275916199936
4772.163266,0.9993561073878764
4772.282468,0.999529170874836
4772.40167,0.9997305663037794
4772.520872,0.9992778708608379
4772.640074,0.9997317459865437
4772.759276,0.9986744792796782
4772.878478,0.999526532121308
4772.99768,0.9995879948974219
4773.116882,0.9999618267286179
4773.236084,0.9996414343000516
4773.355286,0.9998531807789969
4773.474488,0.9993962723169412
4773.59369,0.999320011297177
4773.712892,0.9996260699292818
4773.832094,1.0000774740009555
4773.951296,0.9997388141149737
4774.070498,0.9998950955028616
4774.1897,0.9998033993284454
4774.308902,1.000000603240182
4774.428104,0.9997172199898061
4774.547306,0.9997689566946163
4774.666508,0.9991586141637355
4774.78571,0.9990274832012842
4774.904912,0.9994608653853235
4775.024114,1.0005882429470625
4775.143316,0.9997120914536223
4775.262518,1.0000710995274515
4775.38172,0.999571821694506
4775.500922,0.9991708739151448
4775.620124,0.9999184733234802
4775.739326,1.000517884055666
4775.858528,1.000042912920733
4775.97773,0.9994594261627137
4776.096932,0.9993695488179142
4776.216134,0.9995477023174499
4776.335336,0.9990658665745287
4776.454538,0.9997293566305261
4776.57374,1.000249541130209
4776.692942,0.9994084650258388
4776.812144,0.9995886046462847
4776.931346,0.9990357052313046
4777.050548,0.9988251906294868
4777.16975,0.999535947705588
4777.288952,0.9995967813145132
4777.408154,1.000507738855758
4777.527356,1.0002152731679435
4777.646558,0.9997427430962336
4777.76576,0.9998266050346449
4777.884962,0.9996510908829481
4778.004164,0.9991081779099144
4778.123366,0.9995741606953054
4778.242568,1.0003007552177845
4778.36177,0.9996905478901842
4778.480972,0.9997639478646904
4778.600174,1.0003869548477193
4778.719376,0.9992839464887626
4778.838578,1.0002284961012582
4778.95778,0.9993251378219844
4779.076982,0.9999369719863487
4779.196184,1.0001535217832629
4779.315386,0.9997743854547902
4779.434588,0.9997888123032618
4779.55379,0.9999700414487663
4779.672992,0.9994010194605092
4779.792194,1.0002913724407059
4779.911396,1.0000667242259622
4780.030598,1.0001503713046314
4780.1498,0.9997882724174489
4780.269002,0.9995680833028836
4780.388204,0.9997734156741067
4780.507406,0.9997308162364522
4780.626608,0.9995893843257004
4780.74581,0.999500684699396
4780.865012,1.000658126470254
4780.984214,0.9995707321618141
4781.103416,0.9992727046076003
4781.222618,0.99957959839353
4781.34182,1.0003660869934936
4781.461022,1.000455253596478
4781.580224,1.0005259282517915
4781.699426,0.9996888684114745
4781.818628,0.999634526801606
4781.93783,0.9991034621304439
4782.057032,1.0004862982046516
4782.176234,0.9998331339236927
4782.295436,1.0002758280335584
4782.414638,0.9992195846825634
4782.53384,0.9989164874241103
4782.653042,0.9998855065548748
4782.772244,0.9995489117709014
4782.891446,0.999360324679548
4783.010648,0.999421817212124
4783.12985,0.9998982451773731
4783.249052,0.999636556061755
4783.368254,0.9996700744374123
4783.487456,0.9999729213666328
4783.606658,0.999866908857412
4783.72586,1.000376770960355
4783.845062,0.9991705441888108
4783.964264,0.9994857822552851
4784.083466,0.9998150671021969
4784.202668,0.9993410072311758
4784.32187,0.9993719273202708
4784.441072,0.9989789216556237
4784.560274,0.9994144914770526
4784.679476,1.00042891195644
4784.798678,0.9995074613370111
4784.91788,0.9990652171819265
4785.037082,0.9991691053842631
4785.156284,0.9996611374268953
4785.275486,1.0003479605242236
4785.394688,0.9994681614762716
4785.51389,0.9993453643674659
4785.633092,1.00004986524323
4785.752294,1.0005598266444762
4785.871496,0.9996360162581606
4785.990698,0.9991951540623835
4786.1099,0.9996272494887404
4786.229102,1.00059995990399
4786.348304,0.9994321013155347
4786.467506,0.9996525703676574
4786.586708,1.0004038615301172
4786.70591,1.0001712746658311
4786.825112,0.999922155030077
4786.944314,0.9994145514419239
4787.063516,1.0001496511966232
4787.182718,0.9993037424998213
4787.30192,0.9994754676152359
4787.421122,0.999749971262396
4787.540324,0.9989130911138269
4787.659526,0.9988154021905821
4787.778728,0.9999172744219493
4787.89793,0.9994666822644872
4788.017132,0.9992041168831136
4788.136334,0.9990759372092197
4788.255536,0.9989432587447074
4788.374738,0.9999270996573592
4788.49394,0.9996690447777659
4788.613142,0.9998019696106066
4788.732344,0.9993695588116097
4788.851546,0.9994627843520273
4788.970748,0.999731646013374
4789.08995,1.0000474751269082
4789.209152,0.9995764897058131
4789.328354,1.0001228175414567
4789.447556,0.9998066586928399
4789.566758,0.9994245356431639
4789.68596,1.0000425549054344
4789.805162,0.9995658142859098
4789.924364,0.9997610385558352
4790.043566,0.9990388921602874
4790.162768,1.0000998739870746
4790.28197,0.9992264193678972
4790.401172,1.0000971157154257
4790.520374,1.0000197351947364
4790.639576,0.9998397428425504
4790.758778,0.9986710837922209
4790.87798,0.9999724003808765
4790.997182,0.999803559297002
4791.116384,1.0000443719844074
4791.235586,0.999444814172717
4791.354788,1.0001821465866754
4791.47399,0.9989374648906089
4791.593192,0.9994227966459848
4791.712394,0.9988761320132031
4791.831596,0.999337999219271
4791.950798,0.999029261471787
4792.07,1.000323702380312
4792.189202,0.9991839031882913
4792.308404,0.9989813192079128
4792.427606,0.9997439927754435
4792.546808,1.0008081964148627
4792.66601,0.9996703843351834
4792.785212,1.0000530584075475
4792.904414,0.9991368926915769
4793.023616,0.999962603699259
4793.142818,0.9996722237303828
4793.26202,1.0002485508836536
4793.381222,0.9997629381036129
4793.500424,0.9990591328932805
4793.619626,1.0001811764104638
4793.738828,0.9999824421541408
4793.85803,0.9993298446544681
4793.977232,0.9997912217972029
4794.096434,0.9996522804684541
4794.215636,0.9996989653200348
4794.334838,1.0000340425794354
4794.45404,1.0004285918192395
4794.573242,0.9998967453311303
4794.692444,0.9997622882579144
4794.811646,0.9997347251915858
4794.930848,0.9992149682987461
4795.05005,0.9994859721576018
4795.169252,0.9997914517492104
4795.288454,0.9994742682453943
4795.407656,1.000009190442232
4795.526858,1.0001794661021144
4795.64606,0.9997720059945844
4795.765262,0.9986460174626015
4795.884464,0.9993203110932253
4796.003666,0.9996513707852928
4796.122868,0.9996644163208035
4796.24207,0.9993968919428221
4796.361272,1.0001535717909402
4796.480474,0.9998520709425822
4796.599676,0.9986747788820669
4796.718878,0.9987308061087112
4796.83808,0.9989233799716528
4796.957282,0.9995426246280196
4797.076484,0.9995547691446866
4797.195686,0.9993131659785448
4797.314888,0.9999779672427248
4797.43409,0.9987167241036234
4797.553292,0.9993284555869495
4797.672494,1.0003859344535457
4797.791696,0.9996026189767621
4797.910898,0.9992273186720794
4798.0301,0.9987222170607116
4798.149302,1.0000005992701795
4798.268504,0.9991303983228811
4798.387706,0.999924426855794
4798.506908,1.0002549324897654
4798.62611,0.9993354509106221
4798.745312,0.9995861756489267
4798.864514,0.9989746260554961
4798.983716,0.9993859985760689
4799.102918,0.9991481130618841
4799.22212,1.000174925297646
4799.341322,0.9989739267735027
4799.460524,0.999116320674746
4799.579726,0.9994525599000416
4799.698928,0.9990269736973977
4799.81813,0.9992403686660776
4799.937332,0.9997839033522449
4800.056534,0.9992357721709536
4800.175736,0.9995233136510563
4800.294938,0.9995176363747583
4800.41414,0.999728756793092
4800.533342,1.0000716835691443
4800.652544,0.9995823772286762
4800.771746,0.9999738073430336
4800.890948,0.9997667971960021
4801.01015,0.9991055802320288
4801.129352,0.9996739731583051
4801.248554,0.9994467131196679
4801.367756,1.0004294521881982
4801.486958,0.9996145942878694
4801.60616,0.9997980303986066
4801.725362,0.9995545292515707
4801.844564,0.9996006297695296
4801.963766,1.000275738008738
4802.082968,0.9994919491015863
4802.20217,0.9995594470719524
4802.321372,0.9994890505791368
4802.440574,1.000063612023159
4802.559776,0.9995869753181871
4802.678978,0.998955845509064
4802.79818,0.9986908576754409
4802.917382,0.9999030836966883
4803.036584,0.9993542585807879
4803.155786,0.9990334973648357
4803.274988,0.998796524757873
4803.39419,0.9981917368813256
4803.513392,1.001161574105236
4803.632594,0.9994542489762951
4803.751796,0.9997435128984421
4803.870998,0.999965894581603
4803.9902,0.9993618537020146
4804.109402,0.9986914568901352
4804.228604,0.9992210735208538
4804.347806,0.9994106237504548
4804.467008,0.9994662424992438
4804.58621,1.0001589226268628
4804.705412,0.9984659778167149
4804.824614,0.9989412608601878
4804.943816,0.9995645748250687
4805.063018,0.9996111956040266
4805.18222,0.9993494616918592
4805.301422,0.9993241085176225
4805.420624,0.998935467017677
4805.539826,0.9995385764885872
4805.659028,0.9995351780632046
4805.77823,0.9992467938023049
4805.897432,0.9990889052990474
4806.016634,0.9994975562671489
4806.135836,0.9997097921184562
4806.255038,1.000187817635524
4806.37424,0.9991225651712643
4806.493442,0.9991159609929353
4806.612644,0.9988911152675575
4806.731846,0.9992603836511114
4806.851048,0.9992683577807896
4806.97025,0.9993013241876907
4807.089452,0.9989283746010392
4807.208654,1.000069143390294
4807.327856,0.9994064762049724
4807.447058,0.9995818674417938
4807.56626,0.9991639097184238
4807.685462,0.9990640882388689
4807.804664,0.9991781179302401
4807.923866,0.9994254151371422
4808.043068,0.9998122376295607
4808.16227,1.0000863957318964
4808.281472,0.9999038106264945
4808.400674,0.9991108954878541
4808.519876,0.9996420740707742
4808.639078,0.9994261447179615
4808.75828,1.0001994198815014
4808.877482,0.999270376304911
4808.996684,0.9996510608934158
4809.115886,0.9998120276690128
4809.235088,0.9993125464045739
4809.35429,0.999692197380949
4809.473492,0.9999496792661307
4809.592694,0.9997593889514824
4809.711896,1.0005010454813743
4809.831098,0.9991160808868579
4809.9503,0.9996142044382537
4810.069502,0.9995514306373329
4810.188704,0.9993774638560844
4810.307906,0.9993891966163811
4810.427108,0.9996753627060935
4810.54631,0.9992193348776985
4810.665512,1.0002126025967293
4810.784714,0.9987124296309429
4810.903916,0.9997666472309937
4811.023118,0.9995346183236615
4811.14232,0.9991911972574079
4811.261522,0.9995822772704435
4811.380724,0.999558517482099
4811.499926,0.9997386041698447
4811.619128,0.999397411629341
4811.73833,1.0002497511826347
4811.857532,0.9994404066308051
4811.976734,0.9996717138976787
4812.095936,0.9993496016007937
4812.215138,0.9996336771126193
4812.33434,1.0006567155432904
4812.453542,0.9999312503633646
4812.572744,0.9996400647922247
4812.691946,0.9987310058548924
4812.811148,0.9991442763404964
4812.93035,0.9985514501625802
4813.049552,0.9990418992718785
4813.168754,0.9993721771632839
4813.287956,0.9993484323624439
4813.407158,0.9994631141748006
4813.52636,0.9989247784653638
4813.645562,0.9999346401360489
4813.764764,0.9997298365007324
4813.883966,0.9999613367474428
4814.003168,0.9987484838004265
4814.12237,1.000601620901302
4814.241572,0.9998608096878705
4814.360774,0.9994019289158507
4814.479976,0.9990505010596619
4814.599178,1.0005701924979753
4814.71838,1.000006985424398
4814.837582,0.9998785373771818
4814.956784,1.0005114507463546
4815.075986,0.9989479537890569
4815.195188,1.0007785228917512
4815.31439,0.999259164554187
4815.433592,1.0001002850282072
4815.552794,0.9996445331933012
4815.671996,1.0007213200262561
4815.791198,0.9993353110036688
4815.9104,1.0001426101678632
4816.029602,0.9989677331543569
4816.148804,0.9999600397984302
4816.268006,0.999800069988669
4816.387208,0.9997027541862932
4816.50641,0.9992125801778257
4816.625612,0.999376324566425
4816.744814,0.9999387778741509
4816.864016,0.999418579090682
4816.983218,0.9996953264224238
4817.10242,0.9996017793109148
4817.221622,0.9998029594150465
4817.340824,0.9989610400929666
4817.460026,0.9997197892663631
4817.579228,0.9998998150188504
4817.69843,0.9995421448476749
4817.817632,0.9998283847275858
4817.936834,0.9997991301770449
4818.056036,0.9995033833548879
4818.175238,0.9999332742262634
4818.29444,0.9996805410378842
4818.413642,1.000473912260949
4818.532844,0.9996073770965528
4818.652046,1.000555114018791
4818.771248,0.999640344691482
4818.89045,1.000656735556425
4819.009652,0.9999422186694054
4819.128854,0.999813567380721
4819.248056,1.00003278053727
4819.367258,0.999746122232416
4819.48646,1.0000942614423305
4819.605662,1.0004402468802247
4819.724864,0.9998539306691637
4819.844066,0.9992076340877953
4819.963268,0.9999830701433117
4820.08247,1.0011223293407334
4820.201672,1.0011484589745194
4820.320874,0.9997906719121821
4820.440076,1.0006809617492496
4820.559278,1.0001389096470517
4820.67848,0.999347263125462
4820.797682,0.9987457871831606
4820.916884,0.9990425486493241
4821.036086,0.9998750878021783
4821.155288,1.0000080445323571
4821.27449,1.0000008811403882
4821.393692,1.000000454140103
4821.512894,0.9994001199999965
4821.632096,1.000356373485948
4821.751298,0.9999733793543357
4821.8705,1.0003195710519523
4821.989702,0.9998313842172393
4822.108904,0.9998087282947655
4822.228106,1.0001419100682811
4822.347308,0.9996009896258211
4822.46651,1.0000946004743427
4822.585712,0.9989100943790485
4822.704914,1.000254492377692
4822.824116,1.0000293884318314
4822.943318,0.999923981889523
4823.06252,0.9999385118904713
4823.181722,0.9998373032365542
4823.300924,0.9995467027702474
4823.420126,0.9998169667526291
4823.539328,1.0001418700626057
4823.65853,0.9997854730142053
4823.777732,0.999618722704669
4823.896934,1.0001469908020895
4824.016136,0.9998737579691959
4824.135338,0.9995749603549537
4824.25454,0.9999179773640403
4824.373742,1.000692219473394
4824.492944,1.0008605600695204
4824.612146,1.000802461800327
4824.731348,0.999529350790103
4824.85055,0.9992910814016122
4824.969752,1.000693480346385
4825.088954,1.0005871322947293
4825.208156,1.0001002750272046
4825.327358,0.9977039399876111
4825.44656,1.0000459800570505
4825.565762,0.9991654084654125
4825.684964,1.0002577232049201
4825.804166,0.9994191187768604
4825.923368,0.9995078811302329
4826.04257,0.9996168534194053
4826.161772,0.9994446542615596
4826.280974,0.9996180329679882
4826.400176,1.0014017815785983
4826.519378,1.0003151896618265
4826.63858,1.0004270211475832
4826.757782,1.0002575331559709
4826.876984,1.000709591641114
4826.996186,0.9998234555857995
4827.115388,0.999585755822821
4827.23459,0.999772145962675
4827.353792,0.9995878349633555
4827.472994,1.0001630332884823
4827.592196,0.9996737632267928
4827.711398,0.9999173554152518
4827.8306,1.0004360150269307
4827.949802,0.9995702723593831
4828.069004,0.9998857665251403
4828.188206,0.9999559179716412
4828.307408,1.0001502912926048
4828.42661,0.9997176398711267
4828.545812,0.9999767702698144
4828.665014,0.9998680986997415
4828.784216,1.000681161885462
4828.903418,0.9989413607543188
4829.02262,0.999388427086996
4829.141822,0.9990393617086771
4829.261024,0.9996612473896265
4829.380226,1.000016731139964
4829.499428,0.9995479921863256
4829.61863,1.0009101139025445
4829.737832,1.0000342035849292
4829.857034,0.9992188252759676
4829.976236,0.9998457319005472
4830.095438,0.9991781778809291
4830.21464,0.9999700104496956
4830.333842,0.999382560694147
4830.453044,1.0008975325414868
4830.572246,0.9998739579439675
4830.691448,1.0000202892058232
4830.81065,1.0000714185501833
4830.929852,1.0008019113591244
4831.049054,1.0010288288817124
4831.168256,1.0007804744117736
4831.287458,0.9996291187934446
4831.40666,0.9992631815841027
4831.525862,1.000932054092705
4831.645064,0.9990574944376461
4831.764266,0.9999246038424332
4831.883468,1.0003617053996283
4832.00267,0.9997184896314818
4832.121872,0.9993335621684047
4832.241074,0.9993216202036903
4832.360276,0.9993404675871775
4832.479478,1.0000073416269497
4832.59868,0.9995997101373733
4832.717882,1.0005780670163764
4832.837084,0.9994170499814258
4832.956286,0.9991413088864024
4833.075488,1.0000440339694667
4833.19469,0.999745722334047
4833.313892,1.000337887070981
4833.433094,0.9996581184548189
4833.552296,0.999826215102345
4833.671498,1.0001388096331656
4833.7907,1.00052715889944
4833.909902,1.0003288740672223
4834.029104,1.0006717455200327
4834.148306,0.9995636752173561
4834.267508,1.0003365166090146
4834.38671,1.0001502112805847
4834.505912,1.0004943321418824
4834.625114,0.9989796209411137
4834.744316,1.0009799097981926
4834.863518,1.001501626313399
4834.98272,1.0002541322861396
4835.101922,0.9995033733598541
4835.221124,0.9997548200615148
4835.340326,0.9992819479228682
4835.459528,1.0000938834067712
4835.57873,1.0007375018208304
4835.697932,1.000242739456455
4835.817134,0.9999290895142674
4835.936336,1.0002207243560368
4836.055538,1.0008304346200527
4836.17474,0.9995182060999734
4836.293942,0.9990574444847726
4836.413144,0.9996611874099535
4836.532346,1.0003213016063073
4836.651548,1.0000278833887344
4836.77075,0.9999952555112551
4836.889952,1.0010331333149312
4837.009154,1.0000377997143912
4837.128356,1.0000382417311964
4837.247558,0.999552810019259
4837.36676,0.9989657352208886
4837.485962,0.9999519001568345
4837.605164,1.0000020774021579
4837.724366,1.0000809582769445
4837.843568,0.9996510608934158
4837.96277,1.0009197727317474
4838.081972,1.0002169635331835
4838.201174,0.9997500812348988
4838.320376,0.9997807140466801
4838.439578,0.9993894164820286
4838.55878,0.9997986302776047
4838.677982,1.000172334847944
4838.797184,1.0001632433227414
4838.916386,1.0003171802910347
4839.035588,1.0003077873568116
4839.15479,1.000284730528044
4839.273992,1.0005405860640086
4839.393194,1.0009727428076962
4839.512396,1.0002090418462022
4839.631598,0.9996280291982991
4839.7508,1.0002770883818957
4839.870002,0.999826265093657
4839.989204,1.0001217974167032
4840.108406,1.0009962859634736
4840.227608,0.9999556019856211
4840.34681,0.9996186727237341
4840.466012,0.9999795152098162
4840.585214,1.000343398947924
4840.704416,1.0010251250818976
4840.823618,0.9998818769770738
4840.94282,1.0005907043971676
4841.062022,0.9999946148145001
4841.181224,1.0011987178886483
4841.300426,0.9997599688120962
4841.419628,0.999584666274941
4841.53883,1.00006101386127
4841.658032,0.99974889153301
4841.777234,0.9995804280449411
4841.896436,0.9990460253234428
4842.015638,1.001027027031442
4842.13484,0.9999615977373858
4842.254042,0.9993980412499087
4842.373244,1.0004168168440095
4842.492446,0.9995179962011721
4842.611648,1.0009364682127966
4842.73085,0.999488560829622
4842.850052,0.9997241480541463
4842.969254,0.9998080184308205
4843.088456,1.0003005951696764
4843.207658,1.000656805602399
4843.32686,1.0007626306549924
4843.446062,1.0006373430168043
4843.565264,1.0001212873547165
4843.684466,0.9999840911265475
4843.803668,0.9994476526000199
4843.92287,0.9997256576387497
4844.042072,1.000550071233724
4844.161274,1.0003248927662263
4844.280476,1.000223394948936
4844.399678,1.0000968386885631
4844.51888,1.0001369793808188
4844.638082,0.9996978556547991
4844.757284,1.0003383372231316
4844.876486,0.9996596479329102
4844.995688,0.9993102180090534
4845.11489,1.0008561963269915
4845.234092,1.0002475006232265
4845.353294,1.0004702805472392
4845.472496,0.9999789312219498
4845.591698,1.0002515816413544
4845.7109,1.0017119637395815
4845.830102,1.0001781758714354
4845.949304,0.9996065774109709
4846.068506,1.0012569893497125
4846.187708,1.0010189187453618
4846.30691,1.0008634825866227
4846.426112,1.0006831932702824
4846.545314,1.000123337605457
4846.664516,1.0003032059576369
4846.783718,0.9989509506374135
4846.90292,1.0005583858393632
4847.022122,1.0020287551445977
4847.141324,0.9998671088308138
4847.260526,1.0002752578764988
4847.379728,1.0005353732611346
4847.49893,1.0013862599712766
4847.618132,0.9996412343717848
4847.737334,1.000092269256546
4847.856536,0.9998243554273145
4847.975738,0.9994976862018397
4848.09494,1.000148270991057
4848.214142,1.000623834503856
4848.333344,1.0002943333075502
4848.452546,0.9996245804875473
4848.571748,0.9994742482559091
4848.69095,0.9999148956215831
4848.810152,1.0008264913559084
4848.929354,1.0005689117689485
4849.048556,1.000149741210096
4849.167758,1.000449791125706
4849.28696,1.0005933259482473
4849.406162,1.0001055955748204
4849.525364,1.0006172904453776
4849.644566,0.9996984254827392
4849.763768,1.000067802298472
4849.88297,1.0005065282421264
4850.002172,1.000522876652364
4850.121374,0.9999621517162643
4850.240576,1.0010107104238823
4850.359778,1.0004403669330615
4850.47898,1.000571243097229
4850.598182,1.0002765482324139
4850.717384,1.0003305046046158
4850.836586,1.0002025605126106
4850.955788,1.0008954306588755
4851.07499,0.9994999850491616
4851.194192,1.0006552445789998
4851.313394,1.000245820208837
4851.432596,1.0004317831915375
4851.551798,1.0000732596833595
4851.671,0.9991035620407951
4851.790202,0.9998544605918873
4851.909404,0.9996652560392658
4852.028606,1.000058605717248
4852.147808,0.9997589690526273
4852.26701,1.000214222942458
4852.386212,0.9998238955082167
4852.505414,0.9994712998112258
4852.624616,0.9981189713560426
4852.743818,1.0004235896887856
4852.86302,1.0007396534087725
4852.982222,1.000001073200576
4853.101424,0.9999882980684681
4853.220626,1.0006910586710926
4853.339828,1.000325262886505
4853.45903,1.0003697083252832
4853.578232,1.0006515421614444
4853.697434,1.0003833934764992
4853.816636,0.9995019540660716
4853.935838,1.0010254253894801
4854.05504,1.0008647937186437
4854.174242,0.9996501112253591
4854.293444,1.000205871188565
4854.412646,0.9996808809293259
4854.531848,0.9994337803628753
4854.65105,1.0001930486314892
4854.770252,0.9997941511897743
4854.889454,1.0001823966322434
4855.008656,1.0004095138279026
4855.127858,0.9996249903337093
4855.24706,0.9997818338017069
4855.366262,1.0002900120453644
4855.485464,1.000143630313846
4855.604666,0.9997250078172835
4855.723868,0.9998565002970675
4855.84307,1.0003960884223118
4855.962272,0.9996755226541644
4856.081474,1.0014100932478787
4856.200676,1.0006649409752988
4856.319878,0.999452549905516
4856.43908,0.9988661433018267
4856.558282,0.9995500212708093
4856.677484,1.0010662680600209
4856.796686,1.0013287820495864
4856.915888,0.9993216401901228
4857.03509,1.000256402865597
4857.154292,0.9994587365359475
4857.273494,1.0002923827355021
4857.392696,1.0006778396295195
4857.511898,1.0003602248653998
4857.6311,1.0005529027944324
4857.750302,1.0005131316070037
4857.869504,0.9998839367358618
4857.988706,0.9994505709914263
4858.107908,1.0000219962419137
4858.22711,0.9997514308984194
4858.346312,1.0002105821693128
4858.465514,1.0001240276907981
4858.584716,1.0001578524573882
4858.703918,0.998455493978988
4858.82312,1.0000893689931705
4858.942322,1.0006252453844575
4859.061524,0.9999156965537352
4859.180726,1.0002170735570555
4859.299928,0.9999851221106769
4859.41913,0.9995034133399898
4859.538332,0.999429572755517
4859.657534,0.9999026017435182
4859.776736,0.9985773129800614
4859.895938,0.999995445010374
4860.01514,1.0000671742560894
4860.134342,0.9999045685538702
4860.253544,1.0002069514114893
4860.372746,0.9995226839515671
4860.491948,1.000474282436365
4860.61115,0.9997550899953527
4860.730352,1.0001482109821624
4860.849554,1.0003623356277012
4860.968756,0.9998583300361372
4861.087958,0.9996719638156384
4861.20716,1.000188327731441
4861.326362,1.0001888778351726
4861.445564,1.000052308368035
4861.564766,1.0005143122131956
4861.683968,0.9994987956448871
4861.80317,0.9998846866490956
4861.922372,1.0000096809468602
4862.041574,1.0003105482101147
4862.160776,0.9991172098886671
4862.279978,1.0001033353387283
4862.39918,0.9989811194116689
4862.518382,0.99994736538525
4862.637584,0.999619832282067
4862.756786,1.000109636009588
4862.875988,0.9992232818018665
4862.99519,1.0013618264446236
4863.114392,1.0010398402593927
4863.233594,1.0010571583984307
4863.352796,1.0011788943502877
4863.471998,0.9997597688601224
4863.5912,1.0003744200777056
4863.710402,1.0002803292849123
4863.829604,0.9984582896582851
4863.948806,0.9999096120852338
4864.068008,1.0005567249138212
4864.18721,0.9990877663383445
4864.306412,1.000585611403444
4864.425614,0.9993600248714957
4864.544816,1.0004506415083898
4864.664018,0.9995403956504519
4864.78322,1.0000527013886693
4864.902422,1.0011968156128914
4865.021624,0.9996807009867835
4865.140826,0.9999782662361817
4865.260028,1.0000581676916747
4865.37923,0.9998189563903725
4865.498432,0.9997962307637716
4865.617634,1.000673176481652
4865.736836,1.000295453637831
4865.856038,0.9992697567574698
4865.97524,1.0004478902729086
4866.094442,1.00049252124878
4866.213644,0.9992652100904202
4866.332846,1.0003759806630181
4866.452048,0.9995057821658865
4866.57125,0.9996130448864491
4866.690452,0.99914510563059
4866.809654,1.0002536721693445
4866.928856,0.9990714213961892
4867.048058,1.0000149621119312
4867.16726,0.9998471116886093
4867.286462,1.000456464148067
4867.405664,1.0011276353031398
4867.524866,0.9995534297421933
4867.644068,0.9997672170981451
4867.76327,0.9995770394730337
4867.882472,1.0001336889355694
4868.001674,1.0001157466981323
4868.120876,1.0014462448047767
4868.240078,0.9995296306583603
4868.35928,1.0000600878052
4868.478482,0.9990707320371464
4868.597684,1.0006483801075672
4868.716886,0.9998772075396114
4868.836088,0.999310967491998
4868.95529,0.9997437728317893
4869.074492,1.0010433439049649
4869.193694,0.9986822689709963
4869.312896,1.0003441291988717
4869.432098,0.9996705342857523
4869.5513,0.9992280481082882
4869.670502,0.9993220099391982
4869.789704,0.9994803250778121
4869.908906,1.0007319577504274
4870.028108,0.9998421324623913
4870.14731,1.0003218217735192
4870.266512,0.9998983351682192
4870.385714,0.999627389436565
4870.504916,0.999682790321632
4870.624118,1.0002156832562896
4870.74332,1.0004764534679136
4870.862522,1.0002128726541686
4870.981724,0.9997203890984165
4871.100926,1.0000058320170062
4871.220128,0.9999917571339726
4871.33933,1.0004062224860164
4871.458532,1.0000316695014682
4871.577734,0.9999803041939649
4871.696936,0.9996589181816335
4871.816138,1.0001368493630198
4871.93534,0.999581677521257
4872.054542,1.0005102101129248
4872.173744,0.9997423531966397
4872.292946,1.0007644420369932
4872.412148,0.9999860480973287
4872.53135,0.9990614207413144
4872.650552,1.000008151333222
4872.769754,1.0006744673508823
4872.888956,1.000118347002454
4873.008158,1.0002804393157547
4873.12736,1.0003386973449977
4873.246562,1.0000098897489031
4873.365764,1.000833016765905
4873.484966,1.0005900540134212
4873.604168,0.9998652590783734
4873.72337,1.0004706507213115
4873.842572,1.0009966763521012
4873.961774,1.0001908482092028
4874.080976,0.9978226738209925
4874.200178,1.0002684860359259
4874.31938,1.00068877709808
4874.438582,0.9999602137914921
4874.557784,1.0006670723938929
4874.676986,1.0001524616210917
4874.796188,0.9993868680422658
4874.91539,1.0002895819207516
4875.034592,0.9996259699666799
4875.153794,0.9989129912225228
4875.272996,0.9991392406660337
4875.392198,0.9994694707804207
4875.5114,0.9993381491199822
4875.630602,1.0004337840571047
4875.749804,0.9997600387952965
4875.869006,1.0000265253517908
4875.988208,0.9995729212241146
4876.10741,0.9998195762783177
4876.226612,1.0001999499873344
4876.345814,0.999897015303288
4876.465016,0.9998744778785608
4876.584218,0.9993461938244625
4876.70342,0.9994789657854943
4876.822622,1.0002088918148573
4876.941824,1.0001629232705547
4877.061026,1.0003307947005042
4877.180228,1.0000290474218683
4877.29943,0.9988589514914855
4877.418632,1.0005054176804964
4877.537834,0.9996799712201382
4877.657036,1.0003730595694194
4877.776238,0.9998217158945003
4877.89544,0.9991876801105838
4878.014642,1.0008092772882986
4878.133844,0.9997719760014246
4878.253046,0.9994935382950488
4878.372248,1.0000463590745488
4878.49145,1.000957488099337
4878.610652,0.9999508462080872
4878.729854,0.9999025657470252
4878.849056,0.9994507808760683
4878.968258,1.0001203172375384
4879.08746,1.0005586259734045
4879.206662,0.9994135020571959
4879.325864,1.0001262379673417
4879.445066,1.0000741227469552
4879.564268,0.9989251780353551
4879.68347,1.0001001950191857
4879.802672,0.9984783588716022
4879.921874,1.0002678858750143
4880.041076,1.0005192347557212
4880.160278,1.0004920610223262
4880.27948,0.9994721993358004
4880.398682,0.9998038692361535
4880.517884,1.0002381983647264
4880.637086,0.9996488016845712
4880.756288,0.9994147213424122
4880.87549,1.0008540144628617
4880.994692,0.9992651101639042
4881.113894,1.00055217239108
4881.233096,1.0006371228766129
4881.352298,1.000128238221818
4881.4715,1.0000467680935932
4881.590702,0.9993872777909658
4881.709904,0.999307399958212
4881.829106,0.9999947403138322
4881.948308,1.0006411854715789
4882.06751,0.999919552236095
4882.186712,1.0010527537566238
4882.305914,1.000091819215126
4882.425116,1.0000601958116953
4882.544318,1.0003900460481856
4882.66352,1.000819575668747
4882.782722,0.9996544597128009
4882.901924,0.9995792385449395
4883.021126,1.0001129963836104
4883.140328,1.0000430039246422
4883.25953,1.0006161597484782
4883.378732,1.0010300301170278
4883.497934,0.9999416177043126
4883.617136,1.0009067608592792
4883.736338,0.9986135619944382
4883.85554,1.0002740275386883
4883.974742,1.0004024309536181
4884.093944,0.9994220470791684
4884.213146,1.0000402638105654
4884.332348,0.9993240985243815
4884.45155,0.9987248137418516
4884.570752,0.9991026228838882
4884.689954,0.9995373270661475
4884.809156,1.0011393485649953
4884.928358,0.9994827338282981
4885.04756,0.9998723281507443
4885.166762,0.9996753127223267
4885.285964,1.0006513320246426
4885.405166,1.0005148825065162
4885.524368,0.999817816597412
4885.64357,1.0008589887196746
4885.762772,0.9985936897822837
4885.881974,1.0002049610016364
4886.001176,0.9993674101693681
4886.120378,1.0008994042216226
4886.23958,1.000577686796783
4886.358782,0.9996574586806785
4886.477984,0.9997067030199712
4886.597186,1.0000125210783881
4886.716388,0.9989773232906278
4886.83559,0.9998331139270302
4886.954792,1.0001226275181394
4887.073994,0.9992081137075748
4887.193196,1.0009588894408012
4887.312398,0.9996347767102689
4887.4316,1.0013209717155467
4887.550802,0.9997860128985065
4887.670004,0.9993055912134551
4887.789206,1.0001442704059742
4887.908408,0.9997079726482903
4888.02761,0.9994758973897794
4888.146812,1.0011813973006523
4888.266014,0.9998960654015746
4888.385216,0.9999432986075847
4888.504418,1.0000662361935198
4888.62362,1.0000050629128165
4888.742822,1.0001654036776801
4888.862024,0.9994457236679117
4888.981226,0.9998137773415923
4889.100428,1.0009702503886697
4889.21963,0.9994313617360534
4889.338832,1.0004361650923443
4889.458034,1.000550781624527
4889.577236,1.0005044571957564
4889.696438,1.0017606481240402
4889.81564,1.000607094207138
4889.934842,0.9982608141395634
4890.054044,1.0011441540454016
4890.173246,1.0002177036940103
4890.292448,1.0001751753414085
4890.41165,0.9986176563184357
4890.530852,0.9992832369974124
4890.650054,0.9983271008583169
4890.769256,1.000694921346034
4890.888458,1.0008112989250806
4891.00766,1.0003769410244205
4891.126862,1.0001360892593032
4891.246064,0.9996206619668722
4891.365266,1.0001410099409673
4891.484468,0.9993153744630819
4891.60367,1.0007930743172626
4891.722872,0.9986355317344683
4891.842074,0.999490309936134
4891.961276,1.0001179069504782
4892.080478,0.9998043891343007
4892.19968,0.999831034276316
4892.318882,0.999487501372309
4892.438084,1.000321651718824
4892.557286,0.999905586457239
4892.676488,0.9998599398093444
4892.79569,0.9994168900747106
4892.914892,0.9986176563184357
4893.034094,0.9997234082585505
4893.153296,1.0009962559335854
4893.272498,1.0008506716160361
4893.3917,0.9994774565733955
4893.510902,0.9995192655898334
4893.630104,0.9993627331408328
4893.749306,1.0003799221521466
4893.868508,1.000479895112833
4893.98771,0.998877730216293
4894.106912,0.9993781834081173
4894.226114,0.9989517497984937
4894.345316,0.9991717831610537
4894.464518,0.9985053181512403
4894.58372,1.0005259382570508
4894.702922,1.0002648950785067
4894.822124,0.9996073770965528
4894.941326,1.0005187445014163
4895.060528,0.9996876687855522
4895.17973,0.9994874813825592
4895.298932,0.9992748830244708
4895.418134,0.9993994603961349
4895.537336,0.9992824275783183
4895.656538,0.9993307040785041
4895.77574,0.9996054878403954
4895.894942,1.0008690974465098
4896.014144,0.9998750878021783
4896.133346,0.9994812146156973
4896.252548,1.000367017334387
4896.37175,0.9994636239011188
4896.490952,0.9990549068820864
4896.610154,1.0005053876653343
4896.729356,0.99998221415817
4896.848558,0.9997113616640619
4896.96776,0.999901182882733
4897.086962,1.0005395655131313
4897.206164,1.0008756031167865
4897.325366,1.0000096732467856
4897.444568,0.9994424155080415
4897.56377,0.9986418231581362
4897.682972,1.0000232772709114
4897.802174,0.9997126512925503
4897.921376,1.000728515238414
4898.040578,1.0007254430065882
4898.15978,0.9997141808540768
4898.278982,1.00029030212951
4898.398184,0.9993817312069658
4898.517386,0.9996357063710436
4898.636588,0.9994849127030329
4898.75579,1.0001151266265615
4898.874992,0.9991603826760478
4898.994194,0.9994918091727233
4899.113396,1.000375580512706
4899.232598,0.9998618195477983
4899.3518,0.9993253376870319
4899.471002,0.9997511009805017
4899.590204,1.00095187274358
4899.709406,0.9987503814243484
4899.828608,0.9993455142692818
4899.94781,1.000331394899161
4900.067012,1.0011337422003412
4900.186214,1.0003277536995105
4900.305416,0.9991749705241258
4900.424618,0.9995766196507652
4900.54382,0.999822275794818
4900.663022,0.9996972458392932
4900.782224,1.0002523918454636
4900.901426,1.0007611995654537
4901.020628,0.9994798553221698
4901.13983,1.0001563622232983
4901.259032,1.001212134041356
4901.378234,1.000797587904206
4901.497436,1.0007597684779617
4901.616638,1.0000846065789348
4901.73584,1.0001751053291488
4901.855042,0.9992434063614156
4901.974244,0.9990863276529969
4902.093446,0.9998506511536495
4902.212648,1.000431252962833
4902.33185,1.0003264232644828
4902.451052,1.000684624248272
4902.570254,1.0007214701344656
4902.689456,1.0002581333106708
4902.808658,0.9998930457200169
4902.92786,1.0004061424535218
4903.047062,0.9997920216305003
4903.166264,0.9994697406372143
4903.285466,1.000209181875478
4903.404668,0.9997563996753784
4903.52387,0.9999468084147225
4903.643072,0.9998931257114637
4903.762274,1.0002978743557578
4903.881476,0.9998553204670932
4904.000678,0.9997128112465873
4904.11988,1.0001292983583123
4904.239082,0.999939208847857
4904.358284,1.0006406851511112
4904.477486,0.9989811194116689
4904.596688,1.0006712251708605
4904.71589,1.000133528914192
4904.835092,0.9994530896100386
4904.954294,0.9992935796324384
4905.073496,1.0004083433494562
4905.192698,0.9992342033720228
4905.3119,1.0001248977990806
4905.431102,0.9984989277376535
4905.550304,0.9992650102373981
4905.669506,1.000082902436217
4905.788708,1.00015829252694
4905.90791,1.00061683016153
4906.027112,1.0010646663552734
4906.146314,0.9996348666774029
4906.265516,1.0011278355286868
4906.384718,1.000811739282149
4906.50392,1.0007952060087812
4906.623122,0.9992993056010546
4906.742324,1.0002195240918876
4906.861526,0.9999217480618426
4906.980728,1.0004757431298836
4907.09993,0.9996049980338263
4907.219132,0.9995124289014382
4907.338334,1.0007166366614375
4907.457536,1.0000102080521018
4907.576738,1.0007807646381532
4907.69594,0.9999206301499532
4907.815142,1.0004706507213115
4907.934344,1.0006191315828858
4908.053546,1.000246390349117
4908.172748,1.0013406979329922
4908.29195,1.0009009456078921
4908.411152,0.9995558286733034
4908.530354,0.9990729899395522
4908.649556,0.9999215080806519
4908.768758,0.9997929514375128
4908.88796,0.9992194547840259
4909.007162,0.999182764119291
4909.126364,1.0006724559972242
4909.245566,1.0005298203052224
4909.364768,0.9996327274610771
4909.48397,1.0000147471087375
4909.603172,0.9995302703575286
4909.722374,0.9993018538175329
4909.841576,0.9998659189896623
4909.960778,1.0004361650923443
4910.07998,0.9997465421258754
4910.199182,1.00014438042185
4910.318384,0.9998301944186
4910.437586,1.000762280388133
4910.556788,1.000566250259183
4910.67599,0.9990125078915513
4910.795192,0.9993815113430091
4910.914394,0.9991633302035242
4911.033596,0.9994270042248156
4911.152798,1.0000439759669144
4911.272,1.0000529224003407
4911.391202,0.999786772736165
4911.510404,1.0000104450545493
4911.629606,1.0010500509178375
4911.748808,0.9993837999292905
4911.86801,0.9997449925199361
4911.987212,1.0015510015606661
4912.106414,0.999652180503231
4912.225616,0.999366370827802
4912.344818,1.0002285461126843
4912.46402,0.9997949810192642
4912.583222,0.9996612873760772
4912.702424,0.9998197262512654
4912.821626,0.9998110878461486
4912.940828,0.9988249908644687
4913.06003,1.0007585375442034
4913.179232,1.0001510414056047
4913.298434,1.0001438203411537
4913.417636,1.0000597977878165
4913.536838,1.0001460006570586
4913.65604,0.9996857593839283
4913.775242,0.9996193924494375
4913.894444,1.000004009708039
4914.013646,1.0004839770791323
4914.132848,1.0004186976293932
4914.25205,1.0001184170107407
4914.371252,0.9995216144628675
4914.490454,0.9993499213927174
4914.609656,1.0001176069151512
4914.728858,0.9997387741254219
4914.84806,0.999986552090424
4914.967262,1.000015054113312
4915.086464,1.000221544537367
4915.205666,0.9998365033670314
4915.324868,1.000631109065576
4915.44407,1.000398589415659
4915.563272,0.9999310013805143
4915.682474,1.0001103360865784
4915.801676,0.9994031182048537
4915.920878,1.000321241587031
4916.04008,1.000973994024407
4916.159282,1.0006897177459724
4916.278484,1.0012217457239787
4916.397686,1.0005491907500488
4916.516888,1.0010777803882993
4916.63609,1.0005061180345338
4916.755292,0.9994754776099906
4916.874494,1.0008175139825446
4916.993696,0.9982070093317338
4917.112898,0.9998050190112643
4917.2321,0.9998203261432811
4917.351302,0.9996503011588983
4917.470504,0.9984832514275473
4917.589706,1.000159062649122
4917.708908,1.0001205972712663
4917.82811,1.0000325575299849
4917.947312,1.0012038240151302
4918.066514,1.000512631350563
4918.185716,0.9998685686378583
4918.304918,0.9998513910434051
4918.42412,0.99989200583179
4918.543322,0.9987105320791293
4918.662524,0.9997498013049152
4918.781726,0.9991200074207713
4918.900928,1.0013731418971945
4919.02013,0.9998261651110355
4919.139332,0.9996175031705712
4919.258534,0.9992924404384069
4919.377736,1.0001813664449053
4919.496938,0.9996308181643911
4919.61614,0.999414861260483
4919.735342,0.9999899490505111
4919.854544,0.999976998264544
4919.973746,0.9990922722343315
4920.092948,1.000855415659463
4920.21215,0.9994519202506079
4920.331352,0.9990400010940732
4920.450554,1.0003153897248844
4920.569756,1.0001798961793773
4920.688958,0.999193335528858
4920.80816,1.0007930543014014
4920.927362,1.0000562465817797
4921.046564,0.9973808360109628
4921.165766,0.9998699184613371
4921.284968,0.9998585700021653
4921.40417,0.9997302663846546
4921.523372,0.9998186964374777
4921.642574,1.0001300584568678
4921.761776,0.9999987022008422
4921.880978,0.9992478230270325
4922.00018,0.9991787174372908
4922.119382,0.9995425946417412
4922.238584,1.0015405854844135
4922.357786,0.9983050380731826
4922.476988,1.001248678951189
4922.59619,1.0001344290347731
4922.715392,0.9996628968320455
4922.834594,1.0015629200884997
4922.953796,0.9990025178164228
4923.072998,1.000104035411308
4923.1922,1.0006967125915465
4923.311402,0.9995756700534276
4923.430604,1.0007882304905051
4923.549806,0.9998398428265296
4923.669008,1.0000291884259738
4923.78821,0.9996759925017704
4923.907412,1.0002974042158674
4924.026614,0.9990255750606136
4924.145816,1.0005120510534051
4924.265018,0.9995092404618756
4924.38422,1.0005412264101885
4924.503422,1.0008435856183655
4924.622624,1.0004050920276237
4924.741826,1.000333255517286
4924.861028,0.9995000450191625
4924.98023,0.9998399228137202
4925.099432,0.9995178862541986
4925.218634,0.998481154614921
4925.337836,0.9995864855206892
4925.457038,0.9992863048016591
4925.57624,1.0002506013952845
4925.695442,0.9991947443924544
4925.814644,0.9993955227700181
4925.933846,0.9993231491669389
4926.053048,0.9990713814333332
4926.17225,0.9997902619980906
4926.291452,1.0003603249014275
4926.410654,1.000108515887423
4926.529856,1.0011605729441624
4926.649058,0.999962111717779
4926.76826,0.9998166368130844
4926.887462,0.9987324040792793
4927.006664,1.0003119486458625
4927.125866,1.000500325120881
4927.245068,0.999821865867769
4927.36427,0.9985634328518781
4927.483472,0.9992917309410261
4927.602674,0.9995126487941968
4927.721876,0.9994702003934007
4927.841078,0.9989250781428423
4927.96028,1.00040164063601
4928.079482,1.0010033029720327
4928.198684,0.9994335504931323
4928.317886,0.9993183824068861
4928.437088,0.9998145372003517
4928.55629,0.9993473830471408
4928.675492,0.999996003507986
4928.794694,1.000191658364118
4928.913896,0.9998282447516218
4929.033098,0.9998926357639522
4929.1523,0.9983541558893442
4929.271502,0.9992180458855879
4929.390704,1.000410084061488
4929.509906,1.0003652466863335
4929.629108,0.9989434585333791
4929.74831,0.9996268196491155
4929.867512,0.9995796683641044
4929.986714,1.0003952680978556
4930.105916,0.9994771767197468
4930.225118,0.9993124364801999
4930.34432,0.9998168867672749
4930.463522,0.9994397669891496
4930.582724,1.0000680103125965
4930.701926,0.999912181856239
4930.821128,0.9998520809411029
4930.94033,1.0001361492674703
4931.059532,0.9995474724215049
4931.178734,0.9989007046682932
4931.297936,0.9991500913771065
4931.417138,1.0001931586527306
4931.53634,0.9998340637689396
4931.655542,1.0001454205725464
4931.774744,0.9998635393116069
4931.893946,0.9992579054884327
4932.013148,0.9995047126952717
4932.13235,0.9996225712441599
4932.251552,0.9982566214529486
4932.370754,1.0006582665624015
4932.489956,1.000654484081303
4932.609158,0.9994115432086516
4932.72836,0.9999872750809625
4932.847562,0.9993164737105984
4932.966764,1.0001442904088598
4933.085966,0.9988512603071701
4933.205168,0.9998341737506926
4933.32437,1.0001504413151598
4933.443572,0.9991986012916115
4933.562774,0.9994528197577409
4933.681976,0.9979719592592685
4933.801178,0.99924711356133
4933.92038,0.9989046003886379
4934.039582,0.9998074185461893
4934.158784,1.0005441279839524
4934.277986,1.0002937431340677
4934.397188,0.9996461426222952
4934.51639,0.9999307903950952
4934.635592,1.0009536444299627
4934.754794,0.9997687867339081
4934.873996,1.0001020252042172
4934.993198,1.000118236989442
4935.1124,0.9996420240886718
4935.231602,1.0003051065355337
4935.350804,0.9992900621252289
4935.470006,1.0002336472912774
4935.589208,0.999544993546847
4935.70841,1.000555444202033
4935.827612,1.0001397497640887
4935.946814,1.0000652591292842
4936.066016,1.0014455437926506
4936.185218,0.9999175433997324
4936.30442,1.0003119486458625
4936.423622,0.9993995403480949
4936.542824,1.0001818665357136
4936.662026,0.9994927886751762
4936.781228,0.9988606495531464
4936.90043,0.9999868320866977
4937.019632,0.9997034639755007
4937.138834,0.9997974705118663
4937.258036,0.9997498113024134
4937.377238,0.9993892365919499
4937.49644,0.9993262270869783
4937.615642,1.000128978316988
4937.734844,1.0003798821369505
4937.854046,1.001301746537452
4937.973248,1.0001821865939622
4938.09245,0.9997666572286603
4938.211652,1.0010686706219474
4938.330854,1.0004391664053416
4938.450056,0.9987237151451608
4938.569258,0.9995320695136345
4938.68846,1.0007140247944244
4938.807662,0.9994045873285172
4938.926864,1.0016958363067916
4939.046066,0.9992565165209095
4939.165268,0.9999984435012114
4939.28447,0.9993832002991905
4939.403672,1.0001653836743722
4939.522874,1.0000506882846076
4939.642076,0.9993142652236319
4939.761278,0.9999579428844253
4939.88048,0.9993662908784955
4939.999682,0.99992798159345
4940.118884,1.00009405942331
4940.238086,0.9996450430121431
4940.357288,0.9993094885128605
4940.47649,0.999954196049033
4940.595692,0.9986643927183747
4940.714894,1.0003958483272792
4940.834096,0.9995913935023821
4940.953298,1.0002543623446165
4941.0725,0.9989691317101623
4941.191702,0.9994809347609963
4941.310904,1.0006088452710848
4941.430106,1.0006007803962935
4941.549308,0.999848531472516
4941.66851,1.0003681077350304
4941.787712,0.9999179633651888
4941.906914,0.9994682614230928
4942.026116,1.0006982336517056
4942.145318,0.9996608475252075
4942.26452,0.999378113451647
4942.383722,0.9996954763767341
4942.502924,1.0001849170950585
4942.622126,0.9996415142713695
4942.741328,1.0001806663181938
4942.86053,0.9993868280667919
4942.979732,0.999953889063142
4943.098934,1.0005610673394305
4943.218136,0.9997241080651813
4943.337338,1.0002344774855492
4943.45654,0.9999821421594531
4943.575742,1.0011150211744042
4943.694944,1.0000872878093592
4943.814146,1.0007292757923745
4943.933348,1.0004046918656668
4944.05255,0.9982897641229461
4944.171752,1.002235294554188
4944.290954,1.00079170323169
4944.410156,1.000024035288843
4944.529358,0.9994743581980825
4944.64856,0.9999414927116181
4944.767762,0.9996406345872241
4944.886964,1.0005868821479773
4945.006166,0.9998376631780481
4945.125368,0.9991236142505084
4945.24457,0.9988544566363172
4945.363772,0.9992720051169519
4945.482974,1.0005878227000886
4945.602176,1.0008310651434251
4945.721378,1.0000577196657159
4945.84058,0.9991568456545536
4945.959782,1.0009237864280836
4946.078984,0.9981240617757771
4946.198186,1.0007651725953026
4946.317388,0.9995835967199203
4946.43659,1.0003616953960113
4946.555792,1.0002980944213145
4946.674994,1.0005760258392016
4946.794196,1.0000140740990393
4946.913398,1.0005995296460997
4947.0326,1.000158182509534
4947.151802,1.0002009201817565
4947.271004,0.9999818161653279
4947.390206,0.9994626844057539
4947.509408,1.0000294374332728
4947.62861,0.9999295084846437
4947.747812,1.0000731646764045
4947.867014,1.000320771436158
4947.986216,0.9999008459160912
4948.105418,0.9999917082343769
4948.22462,1.0005611073618739
4948.343822,1.0008597693899903
4948.463024,1.0001522415875745
4948.582226,0.9990483531033937
4948.701428,0.9992365515751599
4948.82063,1.000056831614855
4948.939832,0.9999782062374875
4949.059034,1.0019244493803963
4949.178236,0.9999283695655821
4949.297438,0.9993813414481666
4949.41664,1.0002157932800209
4949.535842,1.0014258155097622
4949.655044,0.999769526563084
4949.774246,0.9996468323783716
4949.893448,0.9991744509532763
4950.01265,0.9998952454871372
4950.131852,0.998795925480138
4950.251054,1.0003150396145593
4950.370256,1.0002971241326335
4950.489458,0.9994162304597808
4950.60866,1.0024997191009557
4950.727862,0.9996719438221994
4950.847064,0.9993692090323254
4950.966266,1.0005444281472358
4951.085468,1.0003067570403212
4951.20467,0.9996093463250253
4951.323872,1.000936268025523
4951.443074,1.0002159733188798
4951.562276,0.9988948111715215
4951.681478,0.9991996704346868
4951.80068,0.9993824407682469
4951.919882,0.9996469323430598
4952.039084,0.9993676500175753
4952.158286,1.000050068253373
4952.277488,0.9997657374437587
4952.39669,1.0006773693110453
4952.515892,1.0002164734269914
4952.635094,1.0001022252246423
4952.754296,1.0000422098908124
4952.873498,1.0002293162889613
4952.9927,1.0007829563504278
4953.111902,1.000886182427823
4953.231104,0.9996760124952905
4953.350306,1.000488499276929
4953.469508,0.9994052469357626
4953.58871,1.0003691481184034
4953.707912,1.0000153191173364
4953.827114,0.9995517804803948
4953.946316,0.9997347651809756
4954.065518,0.9991552170302226
4954.18472,1.0000799461955268
4954.303922,1.0012680032371715
4954.423124,1.0000260593395387
4954.542326,0.9998103679824244
4954.661528,1.001702147010439
4954.78073,1.0003348560517753
4954.899932,0.998740793466709
4955.019134,0.9990691535066367
4955.138336,1.0002721970388928
4955.257538,0.9990112691168095
4955.37674,0.9994697006584254
4955.495942,0.9994351495880923
4955.615144,1.0003757305690542
4955.734346,1.0002800492064594
4955.853548,1.0007391230168967
4955.97275,1.0000081187329568
4956.091952,1.0002631346138406
4956.211154,1.0006586167928562
4956.330356,1.000803472611324
4956.449558,0.9990635187725009
4956.56876,0.9999571579177482
4956.687962,1.0006216231276255
4956.807164,0.9993222597697319
4956.926366,1.0007078704220966
4957.045568,1.0007806845756952
4957.16477,1.0002791489548202
4957.283972,0.999882956850084
4957.403174,1.000867365944469
4957.522376,1.0004586151317774
4957.641578,0.9993326427819506
4957.76078,1.000147350855071
4957.879982,0.9998164468479415
4957.999184,1.0001208873062817
4958.118386,1.0010658676335937
4958.237588,0.9995641749993187
4958.35679,1.0006246650219834
4958.475992,0.9999482433394222
4958.595194,0.9998282447516218
4958.714396,1.0002828199860332
4958.833598,1.0002579232564848
4958.9528,1.0008234288315305
4959.072002,0.9994594661410915
4959.191204,1.0014873049425408
4959.310406,1.0010661679533992
4959.429608,1.0006900980081375
4959.54881,0.9994751877621442
4959.668012,0.9979412221962766
4959.787214,0.9992018686763798
4959.906416,1.001520855329222
4960.025618,1.0001148565955138
4960.14482,1.0001827566979709
4960.264022,0.9996800312009383
4960.383224,1.0009439752644596
4960.502426,1.001045846516453
4960.621628,1.002512150174545
4960.74083,1.001851111194912
4960.860032,1.0020111195937005
4960.979234,0.9996262398657282
4961.098436,0.999920920126978
4961.217638,1.0003329654206838
4961.33684,1.0011982172894145
4961.456042,1.000947208318721
4961.575244,1.0011033081971774
4961.694446,1.0005144722954984
4961.813648,0.9996657258820466
4961.93285,1.0006982936936013
4962.052052,1.0005953271369006
4962.171254,0.9997678869424049
4962.290456,1.0007896816344914
4962.409658,1.0003238924418336
4962.52886,1.0005585059063766
4962.648062,1.0008829495706748
4962.767264,0.9992907816143327
4962.886466,1.0005143222183388
4963.005668,1.0007930242776102
4963.12487,1.0009365082502562
4963.244072,1.0005124212429326
4963.363274,1.0002709967129766
4963.482476,1.0005138719869953
4963.601678,0.9999582578712269
4963.72088,0.9995317196774715
4963.840082,1.0012848246809256
4963.959284,1.000626516179326
4964.078486,1.0004015806119133
4964.197688,1.0004387462209798
4964.31689,0.9991826342255401
4964.436092,1.000412525065071
4964.555294,0.9998763576443461
4964.674496,1.0008026519528128
4964.793698,0.999734385281837
4964.9129,1.0009517326103274
4965.032102,1.001664583884239
4965.151304,1.0004215088098831
4965.270506,1.0008498509188217
4965.389708,1.0025535547813464
4965.50891,1.0025756112021713
4965.628112,1.0006675126875018
4965.747314,0.9990835302151959
4965.866516,0.9991762594606692
4965.985718,1.0013137622305046
4966.10492,1.00093211414863
4966.224122,0.9993140253882371
4966.343324,1.0002079716231
4966.462526,0.9997319059436358
4966.581728,1.0004818360457124
4966.70093,0.9995297705925185
4966.820132,1.0009847345329854
4966.939334,1.001960318917745
4967.058536,1.0007843274240171
4967.177738,1.0013130613111163
4967.29694,1.0006398045876959
4967.416142,1.0011677813262378
4967.535344,1.0016825138407632
4967.654546,1.0010449455755965
4967.773748,1.000175455390497
4967.89295,0.9997580292796381
4968.012152,1.0004688798898267
4968.131354,0.9997636079450058
4968.250556,0.9996582484103828
4968.369758,1.0000129860843185
4968.48896,1.0003814727422278
4968.608162,1.000606613915848
4968.727364,1.0000133300888447
4968.846566,1.0001468107756473
4968.965768,0.9998835967753812
4969.08497,1.0010219218066227
4969.204172,1.0002749978049656
4969.323374,1.001933366547677
4969.442576,1.0007659331771228
4969.561778,1.000489129584882
4969.68098,1.0016602767357887
4969.800182,1.0009924221252668
4969.919384,1.000182496650488
4970.038586,1.0014714815681276
4970.157788,1.0006018310276645
4970.27699,1.0004531226290574
4970.396192,1.0014314235100314
4970.515394,1.0005102101129248
4970.634596,1.00003026645802
4970.753798,0.9995727313052776
4970.873,0.9996511008794591
4970.992202,0.999833253903676
4971.111404,0.99982753487382
4971.230606,1.0006011105946055
4971.349808,1.0005357534646486
4971.46901,1.0007232914491986
4971.588212,1.0018922881217622
4971.707414,0.9995479921863256
4971.826616,1.0016735989060617
4971.945818,1.0015581125980213
4972.06502,1.0001803762658428
4972.184222,0.9996423039884778
4972.303424,1.002183480328869
4972.422626,1.0011122180562693
4972.541828,1.0000806432514922
4972.66103,1.0005642391230412
4972.780232,0.9996970958847176
4972.899434,1.0009892489843182
4973.018636,1.0005534530986802
4973.137838,1.0005324617074347
4973.25704,1.001231858114678
4973.376242,1.0017033490537366
4973.495444,1.0008256906950357
4973.614646,1.0013436018252266
4973.733848,1.0013329876393027
4973.85305,1.0011639768958973
4973.972252,1.0006553346379758
4974.091454,1.0021182403078852
4974.210656,1.0017223815981773
4974.329858,1.0014582622318187
4974.44906,1.000985765547793
4974.568262,1.0006443675156083
4974.687464,1.000721610235481
4974.806666,1.0018338795039925
4974.925868,1.00120762859689
4975.04507,1.000731087114003
4975.164272,1.0013124605234598
4975.283474,1.0003395876468346
4975.402676,1.000615549372807
4975.521878,1.0006960321180132
4975.64108,1.0019607197019527
4975.760282,1.0006581564899983
4975.879484,1.0010515524940402
4975.998686,1.000614288598009
4976.117888,1.000689147352996
4976.23709,1.000706759636977
4976.356292,1.0005977685924774
4976.475494,0.999637465731435
4976.594696,1.001280018525302
4976.713898,1.0014153005939028
4976.8331,1.000421168666628
4976.952302,0.9999616067370402
4977.071504,1.0029465325184233
4977.190706,0.9999067783454085
4977.309908,1.0009454766815484
4977.42911,1.0011906082118776
4977.548312,1.0011965152538918
4977.667514,1.0010860893683589
4977.786716,1.000047056107104
4977.905918,1.0027677230930092
4978.02512,1.0018405918134714
4978.144322,0.9999142976726543
4978.263524,1.000811459054901
4978.382726,1.0009114951594549
4978.501928,1.000538494936369
4978.62113,1.0008801170759356
4978.740332,1.0016363373412516
4978.859534,1.001037437766659
4978.978736,1.001340798067067
4979.097938,1.0019670320743708
4979.21714,1.0013488088254945
4979.336342,1.0000488771944511
4979.455544,1.000326203192694
4979.574746,1.0005586960125108
4979.693948,1.001108513947915
4979.81315,1.0014510517582884
4979.932352,1.0010423428621216
4980.051554,1.0013108584248045
4980.170756,1.0008644133900944
4980.289958,1.000284970596408
4980.40916,1.0007483899040814
4980.528362,1.0006147989114265
4980.647564,1.0016293259114304
4980.766766,1.0009669672116328
4980.885968,1.0012803189093527
4981.00517,1.001469779068056
4981.124372,1.001504931274219
4981.243574,1.0010605619985553
4981.362776,1.0010263263127686
4981.481978,1.002460121144116
4981.60118,1.0024526027214016
4981.720382,1.0017769769556844
4981.839584,1.0007523428680285
4981.958786,1.0002676058000455
4982.077988,0.999950194240348
4982.19719,1.0022753847677692
4982.316392,1.0010856889340032
4982.435594,0.9997623482436535
4982.554796,0.9999662305702001
4982.673998,1.0009951948781164
4982.7932,1.0020573133710722
4982.912402,1.001456659899881
4983.031604,1.0014416381626459
4983.150806,1.0011162225131505
4983.270008,0.9998230856511894
4983.38921,1.0017128652807545
4983.508412,1.0002133727607299
4983.627614,1.0024108013194333
4983.746816,1.0003586442974932
4983.866018,1.002213045177618
4983.98522,1.001029629705096
4984.104422,1.0007374117544594
4984.223624,1.0015821502811746
4984.342826,0.9995215444963569
4984.462028,1.0012999441959305
4984.58123,1.0017978141335109
4984.700432,1.0010419424452646
4984.819634,1.0011502610433676
4984.938836,1.0013095567215347
4985.058038,1.0008601997597837
4985.17724,1.0012429718499842
4985.296442,1.0006687935427376
4985.415644,1.0010941981985235
4985.534846,1.0005677611153616
4985.654048,1.0005124412531812
4985.77325,1.0006207425809845
4985.892452,1.0014907100051662
4986.011654,1.0012877284111277
4986.130856,1.0009660363127864
4986.250058,1.0007528532518537
4986.36926,1.001811338495291
4986.488462,1.0016259203775115
4986.607664,1.0014900089619145
4986.726866,1.0005789075023057
4986.846068,1.0011491597786861
4986.96527,1.0010914952478374
4987.084472,1.0024573142597064
4987.203674,1.0014297210780585
4987.322876,1.0018711484175076
4987.442078,1.001322273433656
4987.56128,1.0006639202975796
4987.680482,1.0001878376392805
4987.799684,1.0010409414038226
4987.918886,1.0009801800628046
4988.038088,1.0014503507427974
4988.15729,1.0000650481155369
4988.276492,1.0015413867172025
4988.395694,0.9994583367525328
4988.514896,1.0014801944079181
4988.634098,1.000906931013443
4988.7533,1.001802422414055
4988.872502,1.0016189090206087
4988.991704,1.0008167733778583
4989.110906,1.0015543066844246
4989.230108,1.0005255780677778
4989.34931,1.0002844004341374
4989.468512,0.9999717104001583
4989.587714,1.0013482080163894
4989.706916,1.0018259650476065
4989.826118,1.0010334336249163
4989.94532,1.0018418942070872
4990.064522,1.0005463992217007
4990.183724,1.0017946083856348
4990.302926,1.0006822726421682
4990.422128,1.00041799733655
4990.54133,1.0007212099469172
4990.660532,1.0010121118398578
4990.779734,1.0031386151707276
4990.898936,1.0008715996223811
4991.018138,1.0025985704465503
4991.13734,1.0017846906681045
4991.256542,1.0006584366743214
4991.375744,1.0012175406014776
4991.494946,1.0011533646139874
4991.614148,1.0012300558989555
4991.73335,1.0013068531893814
4991.852552,1.000211742414261
4991.971754,1.0019262528460284
4992.090956,1.000219274037038
4992.210158,1.0007563158627162
4992.32936,1.0020217409678613
4992.448562,1.0010769795263954
4992.567764,1.0004268710835413
4992.686966,1.0019734446838964
4992.806168,1.0009725225937172
4992.92537,1.002122649637843
4993.044572,1.0030478352339085
4993.163774,1.0038865330575941
4993.282976,1.0007536838770665
4993.402178,1.0032274971894468
4993.52138,1.0017534354733393
4993.640582,1.0009610415047272
4993.759784,1.0019331661610238
4993.878986,1.002345245796716
4993.998188,1.0018580239914283
4994.11739,1.0011720863569533
4994.236592,1.0017401122412473
4994.355794,1.0013252774049823
4994.474996,1.0007073500541392
4994.594198,0.9990396314493412
4994.7134,1.0017217805649286
4994.832602,0.9996753527093399
4994.951804,1.000518124179987
4995.071006,1.0005494508928723
4995.190208,1.0018535156404642
4995.30941,1.0006149490036576
4995.428612,1.001203523654028
4995.547814,1.0012425713528756
4995.667016,1.0005705527033093
4995.786218,1.001437732547873
4995.90542,1.0004461895129408
4996.024622,1.0017075562166375
4996.143824,1.0023173809862056
4996.263026,1.0010635651847462
4996.382228,1.001949998779609
4996.50143,1.0013568196480083
4996.620632,1.0012094307722434
4996.739834,1.001907216428071
4996.859036,1.0006772092026792
4996.978238,1.0021250547350882
4997.09744,1.0023097634030569
4997.216642,1.0010401405713898
4997.335844,1.0030488382822453
4997.455046,1.0019046114726946
4997.574248,1.0015764412791888
4997.69345,1.0025782179021492
4997.812652,1.0020964945780124
4997.931854,1.0010091088080268
4998.051056,1.0024547078740778
4998.170258,1.0027480690382469
4998.28946,1.0008846911085223
4998.408662,1.0022737811284363
4998.527864,1.0022974350687863
4998.647066,1.0007407542229965
4998.766268,1.0001882677201432
4998.88547,1.0016026829257143
4999.004672,1.00118239848255
4999.123874,1.0015108401707447
4999.243076,1.0016201109640208
4999.362278,1.0020776553410038
4999.48148,1.0022424104500407
4999.600682,1.0015824507558648
4999.719884,1.001903509378228
4999.839086,1.003131593224998
4999.958288,1.002475458901303
